Light Intensity (% of scale max) Alessio_doubleslit_0.08_0.5_1.5_lampadina	Position (m) Alessio_doubleslit_0.08_0.5_1.5_lampadina
0.0000000000	0.0000000000
0.0000000000	0.0000000000
0.0000000000	0.0000000000
0.0000000000	0.0000000000
0.0000000000	0.0000000000
0.0000000000	0.0000000000
0.0000000000	0.0000000000
0.0000000000	0.0000000000
0.0000000000	0.0000000000
0.0000000000	0.0000000000
0.0000000000	0.0000000000
0.0000000000	0.0000000000
0.0000000000	0.0000000000
0.0000000000	-0.0000197000
0.0000000000	-0.0000197000
0.0000000000	-0.0000197000
0.0000000000	-0.0000197000
0.0000000000	-0.0000395000
0.0000000000	-0.0000395000
0.0000000000	-0.0000395000
0.0000000000	-0.0000395000
0.0000000000	-0.0002560000
0.0000000000	-0.0006110000
0.0000000000	-0.0008880000
0.0000000000	-0.0011000000
0.0000000000	-0.0019000000
0.0000000000	-0.0024000000
0.0000000000	-0.0024000000
0.0000000000	-0.0025000000
0.0000000000	-0.0024000000
0.0000000000	-0.0024000000
0.0000000000	-0.0024000000
0.0000000000	-0.0024000000
0.0000000000	-0.0024000000
0.0000000000	-0.0024000000
0.0000000000	-0.0024000000
0.0000000000	-0.0024000000
0.0000000000	-0.0024000000
0.0000000000	-0.0024000000
0.0000000000	-0.0024000000
0.0000000000	-0.0024000000
0.0000000000	-0.0027000000
0.0000000000	-0.0035000000
0.0000000000	-0.0040000000
0.0000000000	-0.0041000000
0.1000000000	-0.0042000000
0.1000000000	-0.0044000000
0.1000000000	-0.0045000000
0.0000000000	-0.0049000000
0.0000000000	-0.0052000000
0.0000000000	-0.0053000000
0.0000000000	-0.0053000000
0.0000000000	-0.0053000000
0.0000000000	-0.0053000000
0.0000000000	-0.0053000000
0.0000000000	-0.0053000000
0.0000000000	-0.0053000000
0.0000000000	-0.0053000000
0.0000000000	-0.0053000000
0.0000000000	-0.0053000000
0.0000000000	-0.0053000000
0.0000000000	-0.0053000000
0.0000000000	-0.0054000000
0.0000000000	-0.0059000000
0.0000000000	-0.0060000000
0.0000000000	-0.0062000000
0.0000000000	-0.0064000000
0.0000000000	-0.0069000000
0.0000000000	-0.0077000000
0.0000000000	-0.0078000000
0.0000000000	-0.0079000000
0.0000000000	-0.0079000000
0.0000000000	-0.0079000000
0.0000000000	-0.0079000000
0.0000000000	-0.0079000000
0.0000000000	-0.0079000000
0.0000000000	-0.0079000000
0.0000000000	-0.0079000000
0.0000000000	-0.0079000000
0.0000000000	-0.0079000000
0.0000000000	-0.0079000000
0.0000000000	-0.0079000000
0.0000000000	-0.0079000000
0.0000000000	-0.0079000000
0.0000000000	-0.0080000000
0.0000000000	-0.0084000000
0.0000000000	-0.0089000000
0.0000000000	-0.0092000000
0.0000000000	-0.0094000000
0.0000000000	-0.0095000000
0.0000000000	-0.0102000000
0.0000000000	-0.0107000000
0.1000000000	-0.0109000000
0.0000000000	-0.0109000000
0.0000000000	-0.0109000000
0.0000000000	-0.0109000000
0.0000000000	-0.0109000000
0.0000000000	-0.0109000000
0.0000000000	-0.0109000000
0.0000000000	-0.0109000000
0.0000000000	-0.0109000000
0.0000000000	-0.0109000000
0.0000000000	-0.0109000000
0.0000000000	-0.0109000000
0.0000000000	-0.0109000000
0.0000000000	-0.0111000000
0.1000000000	-0.0116000000
0.1000000000	-0.0119000000
0.1000000000	-0.0122000000
0.0000000000	-0.0126000000
0.1000000000	-0.0132000000
0.0000000000	-0.0138000000
0.0000000000	-0.0142000000
0.0000000000	-0.0144000000
0.0000000000	-0.0144000000
0.0000000000	-0.0144000000
0.0000000000	-0.0144000000
0.0000000000	-0.0144000000
0.0000000000	-0.0144000000
0.0000000000	-0.0144000000
0.0000000000	-0.0144000000
0.0000000000	-0.0144000000
0.0000000000	-0.0144000000
0.0000000000	-0.0144000000
0.0000000000	-0.0144000000
0.0000000000	-0.0144000000
0.0000000000	-0.0144000000
0.0000000000	-0.0146000000
0.0000000000	-0.0151000000
0.0000000000	-0.0151000000
0.0000000000	-0.0156000000
0.0000000000	-0.0157000000
0.0000000000	-0.0159000000
0.0000000000	-0.0165000000
0.0000000000	-0.0170000000
0.0000000000	-0.0173000000
0.0000000000	-0.0174000000
0.0000000000	-0.0174000000
0.0000000000	-0.0174000000
0.0000000000	-0.0174000000
0.0000000000	-0.0174000000
0.0000000000	-0.0174000000
0.0000000000	-0.0174000000
0.0000000000	-0.0174000000
0.0000000000	-0.0174000000
0.0000000000	-0.0174000000
0.0000000000	-0.0174000000
0.0000000000	-0.0174000000
0.0000000000	-0.0174000000
0.0000000000	-0.0174000000
0.0000000000	-0.0178000000
0.1000000000	-0.0184000000
0.1000000000	-0.0184000000
0.0000000000	-0.0188000000
0.0000000000	-0.0191000000
0.1000000000	-0.0191000000
0.1000000000	-0.0196000000
0.1000000000	-0.0201000000
0.1000000000	-0.0201000000
0.1000000000	-0.0201000000
0.1000000000	-0.0201000000
0.1000000000	-0.0201000000
0.1000000000	-0.0201000000
0.1000000000	-0.0201000000
0.1000000000	-0.0201000000
0.1000000000	-0.0201000000
0.1000000000	-0.0201000000
0.1000000000	-0.0201000000
0.1000000000	-0.0201000000
0.1000000000	-0.0201000000
0.1000000000	-0.0201000000
0.1000000000	-0.0203000000
0.1000000000	-0.0208000000
0.1000000000	-0.0213000000
0.1000000000	-0.0216000000
0.0000000000	-0.0221000000
0.0000000000	-0.0224000000
0.0000000000	-0.0226000000
0.0000000000	-0.0230000000
0.0000000000	-0.0231000000
0.0000000000	-0.0231000000
0.0000000000	-0.0231000000
0.0000000000	-0.0231000000
0.0000000000	-0.0231000000
0.0000000000	-0.0231000000
0.0000000000	-0.0231000000
0.0000000000	-0.0231000000
0.0000000000	-0.0231000000
0.0000000000	-0.0231000000
0.0000000000	-0.0231000000
0.0000000000	-0.0231000000
0.0000000000	-0.0231000000
0.0000000000	-0.0231000000
0.0000000000	-0.0236000000
0.0000000000	-0.0241000000
0.0000000000	-0.0244000000
0.0000000000	-0.0248000000
0.0000000000	-0.0252000000
0.0000000000	-0.0255000000
0.1000000000	-0.0258000000
0.1000000000	-0.0258000000
0.1000000000	-0.0258000000
0.1000000000	-0.0258000000
0.1000000000	-0.0258000000
0.1000000000	-0.0258000000
0.1000000000	-0.0258000000
0.1000000000	-0.0258000000
0.1000000000	-0.0258000000
0.1000000000	-0.0258000000
0.1000000000	-0.0258000000
0.1000000000	-0.0258000000
0.1000000000	-0.0258000000
0.1000000000	-0.0258000000
0.1000000000	-0.0258000000
0.1000000000	-0.0258000000
0.1000000000	-0.0261000000
0.1000000000	-0.0266000000
0.1000000000	-0.0267000000
0.1000000000	-0.0268000000
0.1000000000	-0.0273000000
0.1000000000	-0.0275000000
0.1000000000	-0.0279000000
0.1000000000	-0.0280000000
0.1000000000	-0.0280000000
0.1000000000	-0.0280000000
0.1000000000	-0.0280000000
0.1000000000	-0.0280000000
0.1000000000	-0.0280000000
0.1000000000	-0.0280000000
0.1000000000	-0.0280000000
0.1000000000	-0.0280000000
0.1000000000	-0.0280000000
0.1000000000	-0.0280000000
0.1000000000	-0.0280000000
0.1000000000	-0.0280000000
0.1000000000	-0.0280000000
0.1000000000	-0.0281000000
0.1000000000	-0.0286000000
0.1000000000	-0.0290000000
0.1000000000	-0.0293000000
0.1000000000	-0.0298000000
0.1000000000	-0.0301000000
0.1000000000	-0.0303000000
0.1000000000	-0.0303000000
0.1000000000	-0.0303000000
0.1000000000	-0.0303000000
0.1000000000	-0.0303000000
0.1000000000	-0.0303000000
0.1000000000	-0.0303000000
0.1000000000	-0.0303000000
0.1000000000	-0.0303000000
0.1000000000	-0.0303000000
0.1000000000	-0.0303000000
0.1000000000	-0.0303000000
0.0000000000	-0.0310000000
0.0000000000	-0.0313000000
0.0000000000	-0.0317000000
0.0000000000	-0.0322000000
0.0000000000	-0.0324000000
0.0000000000	-0.0329000000
0.0000000000	-0.0331000000
0.1000000000	-0.0332000000
0.1000000000	-0.0332000000
0.1000000000	-0.0332000000
0.1000000000	-0.0331000000
0.1000000000	-0.0331000000
0.1000000000	-0.0331000000
0.1000000000	-0.0331000000
0.1000000000	-0.0331000000
0.1000000000	-0.0331000000
0.1000000000	-0.0332000000
0.1000000000	-0.0332000000
0.1000000000	-0.0332000000
0.1000000000	-0.0332000000
0.1000000000	-0.0336000000
0.1000000000	-0.0341000000
0.1000000000	-0.0343000000
0.1000000000	-0.0347000000
0.1000000000	-0.0350000000
0.1000000000	-0.0355000000
0.1000000000	-0.0359000000
0.1000000000	-0.0361000000
0.1000000000	-0.0361000000
0.1000000000	-0.0361000000
0.1000000000	-0.0360000000
0.1000000000	-0.0360000000
0.1000000000	-0.0360000000
0.1000000000	-0.0360000000
0.1000000000	-0.0360000000
0.1000000000	-0.0360000000
0.1000000000	-0.0360000000
0.1000000000	-0.0361000000
0.1000000000	-0.0361000000
0.1000000000	-0.0363000000
0.1000000000	-0.0370000000
0.1000000000	-0.0373000000
0.1000000000	-0.0378000000
0.1000000000	-0.0379000000
0.1000000000	-0.0380000000
0.1000000000	-0.0385000000
0.0000000000	-0.0388000000
0.0000000000	-0.0392000000
0.0000000000	-0.0394000000
0.0000000000	-0.0394000000
0.0000000000	-0.0394000000
0.0000000000	-0.0394000000
0.0000000000	-0.0394000000
0.0000000000	-0.0394000000
0.0000000000	-0.0394000000
0.0000000000	-0.0394000000
0.0000000000	-0.0394000000
0.0000000000	-0.0394000000
0.0000000000	-0.0394000000
0.0000000000	-0.0394000000
0.0000000000	-0.0394000000
0.0000000000	-0.0398000000
0.0000000000	-0.0405000000
0.1000000000	-0.0408000000
0.1000000000	-0.0411000000
0.1000000000	-0.0413000000
0.1000000000	-0.0417000000
0.1000000000	-0.0421000000
0.1000000000	-0.0422000000
0.1000000000	-0.0423000000
0.1000000000	-0.0423000000
0.1000000000	-0.0422000000
0.1000000000	-0.0422000000
0.1000000000	-0.0422000000
0.1000000000	-0.0422000000
0.1000000000	-0.0422000000
0.1000000000	-0.0422000000
0.1000000000	-0.0422000000
0.1000000000	-0.0423000000
0.1000000000	-0.0423000000
0.1000000000	-0.0423000000
0.1000000000	-0.0426000000
0.1000000000	-0.0431000000
0.1000000000	-0.0435000000
0.1000000000	-0.0438000000
0.1000000000	-0.0441000000
0.1000000000	-0.0445000000
0.1000000000	-0.0449000000
0.1000000000	-0.0453000000
0.1000000000	-0.0455000000
0.1000000000	-0.0455000000
0.1000000000	-0.0455000000
0.1000000000	-0.0454000000
0.1000000000	-0.0454000000
0.1000000000	-0.0454000000
0.1000000000	-0.0454000000
0.1000000000	-0.0454000000
0.1000000000	-0.0454000000
0.1000000000	-0.0455000000
0.1000000000	-0.0455000000
0.1000000000	-0.0456000000
0.1000000000	-0.0462000000
0.0000000000	-0.0464000000
0.0000000000	-0.0468000000
0.0000000000	-0.0472000000
0.0000000000	-0.0476000000
0.0000000000	-0.0481000000
0.1000000000	-0.0485000000
0.1000000000	-0.0486000000
0.1000000000	-0.0486000000
0.1000000000	-0.0485000000
0.1000000000	-0.0485000000
0.1000000000	-0.0485000000
0.1000000000	-0.0485000000
0.1000000000	-0.0485000000
0.1000000000	-0.0485000000
0.1000000000	-0.0485000000
0.1000000000	-0.0486000000
0.1000000000	-0.0486000000
0.1000000000	-0.0486000000
0.1000000000	-0.0492000000
0.1000000000	-0.0498000000
0.1000000000	-0.0500000000
0.1000000000	-0.0503000000
0.1000000000	-0.0503000000
0.1000000000	-0.0505000000
0.2000000000	-0.0507000000
0.2000000000	-0.0507000000
0.2000000000	-0.0508000000
0.2000000000	-0.0508000000
0.2000000000	-0.0507000000
0.2000000000	-0.0507000000
0.2000000000	-0.0507000000
0.2000000000	-0.0507000000
0.2000000000	-0.0507000000
0.2000000000	-0.0507000000
0.2000000000	-0.0508000000
0.2000000000	-0.0508000000
0.2000000000	-0.0508000000
0.2000000000	-0.0511000000
0.2000000000	-0.0516000000
0.2000000000	-0.0520000000
0.1000000000	-0.0525000000
0.1000000000	-0.0529000000
0.1000000000	-0.0533000000
0.1000000000	-0.0536000000
0.1000000000	-0.0536000000
0.1000000000	-0.0536000000
0.1000000000	-0.0535000000
0.1000000000	-0.0535000000
0.1000000000	-0.0535000000
0.1000000000	-0.0535000000
0.1000000000	-0.0535000000
0.1000000000	-0.0535000000
0.1000000000	-0.0535000000
0.1000000000	-0.0535000000
0.1000000000	-0.0535000000
0.1000000000	-0.0535000000
0.1000000000	-0.0536000000
0.1000000000	-0.0536000000
0.1000000000	-0.0536000000
0.1000000000	-0.0538000000
0.0000000000	-0.0542000000
0.0000000000	-0.0543000000
0.0000000000	-0.0545000000
0.0000000000	-0.0545000000
0.0000000000	-0.0545000000
0.0000000000	-0.0545000000
0.0000000000	-0.0548000000
0.0000000000	-0.0550000000
0.0000000000	-0.0551000000
0.0000000000	-0.0551000000
0.0000000000	-0.0551000000
0.0000000000	-0.0553000000
0.0000000000	-0.0555000000
0.1000000000	-0.0555000000
0.1000000000	-0.0555000000
0.1000000000	-0.0554000000
0.1000000000	-0.0554000000
0.1000000000	-0.0554000000
0.1000000000	-0.0554000000
0.1000000000	-0.0554000000
0.1000000000	-0.0554000000
0.1000000000	-0.0555000000
0.0000000000	-0.0555000000
0.1000000000	-0.0555000000
0.1000000000	-0.0558000000
0.1000000000	-0.0562000000
0.1000000000	-0.0565000000
0.1000000000	-0.0566000000
0.1000000000	-0.0569000000
0.2000000000	-0.0573000000
0.2000000000	-0.0575000000
0.2000000000	-0.0577000000
0.2000000000	-0.0579000000
0.2000000000	-0.0581000000
0.2000000000	-0.0582000000
0.2000000000	-0.0582000000
0.2000000000	-0.0582000000
0.2000000000	-0.0581000000
0.2000000000	-0.0581000000
0.2000000000	-0.0581000000
0.2000000000	-0.0581000000
0.2000000000	-0.0581000000
0.2000000000	-0.0581000000
0.2000000000	-0.0581000000
0.2000000000	-0.0582000000
0.2000000000	-0.0582000000
0.2000000000	-0.0582000000
0.2000000000	-0.0584000000
0.2000000000	-0.0591000000
0.2000000000	-0.0593000000
0.2000000000	-0.0596000000
0.2000000000	-0.0598000000
0.2000000000	-0.0600000000
0.1000000000	-0.0605000000
0.1000000000	-0.0608000000
0.1000000000	-0.0611000000
0.1000000000	-0.0613000000
0.1000000000	-0.0613000000
0.1000000000	-0.0613000000
0.1000000000	-0.0613000000
0.1000000000	-0.0613000000
0.1000000000	-0.0613000000
0.1000000000	-0.0613000000
0.1000000000	-0.0613000000
0.1000000000	-0.0613000000
0.1000000000	-0.0613000000
0.1000000000	-0.0613000000
0.1000000000	-0.0613000000
0.1000000000	-0.0613000000
0.1000000000	-0.0613000000
0.1000000000	-0.0615000000
0.1000000000	-0.0621000000
0.1000000000	-0.0623000000
0.1000000000	-0.0627000000
0.1000000000	-0.0629000000
0.1000000000	-0.0630000000
0.1000000000	-0.0634000000
0.1000000000	-0.0637000000
0.2000000000	-0.0640000000
0.2000000000	-0.0643000000
0.2000000000	-0.0643000000
0.2000000000	-0.0643000000
0.2000000000	-0.0643000000
0.2000000000	-0.0643000000
0.2000000000	-0.0643000000
0.2000000000	-0.0643000000
0.2000000000	-0.0643000000
0.2000000000	-0.0643000000
0.2000000000	-0.0643000000
0.2000000000	-0.0643000000
0.2000000000	-0.0643000000
0.2000000000	-0.0643000000
0.2000000000	-0.0643000000
0.2000000000	-0.0643000000
0.2000000000	-0.0644000000
0.2000000000	-0.0651000000
0.3000000000	-0.0652000000
0.2000000000	-0.0653000000
0.2000000000	-0.0657000000
0.3000000000	-0.0660000000
0.3000000000	-0.0663000000
0.3000000000	-0.0666000000
0.3000000000	-0.0668000000
0.3000000000	-0.0670000000
0.3000000000	-0.0673000000
0.3000000000	-0.0673000000
0.3000000000	-0.0673000000
0.3000000000	-0.0672000000
0.3000000000	-0.0672000000
0.3000000000	-0.0672000000
0.3000000000	-0.0672000000
0.3000000000	-0.0672000000
0.3000000000	-0.0672000000
0.3000000000	-0.0672000000
0.3000000000	-0.0672000000
0.3000000000	-0.0672000000
0.3000000000	-0.0673000000
0.3000000000	-0.0673000000
0.3000000000	-0.0673000000
0.3000000000	-0.0677000000
0.2000000000	-0.0680000000
0.2000000000	-0.0681000000
0.2000000000	-0.0685000000
0.2000000000	-0.0687000000
0.1000000000	-0.0693000000
0.1000000000	-0.0696000000
0.1000000000	-0.0696000000
0.1000000000	-0.0698000000
0.1000000000	-0.0698000000
0.1000000000	-0.0698000000
0.1000000000	-0.0698000000
0.1000000000	-0.0698000000
0.1000000000	-0.0698000000
0.1000000000	-0.0698000000
0.1000000000	-0.0698000000
0.1000000000	-0.0698000000
0.1000000000	-0.0698000000
0.1000000000	-0.0698000000
0.1000000000	-0.0698000000
0.1000000000	-0.0698000000
0.1000000000	-0.0698000000
0.1000000000	-0.0698000000
0.1000000000	-0.0699000000
0.1000000000	-0.0706000000
0.1000000000	-0.0708000000
0.1000000000	-0.0711000000
0.2000000000	-0.0713000000
0.2000000000	-0.0715000000
0.2000000000	-0.0717000000
0.2000000000	-0.0717000000
0.2000000000	-0.0720000000
0.3000000000	-0.0724000000
0.5000000000	-0.0726000000
0.5000000000	-0.0730000000
0.5000000000	-0.0731000000
0.5000000000	-0.0731000000
0.5000000000	-0.0731000000
0.5000000000	-0.0731000000
0.5000000000	-0.0731000000
0.5000000000	-0.0731000000
0.5000000000	-0.0731000000
0.5000000000	-0.0731000000
0.5000000000	-0.0731000000
0.5000000000	-0.0731000000
0.5000000000	-0.0731000000
0.5000000000	-0.0731000000
0.5000000000	-0.0731000000
0.5000000000	-0.0731000000
0.5000000000	-0.0733000000
0.6000000000	-0.0736000000
0.6000000000	-0.0737000000
0.6000000000	-0.0740000000
0.6000000000	-0.0741000000
0.5000000000	-0.0746000000
0.6000000000	-0.0752000000
0.5000000000	-0.0756000000
0.4000000000	-0.0758000000
0.4000000000	-0.0760000000
0.4000000000	-0.0761000000
0.4000000000	-0.0762000000
0.4000000000	-0.0762000000
0.4000000000	-0.0762000000
0.4000000000	-0.0762000000
0.4000000000	-0.0762000000
0.4000000000	-0.0762000000
0.4000000000	-0.0762000000
0.4000000000	-0.0762000000
0.4000000000	-0.0762000000
0.4000000000	-0.0762000000
0.4000000000	-0.0762000000
0.4000000000	-0.0762000000
0.4000000000	-0.0762000000
0.4000000000	-0.0763000000
0.3000000000	-0.0766000000
0.2000000000	-0.0769000000
0.2000000000	-0.0769000000
0.2000000000	-0.0772000000
0.1000000000	-0.0779000000
0.1000000000	-0.0784000000
0.2000000000	-0.0787000000
0.3000000000	-0.0790000000
0.3000000000	-0.0791000000
0.3000000000	-0.0792000000
0.3000000000	-0.0793000000
0.3000000000	-0.0793000000
0.3000000000	-0.0793000000
0.3000000000	-0.0793000000
0.3000000000	-0.0793000000
0.3000000000	-0.0793000000
0.3000000000	-0.0793000000
0.3000000000	-0.0793000000
0.3000000000	-0.0793000000
0.3000000000	-0.0793000000
0.3000000000	-0.0793000000
0.3000000000	-0.0793000000
0.3000000000	-0.0793000000
0.3000000000	-0.0793000000
0.5000000000	-0.0798000000
0.8000000000	-0.0801000000
1.0000000000	-0.0803000000
1.0000000000	-0.0805000000
1.0000000000	-0.0808000000
1.6000000000	-0.0811000000
1.9000000000	-0.0813000000
1.7000000000	-0.0817000000
1.8000000000	-0.0821000000
2.1000000000	-0.0823000000
2.1000000000	-0.0826000000
2.1000000000	-0.0827000000
2.1000000000	-0.0826000000
2.1000000000	-0.0826000000
2.1000000000	-0.0826000000
2.0000000000	-0.0826000000
2.1000000000	-0.0826000000
2.1000000000	-0.0826000000
2.1000000000	-0.0826000000
2.1000000000	-0.0826000000
2.1000000000	-0.0826000000
2.1000000000	-0.0826000000
2.1000000000	-0.0826000000
2.1000000000	-0.0826000000
2.0000000000	-0.0827000000
1.9000000000	-0.0829000000
1.8000000000	-0.0833000000
1.8000000000	-0.0833000000
1.7000000000	-0.0836000000
0.9000000000	-0.0841000000
0.8000000000	-0.0842000000
0.8000000000	-0.0845000000
0.7000000000	-0.0847000000
0.7000000000	-0.0849000000
0.5000000000	-0.0850000000
0.5000000000	-0.0850000000
0.4000000000	-0.0851000000
0.2000000000	-0.0854000000
0.2000000000	-0.0854000000
0.2000000000	-0.0854000000
0.2000000000	-0.0854000000
0.2000000000	-0.0854000000
0.2000000000	-0.0854000000
0.2000000000	-0.0854000000
0.2000000000	-0.0854000000
0.2000000000	-0.0854000000
0.2000000000	-0.0854000000
0.2000000000	-0.0854000000
0.2000000000	-0.0854000000
0.2000000000	-0.0855000000
0.9000000000	-0.0861000000
1.5000000000	-0.0864000000
1.7000000000	-0.0866000000
1.7000000000	-0.0867000000
1.7000000000	-0.0867000000
2.1000000000	-0.0871000000
5.4000000000	-0.0874000000
6.5000000000	-0.0878000000
6.3000000000	-0.0881000000
6.3000000000	-0.0881000000
6.3000000000	-0.0881000000
6.3000000000	-0.0881000000
6.3000000000	-0.0881000000
6.3000000000	-0.0881000000
6.3000000000	-0.0881000000
6.3000000000	-0.0881000000
6.3000000000	-0.0881000000
6.3000000000	-0.0881000000
6.3000000000	-0.0881000000
6.3000000000	-0.0881000000
6.3000000000	-0.0881000000
6.3000000000	-0.0881000000
6.3000000000	-0.0881000000
6.3000000000	-0.0881000000
6.7000000000	-0.0882000000
8.2000000000	-0.0884000000
10.5000000000	-0.0886000000
14.1000000000	-0.0889000000
13.6000000000	-0.0893000000
14.1000000000	-0.0894000000
18.3000000000	-0.0897000000
24.3000000000	-0.0900000000
24.6000000000	-0.0901000000
23.9000000000	-0.0902000000
24.0000000000	-0.0902000000
24.0000000000	-0.0902000000
23.9000000000	-0.0902000000
23.7000000000	-0.0902000000
23.8000000000	-0.0902000000
23.7000000000	-0.0902000000
23.7000000000	-0.0902000000
23.8000000000	-0.0902000000
23.9000000000	-0.0902000000
24.0000000000	-0.0902000000
23.9000000000	-0.0902000000
23.8000000000	-0.0902000000
23.7000000000	-0.0902000000
23.3000000000	-0.0903000000
21.9000000000	-0.0906000000
29.1000000000	-0.0910000000
30.9000000000	-0.0910000000
32.7000000000	-0.0911000000
33.2000000000	-0.0912000000
30.8000000000	-0.0914000000
28.1000000000	-0.0919000000
32.6000000000	-0.0921000000
36.6000000000	-0.0923000000
38.2000000000	-0.0924000000
38.4000000000	-0.0924000000
38.5000000000	-0.0923000000
38.6000000000	-0.0923000000
38.6000000000	-0.0923000000
38.4000000000	-0.0923000000
38.4000000000	-0.0923000000
38.5000000000	-0.0923000000
38.4000000000	-0.0923000000
38.3000000000	-0.0923000000
38.3000000000	-0.0923000000
38.4000000000	-0.0923000000
38.4000000000	-0.0923000000
38.5000000000	-0.0924000000
30.2000000000	-0.0930000000
30.1000000000	-0.0931000000
31.0000000000	-0.0932000000
36.1000000000	-0.0935000000
38.3000000000	-0.0936000000
38.4000000000	-0.0938000000
35.5000000000	-0.0940000000
33.2000000000	-0.0940000000
27.7000000000	-0.0944000000
28.8000000000	-0.0946000000
29.2000000000	-0.0946000000
30.4000000000	-0.0947000000
30.5000000000	-0.0947000000
30.5000000000	-0.0947000000
30.6000000000	-0.0947000000
30.7000000000	-0.0947000000
30.9000000000	-0.0947000000
31.0000000000	-0.0947000000
30.6000000000	-0.0947000000
30.7000000000	-0.0947000000
30.8000000000	-0.0947000000
30.9000000000	-0.0947000000
30.7000000000	-0.0947000000
30.7000000000	-0.0947000000
30.8000000000	-0.0947000000
30.8000000000	-0.0947000000
30.8000000000	-0.0947000000
30.9000000000	-0.0947000000
30.8000000000	-0.0947000000
30.8000000000	-0.0947000000
30.7000000000	-0.0947000000
30.8000000000	-0.0947000000
31.3000000000	-0.0948000000
31.7000000000	-0.0948000000
32.2000000000	-0.0949000000
27.7000000000	-0.0952000000
21.1000000000	-0.0956000000
20.9000000000	-0.0957000000
22.1000000000	-0.0960000000
17.1000000000	-0.0965000000
13.9000000000	-0.0967000000
13.4000000000	-0.0971000000
14.0000000000	-0.0972000000
14.0000000000	-0.0972000000
14.0000000000	-0.0972000000
14.0000000000	-0.0972000000
14.0000000000	-0.0972000000
14.0000000000	-0.0972000000
14.1000000000	-0.0972000000
14.1000000000	-0.0972000000
14.1000000000	-0.0972000000
14.0000000000	-0.0972000000
14.0000000000	-0.0972000000
14.0000000000	-0.0972000000
14.1000000000	-0.0972000000
14.1000000000	-0.0972000000
13.9000000000	-0.0974000000
9.7000000000	-0.0978000000
8.5000000000	-0.0979000000
7.0000000000	-0.0980000000
6.2000000000	-0.0981000000
6.1000000000	-0.0986000000
4.9000000000	-0.0988000000
3.3000000000	-0.0991000000
1.7000000000	-0.0993000000
1.7000000000	-0.0996000000
1.3000000000	-0.0999000000
1.1000000000	-0.1000000000
0.9000000000	-0.1001000000
0.9000000000	-0.1001000000
0.9000000000	-0.1001000000
0.9000000000	-0.1001000000
0.9000000000	-0.1001000000
0.9000000000	-0.1001000000
0.9000000000	-0.1001000000
0.8000000000	-0.1001000000
0.8000000000	-0.1001000000
0.9000000000	-0.1001000000
0.8000000000	-0.1001000000
0.8000000000	-0.1001000000
0.6000000000	-0.1002000000
0.2000000000	-0.1009000000
0.2000000000	-0.1011000000
0.2000000000	-0.1011000000
0.4000000000	-0.1013000000
0.4000000000	-0.1014000000
0.5000000000	-0.1020000000
1.0000000000	-0.1024000000
1.4000000000	-0.1027000000
1.5000000000	-0.1030000000
1.4000000000	-0.1032000000
1.5000000000	-0.1033000000
1.5000000000	-0.1033000000
1.5000000000	-0.1033000000
1.5000000000	-0.1033000000
1.5000000000	-0.1033000000
1.5000000000	-0.1033000000
1.5000000000	-0.1033000000
1.5000000000	-0.1033000000
1.5000000000	-0.1033000000
1.5000000000	-0.1033000000
1.5000000000	-0.1033000000
1.5000000000	-0.1033000000
1.5000000000	-0.1033000000
1.9000000000	-0.1036000000
2.2000000000	-0.1039000000
2.1000000000	-0.1040000000
1.9000000000	-0.1042000000
1.8000000000	-0.1043000000
1.8000000000	-0.1046000000
1.9000000000	-0.1051000000
1.6000000000	-0.1054000000
1.2000000000	-0.1057000000
1.1000000000	-0.1058000000
1.1000000000	-0.1058000000
1.1000000000	-0.1058000000
1.1000000000	-0.1058000000
1.1000000000	-0.1058000000
1.1000000000	-0.1058000000
1.1000000000	-0.1058000000
1.1000000000	-0.1058000000
1.1000000000	-0.1058000000
1.1000000000	-0.1058000000
1.1000000000	-0.1058000000
1.1000000000	-0.1058000000
1.1000000000	-0.1058000000
1.1000000000	-0.1058000000
1.2000000000	-0.1060000000
0.4000000000	-0.1068000000
0.4000000000	-0.1070000000
0.4000000000	-0.1071000000
0.3000000000	-0.1073000000
0.3000000000	-0.1073000000
0.3000000000	-0.1075000000
0.2000000000	-0.1076000000
0.1000000000	-0.1078000000
0.1000000000	-0.1081000000
0.1000000000	-0.1081000000
0.1000000000	-0.1081000000
0.1000000000	-0.1081000000
0.1000000000	-0.1081000000
0.1000000000	-0.1081000000
0.1000000000	-0.1081000000
0.1000000000	-0.1081000000
0.1000000000	-0.1081000000
0.1000000000	-0.1081000000
0.1000000000	-0.1081000000
0.1000000000	-0.1081000000
0.1000000000	-0.1081000000
0.1000000000	-0.1081000000
0.1000000000	-0.1081000000
0.2000000000	-0.1089000000
0.2000000000	-0.1092000000
0.3000000000	-0.1093000000
0.3000000000	-0.1096000000
0.3000000000	-0.1097000000
0.4000000000	-0.1100000000
0.5000000000	-0.1102000000
0.6000000000	-0.1103000000
0.5000000000	-0.1107000000
0.5000000000	-0.1108000000
0.5000000000	-0.1109000000
0.5000000000	-0.1109000000
0.5000000000	-0.1109000000
0.5000000000	-0.1108000000
0.5000000000	-0.1108000000
0.6000000000	-0.1108000000
0.6000000000	-0.1108000000
0.6000000000	-0.1108000000
0.6000000000	-0.1108000000
0.6000000000	-0.1108000000
0.6000000000	-0.1108000000
0.6000000000	-0.1108000000
0.6000000000	-0.1108000000
0.6000000000	-0.1108000000
0.6000000000	-0.1109000000
0.5000000000	-0.1109000000
0.6000000000	-0.1109000000
0.7000000000	-0.1115000000
0.6000000000	-0.1120000000
0.6000000000	-0.1125000000
0.5000000000	-0.1130000000
0.4000000000	-0.1132000000
0.4000000000	-0.1133000000
0.4000000000	-0.1135000000
0.5000000000	-0.1135000000
0.5000000000	-0.1136000000
0.5000000000	-0.1137000000
0.5000000000	-0.1137000000
0.4000000000	-0.1137000000
0.4000000000	-0.1136000000
0.5000000000	-0.1136000000
0.5000000000	-0.1136000000
0.5000000000	-0.1136000000
0.5000000000	-0.1136000000
0.5000000000	-0.1136000000
0.5000000000	-0.1137000000
0.5000000000	-0.1137000000
0.4000000000	-0.1137000000
0.3000000000	-0.1142000000
0.2000000000	-0.1144000000
0.2000000000	-0.1145000000
0.2000000000	-0.1148000000
0.2000000000	-0.1150000000
0.1000000000	-0.1152000000
0.1000000000	-0.1155000000
0.1000000000	-0.1160000000
0.1000000000	-0.1164000000
0.1000000000	-0.1166000000
0.1000000000	-0.1166000000
0.1000000000	-0.1167000000
0.1000000000	-0.1168000000
0.1000000000	-0.1168000000
0.1000000000	-0.1168000000
0.1000000000	-0.1168000000
0.1000000000	-0.1168000000
0.1000000000	-0.1168000000
0.1000000000	-0.1168000000
0.1000000000	-0.1168000000
0.1000000000	-0.1168000000
0.1000000000	-0.1168000000
0.1000000000	-0.1168000000
0.1000000000	-0.1168000000
0.1000000000	-0.1174000000
0.3000000000	-0.1179000000
0.3000000000	-0.1180000000
0.3000000000	-0.1182000000
0.3000000000	-0.1183000000
0.3000000000	-0.1184000000
0.4000000000	-0.1188000000
0.4000000000	-0.1190000000
0.4000000000	-0.1193000000
0.4000000000	-0.1195000000
0.4000000000	-0.1196000000
0.4000000000	-0.1198000000
0.4000000000	-0.1199000000
0.4000000000	-0.1199000000
0.4000000000	-0.1199000000
0.4000000000	-0.1199000000
0.4000000000	-0.1199000000
0.4000000000	-0.1199000000
0.4000000000	-0.1199000000
0.4000000000	-0.1199000000
0.4000000000	-0.1199000000
0.4000000000	-0.1199000000
0.4000000000	-0.1199000000
0.4000000000	-0.1199000000
0.4000000000	-0.1199000000
0.4000000000	-0.1200000000
0.3000000000	-0.1206000000
0.3000000000	-0.1210000000
0.3000000000	-0.1213000000
0.2000000000	-0.1216000000
0.1000000000	-0.1217000000
0.1000000000	-0.1222000000
0.1000000000	-0.1224000000
0.1000000000	-0.1226000000
0.1000000000	-0.1229000000
0.1000000000	-0.1231000000
0.1000000000	-0.1231000000
0.1000000000	-0.1231000000
0.1000000000	-0.1230000000
0.1000000000	-0.1230000000
0.1000000000	-0.1230000000
0.1000000000	-0.1230000000
0.1000000000	-0.1230000000
0.1000000000	-0.1230000000
0.1000000000	-0.1230000000
0.1000000000	-0.1230000000
0.1000000000	-0.1230000000
0.1000000000	-0.1231000000
0.1000000000	-0.1231000000
0.0000000000	-0.1234000000
0.1000000000	-0.1241000000
0.1000000000	-0.1241000000
0.1000000000	-0.1245000000
0.1000000000	-0.1247000000
0.1000000000	-0.1250000000
0.1000000000	-0.1254000000
0.1000000000	-0.1255000000
0.1000000000	-0.1257000000
0.2000000000	-0.1260000000
0.2000000000	-0.1261000000
0.2000000000	-0.1262000000
0.2000000000	-0.1263000000
0.2000000000	-0.1263000000
0.2000000000	-0.1263000000
0.2000000000	-0.1262000000
0.2000000000	-0.1262000000
0.2000000000	-0.1262000000
0.2000000000	-0.1262000000
0.2000000000	-0.1262000000
0.2000000000	-0.1262000000
0.2000000000	-0.1263000000
0.2000000000	-0.1263000000
0.2000000000	-0.1263000000
0.2000000000	-0.1263000000
0.2000000000	-0.1269000000
0.3000000000	-0.1274000000
0.3000000000	-0.1275000000
0.3000000000	-0.1277000000
0.3000000000	-0.1278000000
0.2000000000	-0.1280000000
0.2000000000	-0.1284000000
0.2000000000	-0.1286000000
0.2000000000	-0.1288000000
0.1000000000	-0.1292000000
0.1000000000	-0.1292000000
0.1000000000	-0.1292000000
0.1000000000	-0.1291000000
0.1000000000	-0.1291000000
0.1000000000	-0.1291000000
0.1000000000	-0.1291000000
0.1000000000	-0.1291000000
0.1000000000	-0.1291000000
0.1000000000	-0.1291000000
0.1000000000	-0.1291000000
0.1000000000	-0.1292000000
0.1000000000	-0.1292000000
0.1000000000	-0.1294000000
0.1000000000	-0.1298000000
0.1000000000	-0.1301000000
0.0000000000	-0.1305000000
0.0000000000	-0.1309000000
0.0000000000	-0.1310000000
0.0000000000	-0.1313000000
0.0000000000	-0.1315000000
0.0000000000	-0.1318000000
0.0000000000	-0.1321000000
0.1000000000	-0.1322000000
0.1000000000	-0.1322000000
0.1000000000	-0.1322000000
0.1000000000	-0.1322000000
0.1000000000	-0.1322000000
0.1000000000	-0.1322000000
0.1000000000	-0.1322000000
0.1000000000	-0.1322000000
0.1000000000	-0.1322000000
0.1000000000	-0.1322000000
0.1000000000	-0.1322000000
0.1000000000	-0.1322000000
0.1000000000	-0.1326000000
0.1000000000	-0.1332000000
0.1000000000	-0.1333000000
0.1000000000	-0.1336000000
0.1000000000	-0.1339000000
0.1000000000	-0.1339000000
0.2000000000	-0.1341000000
0.2000000000	-0.1342000000
0.1000000000	-0.1344000000
0.1000000000	-0.1347000000
0.1000000000	-0.1349000000
0.1000000000	-0.1352000000
0.1000000000	-0.1353000000
0.1000000000	-0.1353000000
0.1000000000	-0.1353000000
0.1000000000	-0.1352000000
0.1000000000	-0.1352000000
0.1000000000	-0.1352000000
0.1000000000	-0.1352000000
0.1000000000	-0.1352000000
0.1000000000	-0.1352000000
0.1000000000	-0.1353000000
0.1000000000	-0.1353000000
0.1000000000	-0.1353000000
0.1000000000	-0.1353000000
0.1000000000	-0.1358000000
0.1000000000	-0.1362000000
0.1000000000	-0.1365000000
0.1000000000	-0.1368000000
0.1000000000	-0.1371000000
0.1000000000	-0.1374000000
0.1000000000	-0.1379000000
0.1000000000	-0.1382000000
0.0000000000	-0.1386000000
0.0000000000	-0.1389000000
0.0000000000	-0.1390000000
0.0000000000	-0.1391000000
0.0000000000	-0.1391000000
0.0000000000	-0.1391000000
0.0000000000	-0.1390000000
0.0000000000	-0.1390000000
0.0000000000	-0.1390000000
0.0000000000	-0.1390000000
0.0000000000	-0.1390000000
0.0000000000	-0.1390000000
0.0000000000	-0.1390000000
0.0000000000	-0.1391000000
0.0000000000	-0.1391000000
0.0000000000	-0.1392000000
0.1000000000	-0.1401000000
0.1000000000	-0.1406000000
0.1000000000	-0.1410000000
0.1000000000	-0.1415000000
0.1000000000	-0.1417000000
0.1000000000	-0.1422000000
0.1000000000	-0.1423000000
0.1000000000	-0.1423000000
0.1000000000	-0.1423000000
0.1000000000	-0.1423000000
0.1000000000	-0.1423000000
0.1000000000	-0.1423000000
0.1000000000	-0.1423000000
0.1000000000	-0.1423000000
0.1000000000	-0.1423000000
0.1000000000	-0.1423000000
0.1000000000	-0.1423000000
0.1000000000	-0.1423000000
0.1000000000	-0.1423000000
0.1000000000	-0.1424000000
0.1000000000	-0.1427000000
0.1000000000	-0.1430000000
0.1000000000	-0.1432000000
0.1000000000	-0.1436000000
0.1000000000	-0.1439000000
0.1000000000	-0.1442000000
0.1000000000	-0.1448000000
0.1000000000	-0.1451000000
0.1000000000	-0.1453000000
0.0000000000	-0.1459000000
0.0000000000	-0.1460000000
0.0000000000	-0.1460000000
0.0000000000	-0.1460000000
0.0000000000	-0.1460000000
0.0000000000	-0.1460000000
0.0000000000	-0.1460000000
0.0000000000	-0.1460000000
0.0000000000	-0.1460000000
0.0000000000	-0.1460000000
0.0000000000	-0.1460000000
0.0000000000	-0.1460000000
0.0000000000	-0.1460000000
0.0000000000	-0.1460000000
0.0000000000	-0.1460000000
0.0000000000	-0.1460000000
0.0000000000	-0.1463000000
0.0000000000	-0.1468000000
0.0000000000	-0.1469000000
0.0000000000	-0.1469000000
0.0000000000	-0.1470000000
0.0000000000	-0.1470000000
0.0000000000	-0.1475000000
0.0000000000	-0.1477000000
0.1000000000	-0.1479000000
0.1000000000	-0.1485000000
0.1000000000	-0.1489000000
0.1000000000	-0.1493000000
0.1000000000	-0.1495000000
0.1000000000	-0.1495000000
0.1000000000	-0.1495000000
0.1000000000	-0.1495000000
0.1000000000	-0.1495000000
0.1000000000	-0.1495000000
0.1000000000	-0.1495000000
0.1000000000	-0.1495000000
0.1000000000	-0.1495000000
0.1000000000	-0.1495000000
0.1000000000	-0.1495000000
0.1000000000	-0.1495000000
0.1000000000	-0.1496000000
0.1000000000	-0.1501000000
0.1000000000	-0.1503000000
0.1000000000	-0.1505000000
0.1000000000	-0.1506000000
0.1000000000	-0.1506000000
0.1000000000	-0.1511000000
0.1000000000	-0.1514000000
0.1000000000	-0.1516000000
0.1000000000	-0.1521000000
0.1000000000	-0.1523000000
0.1000000000	-0.1525000000
0.1000000000	-0.1526000000
0.1000000000	-0.1526000000
0.1000000000	-0.1526000000
0.1000000000	-0.1526000000
0.1000000000	-0.1526000000
0.1000000000	-0.1525000000
0.1000000000	-0.1525000000
0.1000000000	-0.1525000000
0.1000000000	-0.1525000000
0.1000000000	-0.1525000000
0.1000000000	-0.1525000000
0.1000000000	-0.1526000000
0.1000000000	-0.1526000000
0.1000000000	-0.1529000000
0.0000000000	-0.1533000000
0.0000000000	-0.1541000000
0.0000000000	-0.1546000000
0.0000000000	-0.1548000000
0.0000000000	-0.1551000000
0.0000000000	-0.1553000000
0.1000000000	-0.1555000000
0.1000000000	-0.1558000000
0.1000000000	-0.1560000000
0.1000000000	-0.1561000000
0.1000000000	-0.1561000000
0.1000000000	-0.1561000000
0.1000000000	-0.1560000000
0.1000000000	-0.1559000000
0.1000000000	-0.1559000000
0.1000000000	-0.1559000000
0.1000000000	-0.1559000000
0.1000000000	-0.1559000000
0.1000000000	-0.1559000000
0.1000000000	-0.1560000000
0.1000000000	-0.1562000000
0.1000000000	-0.1568000000
0.1000000000	-0.1574000000
0.1000000000	-0.1581000000
0.1000000000	-0.1584000000
0.1000000000	-0.1588000000
0.1000000000	-0.1592000000
0.1000000000	-0.1593000000
0.1000000000	-0.1596000000
0.1000000000	-0.1599000000
0.1000000000	-0.1599000000
0.1000000000	-0.1600000000
0.1000000000	-0.1600000000
0.1000000000	-0.1599000000
0.1000000000	-0.1599000000
0.1000000000	-0.1599000000
0.1000000000	-0.1599000000
0.1000000000	-0.1599000000
0.1000000000	-0.1599000000
0.1000000000	-0.1599000000
0.1000000000	-0.1599000000
0.1000000000	-0.1599000000
0.1000000000	-0.1599000000
0.1000000000	-0.1600000000
0.1000000000	-0.1600000000
0.1000000000	-0.1602000000
0.0000000000	-0.1607000000
0.0000000000	-0.1610000000
0.0000000000	-0.1614000000
0.0000000000	-0.1618000000
0.0000000000	-0.1621000000
0.0000000000	-0.1624000000
0.0000000000	-0.1626000000
0.0000000000	-0.1627000000
0.0000000000	-0.1629000000
0.0000000000	-0.1630000000
0.0000000000	-0.1630000000
0.0000000000	-0.1630000000
0.0000000000	-0.1629000000
0.0000000000	-0.1629000000
0.0000000000	-0.1629000000
0.0000000000	-0.1629000000
0.0000000000	-0.1629000000
0.0000000000	-0.1629000000
0.0000000000	-0.1629000000
0.0000000000	-0.1629000000
0.0000000000	-0.1629000000
0.0000000000	-0.1630000000
0.0000000000	-0.1634000000
0.1000000000	-0.1639000000
0.1000000000	-0.1643000000
0.1000000000	-0.1650000000
0.1000000000	-0.1652000000
0.1000000000	-0.1657000000
0.1000000000	-0.1662000000
0.1000000000	-0.1662000000
0.1000000000	-0.1662000000
0.1000000000	-0.1662000000
0.1000000000	-0.1662000000
0.1000000000	-0.1661000000
0.1000000000	-0.1660000000
0.1000000000	-0.1660000000
0.1000000000	-0.1660000000
0.1000000000	-0.1660000000
0.1000000000	-0.1660000000
0.1000000000	-0.1660000000
0.1000000000	-0.1661000000
0.1000000000	-0.1666000000
0.1000000000	-0.1671000000
0.1000000000	-0.1675000000
0.0000000000	-0.1680000000
0.0000000000	-0.1682000000
0.0000000000	-0.1685000000
0.0000000000	-0.1687000000
0.0000000000	-0.1687000000
0.0000000000	-0.1688000000
0.0000000000	-0.1688000000
0.0000000000	-0.1688000000
0.0000000000	-0.1688000000
0.0000000000	-0.1688000000
0.0000000000	-0.1688000000
0.0000000000	-0.1688000000
0.0000000000	-0.1688000000
0.0000000000	-0.1688000000
0.0000000000	-0.1688000000
0.0000000000	-0.1688000000
0.0000000000	-0.1688000000
0.0000000000	-0.1689000000
0.0000000000	-0.1692000000
0.0000000000	-0.1695000000
0.0000000000	-0.1700000000
0.0000000000	-0.1704000000
0.0000000000	-0.1707000000
0.0000000000	-0.1713000000
0.1000000000	-0.1716000000
0.1000000000	-0.1720000000
0.1000000000	-0.1721000000
0.1000000000	-0.1721000000
0.1000000000	-0.1721000000
0.1000000000	-0.1721000000
0.1000000000	-0.1721000000
0.1000000000	-0.1721000000
0.1000000000	-0.1721000000
0.1000000000	-0.1721000000
0.1000000000	-0.1721000000
0.1000000000	-0.1721000000
0.1000000000	-0.1721000000
0.1000000000	-0.1721000000
0.1000000000	-0.1726000000
0.1000000000	-0.1731000000
0.1000000000	-0.1734000000
0.1000000000	-0.1736000000
0.1000000000	-0.1739000000
0.1000000000	-0.1748000000
0.1000000000	-0.1751000000
0.0000000000	-0.1757000000
0.0000000000	-0.1761000000
0.0000000000	-0.1761000000
0.0000000000	-0.1761000000
0.0000000000	-0.1761000000
0.0000000000	-0.1761000000
0.0000000000	-0.1760000000
0.0000000000	-0.1760000000
0.0000000000	-0.1760000000
0.0000000000	-0.1760000000
0.0000000000	-0.1760000000
0.0000000000	-0.1760000000
0.0000000000	-0.1760000000
0.0000000000	-0.1760000000
0.0000000000	-0.1760000000
0.0000000000	-0.1761000000
0.0000000000	-0.1762000000
0.0000000000	-0.1767000000
0.0000000000	-0.1768000000
0.0000000000	-0.1770000000
0.0000000000	-0.1771000000
0.0000000000	-0.1775000000
0.0000000000	-0.1779000000
0.0000000000	-0.1782000000
0.0000000000	-0.1785000000
0.0000000000	-0.1788000000
0.0000000000	-0.1792000000
0.1000000000	-0.1796000000
0.1000000000	-0.1797000000
0.1000000000	-0.1797000000
0.1000000000	-0.1797000000
0.1000000000	-0.1797000000
0.1000000000	-0.1797000000
0.1000000000	-0.1797000000
0.1000000000	-0.1797000000
0.1000000000	-0.1797000000
0.1000000000	-0.1797000000
0.1000000000	-0.1797000000
0.1000000000	-0.1797000000
0.1000000000	-0.1797000000
0.1000000000	-0.1797000000
0.1000000000	-0.1797000000
0.1000000000	-0.1797000000
0.1000000000	-0.1797000000
0.1000000000	-0.1797000000
0.1000000000	-0.1797000000
0.1000000000	-0.1797000000
0.1000000000	-0.1797000000
0.1000000000	-0.1797000000
0.1000000000	-0.1797000000
0.1000000000	-0.1797000000
0.1000000000	-0.1797000000
0.1000000000	-0.1797000000
0.1000000000	-0.1797000000
0.1000000000	-0.1797000000
0.1000000000	-0.1796000000
0.1000000000	-0.1794000000
0.1000000000	-0.1793000000
0.1000000000	-0.1791000000
0.0000000000	-0.1783000000
0.0000000000	-0.1780000000
0.0000000000	-0.1778000000
0.0000000000	-0.1777000000
0.0000000000	-0.1777000000
0.0000000000	-0.1774000000
0.0000000000	-0.1772000000
0.0000000000	-0.1767000000
0.0000000000	-0.1762000000
0.0000000000	-0.1760000000
0.0000000000	-0.1760000000
0.0000000000	-0.1760000000
0.0000000000	-0.1760000000
0.0000000000	-0.1760000000
0.0000000000	-0.1760000000
0.0000000000	-0.1760000000
0.0000000000	-0.1760000000
0.0000000000	-0.1760000000
0.0000000000	-0.1760000000
0.0000000000	-0.1760000000
0.0000000000	-0.1760000000
0.0000000000	-0.1760000000
0.0000000000	-0.1758000000
0.0000000000	-0.1755000000
0.0000000000	-0.1750000000
0.1000000000	-0.1749000000
0.1000000000	-0.1749000000
0.1000000000	-0.1746000000
0.1000000000	-0.1746000000
0.1000000000	-0.1744000000
0.1000000000	-0.1742000000
0.1000000000	-0.1741000000
0.1000000000	-0.1735000000
0.1000000000	-0.1729000000
0.1000000000	-0.1728000000
0.1000000000	-0.1723000000
0.1000000000	-0.1719000000
0.1000000000	-0.1719000000
0.1000000000	-0.1719000000
0.1000000000	-0.1719000000
0.1000000000	-0.1719000000
0.1000000000	-0.1719000000
0.1000000000	-0.1719000000
0.1000000000	-0.1719000000
0.1000000000	-0.1719000000
0.1000000000	-0.1719000000
0.1000000000	-0.1719000000
0.1000000000	-0.1718000000
0.1000000000	-0.1714000000
0.1000000000	-0.1712000000
0.1000000000	-0.1709000000
0.0000000000	-0.1699000000
0.0000000000	-0.1696000000
0.0000000000	-0.1693000000
0.0000000000	-0.1686000000
0.0000000000	-0.1686000000
0.0000000000	-0.1684000000
0.0000000000	-0.1682000000
0.0000000000	-0.1679000000
0.0000000000	-0.1676000000
0.0000000000	-0.1674000000
0.0000000000	-0.1674000000
0.0000000000	-0.1674000000
0.0000000000	-0.1675000000
0.0000000000	-0.1675000000
0.0000000000	-0.1675000000
0.0000000000	-0.1675000000
0.0000000000	-0.1675000000
0.0000000000	-0.1675000000
0.0000000000	-0.1675000000
0.0000000000	-0.1674000000
0.1000000000	-0.1672000000
0.1000000000	-0.1663000000
0.1000000000	-0.1658000000
0.1000000000	-0.1654000000
0.1000000000	-0.1652000000
0.1000000000	-0.1652000000
0.1000000000	-0.1651000000
0.1000000000	-0.1651000000
0.1000000000	-0.1648000000
0.1000000000	-0.1641000000
0.1000000000	-0.1635000000
0.0000000000	-0.1630000000
0.0000000000	-0.1629000000
0.0000000000	-0.1629000000
0.0000000000	-0.1629000000
0.0000000000	-0.1629000000
0.0000000000	-0.1629000000
0.0000000000	-0.1630000000
0.0000000000	-0.1630000000
0.0000000000	-0.1630000000
0.0000000000	-0.1630000000
0.0000000000	-0.1630000000
0.0000000000	-0.1630000000
0.0000000000	-0.1629000000
0.0000000000	-0.1629000000
0.0000000000	-0.1626000000
0.0000000000	-0.1624000000
0.0000000000	-0.1621000000
0.0000000000	-0.1617000000
0.0000000000	-0.1616000000
0.0000000000	-0.1614000000
0.0000000000	-0.1613000000
0.0000000000	-0.1612000000
0.0000000000	-0.1611000000
0.0000000000	-0.1610000000
0.0000000000	-0.1609000000
0.0000000000	-0.1608000000
0.0000000000	-0.1608000000
0.0000000000	-0.1604000000
0.0000000000	-0.1601000000
0.0000000000	-0.1600000000
0.1000000000	-0.1596000000
0.1000000000	-0.1592000000
0.1000000000	-0.1590000000
0.1000000000	-0.1585000000
0.1000000000	-0.1585000000
0.1000000000	-0.1585000000
0.1000000000	-0.1585000000
0.1000000000	-0.1585000000
0.1000000000	-0.1585000000
0.1000000000	-0.1585000000
0.1000000000	-0.1585000000
0.1000000000	-0.1585000000
0.1000000000	-0.1585000000
0.1000000000	-0.1585000000
0.1000000000	-0.1582000000
0.1000000000	-0.1578000000
0.1000000000	-0.1575000000
0.1000000000	-0.1574000000
0.1000000000	-0.1573000000
0.1000000000	-0.1570000000
0.1000000000	-0.1567000000
0.1000000000	-0.1565000000
0.1000000000	-0.1560000000
0.1000000000	-0.1556000000
0.1000000000	-0.1553000000
0.1000000000	-0.1549000000
0.0000000000	-0.1546000000
0.0000000000	-0.1546000000
0.0000000000	-0.1546000000
0.0000000000	-0.1546000000
0.0000000000	-0.1546000000
0.0000000000	-0.1548000000
0.0000000000	-0.1548000000
0.0000000000	-0.1548000000
0.0000000000	-0.1548000000
0.0000000000	-0.1547000000
0.0000000000	-0.1547000000
0.0000000000	-0.1546000000
0.0000000000	-0.1545000000
0.0000000000	-0.1540000000
0.0000000000	-0.1538000000
0.0000000000	-0.1536000000
0.0000000000	-0.1536000000
0.0000000000	-0.1535000000
0.0000000000	-0.1531000000
0.0000000000	-0.1526000000
0.1000000000	-0.1524000000
0.1000000000	-0.1523000000
0.1000000000	-0.1519000000
0.1000000000	-0.1518000000
0.1000000000	-0.1515000000
0.1000000000	-0.1513000000
0.1000000000	-0.1511000000
0.1000000000	-0.1509000000
0.1000000000	-0.1508000000
0.1000000000	-0.1508000000
0.1000000000	-0.1508000000
0.1000000000	-0.1508000000
0.1000000000	-0.1509000000
0.1000000000	-0.1509000000
0.1000000000	-0.1509000000
0.1000000000	-0.1509000000
0.1000000000	-0.1509000000
0.1000000000	-0.1508000000
0.1000000000	-0.1507000000
0.1000000000	-0.1503000000
0.1000000000	-0.1495000000
0.1000000000	-0.1488000000
0.1000000000	-0.1485000000
0.1000000000	-0.1483000000
0.1000000000	-0.1481000000
0.1000000000	-0.1478000000
0.1000000000	-0.1475000000
0.1000000000	-0.1471000000
0.0000000000	-0.1468000000
0.0000000000	-0.1466000000
0.0000000000	-0.1466000000
0.0000000000	-0.1466000000
0.0000000000	-0.1466000000
0.0000000000	-0.1466000000
0.0000000000	-0.1466000000
0.0000000000	-0.1466000000
0.0000000000	-0.1466000000
0.0000000000	-0.1466000000
0.0000000000	-0.1466000000
0.0000000000	-0.1466000000
0.0000000000	-0.1466000000
0.0000000000	-0.1462000000
0.0000000000	-0.1454000000
0.0000000000	-0.1450000000
0.0000000000	-0.1448000000
0.1000000000	-0.1442000000
0.1000000000	-0.1440000000
0.1000000000	-0.1439000000
0.1000000000	-0.1435000000
0.1000000000	-0.1433000000
0.1000000000	-0.1431000000
0.1000000000	-0.1427000000
0.1000000000	-0.1426000000
0.1000000000	-0.1426000000
0.1000000000	-0.1427000000
0.1000000000	-0.1427000000
0.1000000000	-0.1427000000
0.1000000000	-0.1427000000
0.1000000000	-0.1427000000
0.1000000000	-0.1427000000
0.1000000000	-0.1427000000
0.1000000000	-0.1427000000
0.1000000000	-0.1427000000
0.1000000000	-0.1426000000
0.1000000000	-0.1422000000
0.1000000000	-0.1419000000
0.1000000000	-0.1418000000
0.1000000000	-0.1415000000
0.1000000000	-0.1413000000
0.1000000000	-0.1410000000
0.1000000000	-0.1407000000
0.1000000000	-0.1405000000
0.1000000000	-0.1399000000
0.0000000000	-0.1395000000
0.0000000000	-0.1394000000
0.0000000000	-0.1394000000
0.0000000000	-0.1395000000
0.0000000000	-0.1396000000
0.0000000000	-0.1396000000
0.0000000000	-0.1396000000
0.0000000000	-0.1396000000
0.0000000000	-0.1396000000
0.0000000000	-0.1395000000
0.0000000000	-0.1395000000
0.0000000000	-0.1393000000
0.0000000000	-0.1388000000
0.0000000000	-0.1385000000
0.0000000000	-0.1381000000
0.1000000000	-0.1376000000
0.1000000000	-0.1371000000
0.1000000000	-0.1366000000
0.1000000000	-0.1362000000
0.1000000000	-0.1361000000
0.1000000000	-0.1360000000
0.1000000000	-0.1359000000
0.1000000000	-0.1355000000
0.1000000000	-0.1353000000
0.1000000000	-0.1353000000
0.1000000000	-0.1353000000
0.1000000000	-0.1354000000
0.1000000000	-0.1355000000
0.1000000000	-0.1355000000
0.1000000000	-0.1355000000
0.1000000000	-0.1355000000
0.1000000000	-0.1354000000
0.1000000000	-0.1354000000
0.1000000000	-0.1354000000
0.1000000000	-0.1354000000
0.1000000000	-0.1352000000
0.1000000000	-0.1348000000
0.1000000000	-0.1346000000
0.1000000000	-0.1341000000
0.1000000000	-0.1335000000
0.1000000000	-0.1334000000
0.1000000000	-0.1330000000
0.1000000000	-0.1326000000
0.1000000000	-0.1324000000
0.1000000000	-0.1318000000
0.0000000000	-0.1315000000
0.0000000000	-0.1313000000
0.0000000000	-0.1310000000
0.0000000000	-0.1308000000
0.1000000000	-0.1304000000
0.1000000000	-0.1304000000
0.1000000000	-0.1304000000
0.1000000000	-0.1304000000
0.1000000000	-0.1304000000
0.1000000000	-0.1304000000
0.1000000000	-0.1304000000
0.1000000000	-0.1304000000
0.1000000000	-0.1304000000
0.1000000000	-0.1304000000
0.1000000000	-0.1304000000
0.1000000000	-0.1304000000
0.1000000000	-0.1304000000
0.1000000000	-0.1304000000
0.1000000000	-0.1304000000
0.1000000000	-0.1297000000
0.1000000000	-0.1293000000
0.1000000000	-0.1290000000
0.2000000000	-0.1287000000
0.2000000000	-0.1286000000
0.2000000000	-0.1283000000
0.2000000000	-0.1279000000
0.3000000000	-0.1275000000
0.2000000000	-0.1272000000
0.2000000000	-0.1271000000
0.2000000000	-0.1269000000
0.3000000000	-0.1267000000
0.3000000000	-0.1266000000
0.3000000000	-0.1266000000
0.3000000000	-0.1266000000
0.3000000000	-0.1267000000
0.3000000000	-0.1267000000
0.3000000000	-0.1267000000
0.3000000000	-0.1267000000
0.3000000000	-0.1267000000
0.3000000000	-0.1266000000
0.3000000000	-0.1266000000
0.3000000000	-0.1266000000
0.2000000000	-0.1263000000
0.2000000000	-0.1258000000
0.1000000000	-0.1252000000
0.1000000000	-0.1248000000
0.1000000000	-0.1246000000
0.1000000000	-0.1243000000
0.1000000000	-0.1241000000
0.0000000000	-0.1238000000
0.0000000000	-0.1235000000
0.0000000000	-0.1232000000
0.1000000000	-0.1229000000
0.1000000000	-0.1225000000
0.1000000000	-0.1221000000
0.1000000000	-0.1218000000
0.2000000000	-0.1217000000
0.2000000000	-0.1217000000
0.2000000000	-0.1217000000
0.2000000000	-0.1217000000
0.2000000000	-0.1217000000
0.2000000000	-0.1217000000
0.2000000000	-0.1217000000
0.2000000000	-0.1217000000
0.2000000000	-0.1217000000
0.2000000000	-0.1217000000
0.2000000000	-0.1217000000
0.3000000000	-0.1212000000
0.3000000000	-0.1207000000
0.4000000000	-0.1202000000
0.4000000000	-0.1198000000
0.4000000000	-0.1196000000
0.4000000000	-0.1194000000
0.4000000000	-0.1192000000
0.4000000000	-0.1189000000
0.3000000000	-0.1185000000
0.3000000000	-0.1181000000
0.2000000000	-0.1177000000
0.2000000000	-0.1177000000
0.2000000000	-0.1177000000
0.2000000000	-0.1177000000
0.2000000000	-0.1177000000
0.2000000000	-0.1177000000
0.2000000000	-0.1177000000
0.2000000000	-0.1177000000
0.2000000000	-0.1177000000
0.2000000000	-0.1177000000
0.2000000000	-0.1177000000
0.2000000000	-0.1177000000
0.1000000000	-0.1174000000
0.1000000000	-0.1170000000
0.1000000000	-0.1169000000
0.1000000000	-0.1167000000
0.1000000000	-0.1165000000
0.1000000000	-0.1162000000
0.1000000000	-0.1157000000
0.1000000000	-0.1154000000
0.2000000000	-0.1152000000
0.2000000000	-0.1150000000
0.2000000000	-0.1148000000
0.2000000000	-0.1145000000
0.2000000000	-0.1143000000
0.3000000000	-0.1141000000
0.4000000000	-0.1139000000
0.4000000000	-0.1137000000
0.4000000000	-0.1132000000
0.4000000000	-0.1128000000
0.5000000000	-0.1125000000
0.6000000000	-0.1122000000
0.6000000000	-0.1122000000
0.7000000000	-0.1123000000
0.6000000000	-0.1123000000
0.6000000000	-0.1123000000
0.6000000000	-0.1123000000
0.6000000000	-0.1123000000
0.6000000000	-0.1123000000
0.6000000000	-0.1123000000
0.6000000000	-0.1123000000
0.6000000000	-0.1123000000
0.6000000000	-0.1123000000
0.6000000000	-0.1118000000
0.6000000000	-0.1113000000
0.5000000000	-0.1110000000
0.5000000000	-0.1107000000
0.5000000000	-0.1106000000
0.5000000000	-0.1103000000
0.5000000000	-0.1101000000
0.5000000000	-0.1099000000
0.4000000000	-0.1095000000
0.2000000000	-0.1090000000
0.1000000000	-0.1085000000
0.1000000000	-0.1083000000
0.1000000000	-0.1082000000
0.1000000000	-0.1081000000
0.1000000000	-0.1080000000
0.1000000000	-0.1079000000
0.1000000000	-0.1078000000
0.2000000000	-0.1078000000
0.2000000000	-0.1078000000
0.2000000000	-0.1078000000
0.1000000000	-0.1078000000
0.1000000000	-0.1078000000
0.1000000000	-0.1078000000
0.1000000000	-0.1078000000
0.1000000000	-0.1078000000
0.2000000000	-0.1078000000
0.2000000000	-0.1078000000
0.2000000000	-0.1078000000
0.2000000000	-0.1078000000
0.2000000000	-0.1075000000
0.2000000000	-0.1072000000
0.3000000000	-0.1069000000
0.3000000000	-0.1067000000
0.5000000000	-0.1063000000
0.8000000000	-0.1060000000
1.0000000000	-0.1059000000
1.0000000000	-0.1058000000
1.1000000000	-0.1055000000
1.1000000000	-0.1051000000
1.7000000000	-0.1047000000
1.7000000000	-0.1044000000
1.7000000000	-0.1040000000
2.0000000000	-0.1037000000
2.1000000000	-0.1035000000
2.0000000000	-0.1034000000
1.8000000000	-0.1033000000
1.8000000000	-0.1033000000
1.8000000000	-0.1033000000
1.5000000000	-0.1033000000
1.4000000000	-0.1034000000
1.4000000000	-0.1034000000
1.4000000000	-0.1034000000
1.4000000000	-0.1034000000
1.4000000000	-0.1033000000
1.4000000000	-0.1033000000
1.4000000000	-0.1033000000
1.5000000000	-0.1031000000
1.1000000000	-0.1026000000
0.7000000000	-0.1023000000
0.6000000000	-0.1020000000
0.6000000000	-0.1017000000
0.4000000000	-0.1013000000
0.2000000000	-0.1011000000
0.1000000000	-0.1008000000
0.1000000000	-0.1005000000
0.2000000000	-0.1001000000
1.3000000000	-0.0995000000
1.6000000000	-0.0992000000
3.0000000000	-0.0990000000
4.2000000000	-0.0989000000
4.3000000000	-0.0989000000
4.3000000000	-0.0989000000
4.1000000000	-0.0989000000
4.4000000000	-0.0989000000
4.3000000000	-0.0989000000
4.4000000000	-0.0989000000
4.4000000000	-0.0989000000
4.6000000000	-0.0989000000
4.7000000000	-0.0989000000
4.8000000000	-0.0989000000
4.8000000000	-0.0989000000
4.7000000000	-0.0989000000
5.3000000000	-0.0988000000
5.9000000000	-0.0986000000
5.8000000000	-0.0982000000
10.3000000000	-0.0978000000
13.0000000000	-0.0975000000
13.2000000000	-0.0973000000
13.2000000000	-0.0972000000
13.3000000000	-0.0971000000
13.5000000000	-0.0970000000
13.6000000000	-0.0969000000
12.8000000000	-0.0966000000
15.2000000000	-0.0963000000
22.9000000000	-0.0959000000
20.9000000000	-0.0954000000
28.8000000000	-0.0952000000
31.2000000000	-0.0951000000
31.5000000000	-0.0951000000
31.5000000000	-0.0951000000
31.2000000000	-0.0951000000
31.0000000000	-0.0951000000
31.0000000000	-0.0951000000
31.1000000000	-0.0951000000
31.2000000000	-0.0951000000
31.4000000000	-0.0951000000
31.5000000000	-0.0951000000
31.5000000000	-0.0951000000
31.5000000000	-0.0951000000
31.6000000000	-0.0951000000
31.6000000000	-0.0951000000
28.2000000000	-0.0946000000
27.7000000000	-0.0943000000
32.6000000000	-0.0940000000
37.8000000000	-0.0938000000
36.8000000000	-0.0936000000
35.1000000000	-0.0935000000
29.6000000000	-0.0932000000
33.6000000000	-0.0929000000
37.9000000000	-0.0925000000
33.6000000000	-0.0922000000
27.6000000000	-0.0919000000
29.4000000000	-0.0916000000
33.0000000000	-0.0913000000
32.1000000000	-0.0911000000
31.9000000000	-0.0911000000
32.0000000000	-0.0912000000
32.3000000000	-0.0912000000
32.7000000000	-0.0912000000
32.6000000000	-0.0912000000
32.5000000000	-0.0912000000
32.4000000000	-0.0912000000
32.0000000000	-0.0912000000
32.0000000000	-0.0912000000
32.2000000000	-0.0912000000
32.4000000000	-0.0912000000
32.5000000000	-0.0911000000
23.9000000000	-0.0908000000
23.2000000000	-0.0907000000
21.2000000000	-0.0904000000
22.7000000000	-0.0901000000
19.1000000000	-0.0896000000
13.6000000000	-0.0891000000
11.9000000000	-0.0887000000
7.0000000000	-0.0883000000
6.1000000000	-0.0881000000
6.0000000000	-0.0881000000
6.0000000000	-0.0880000000
6.0000000000	-0.0880000000
6.0000000000	-0.0880000000
6.0000000000	-0.0881000000
6.0000000000	-0.0881000000
6.0000000000	-0.0881000000
6.0000000000	-0.0881000000
6.0000000000	-0.0881000000
6.0000000000	-0.0881000000
6.0000000000	-0.0881000000
6.0000000000	-0.0881000000
6.0000000000	-0.0881000000
6.1000000000	-0.0881000000
6.0000000000	-0.0881000000
4.9000000000	-0.0875000000
3.4000000000	-0.0873000000
1.8000000000	-0.0869000000
1.4000000000	-0.0864000000
0.7000000000	-0.0861000000
0.3000000000	-0.0859000000
0.2000000000	-0.0857000000
0.2000000000	-0.0854000000
0.4000000000	-0.0851000000
0.7000000000	-0.0847000000
0.8000000000	-0.0844000000
0.9000000000	-0.0841000000
0.9000000000	-0.0841000000
0.9000000000	-0.0841000000
0.9000000000	-0.0841000000
0.9000000000	-0.0841000000
0.9000000000	-0.0841000000
0.9000000000	-0.0841000000
0.9000000000	-0.0841000000
0.9000000000	-0.0841000000
1.0000000000	-0.0841000000
1.0000000000	-0.0841000000
0.9000000000	-0.0841000000
0.9000000000	-0.0841000000
1.2000000000	-0.0838000000
1.7000000000	-0.0833000000
1.8000000000	-0.0829000000
2.1000000000	-0.0825000000
1.9000000000	-0.0823000000
1.7000000000	-0.0821000000
1.5000000000	-0.0819000000
1.6000000000	-0.0816000000
1.6000000000	-0.0812000000
1.1000000000	-0.0810000000
1.0000000000	-0.0808000000
1.0000000000	-0.0805000000
1.0000000000	-0.0805000000
1.0000000000	-0.0805000000
1.0000000000	-0.0805000000
1.0000000000	-0.0805000000
1.0000000000	-0.0805000000
1.0000000000	-0.0805000000
1.0000000000	-0.0806000000
0.9000000000	-0.0806000000
0.9000000000	-0.0806000000
0.9000000000	-0.0806000000
0.9000000000	-0.0806000000
0.9000000000	-0.0806000000
0.9000000000	-0.0806000000
0.9000000000	-0.0806000000
0.9000000000	-0.0804000000
0.6000000000	-0.0796000000
0.2000000000	-0.0789000000
0.1000000000	-0.0785000000
0.1000000000	-0.0782000000
0.1000000000	-0.0781000000
0.1000000000	-0.0781000000
0.1000000000	-0.0780000000
0.1000000000	-0.0778000000
0.1000000000	-0.0778000000
0.1000000000	-0.0775000000
0.1000000000	-0.0772000000
0.2000000000	-0.0769000000
0.2000000000	-0.0767000000
0.2000000000	-0.0765000000
0.2000000000	-0.0763000000
0.2000000000	-0.0763000000
0.2000000000	-0.0763000000
0.2000000000	-0.0764000000
0.3000000000	-0.0764000000
0.3000000000	-0.0764000000
0.3000000000	-0.0764000000
0.3000000000	-0.0764000000
0.3000000000	-0.0764000000
0.3000000000	-0.0764000000
0.3000000000	-0.0764000000
0.3000000000	-0.0764000000
0.3000000000	-0.0763000000
0.4000000000	-0.0759000000
0.4000000000	-0.0755000000
0.5000000000	-0.0752000000
0.6000000000	-0.0749000000
0.6000000000	-0.0745000000
0.5000000000	-0.0743000000
0.5000000000	-0.0741000000
0.6000000000	-0.0738000000
0.6000000000	-0.0735000000
0.4000000000	-0.0731000000
0.5000000000	-0.0728000000
0.4000000000	-0.0725000000
0.2000000000	-0.0723000000
0.2000000000	-0.0722000000
0.2000000000	-0.0722000000
0.2000000000	-0.0722000000
0.2000000000	-0.0722000000
0.2000000000	-0.0722000000
0.2000000000	-0.0722000000
0.2000000000	-0.0722000000
0.2000000000	-0.0722000000
0.2000000000	-0.0722000000
0.2000000000	-0.0722000000
0.2000000000	-0.0722000000
0.2000000000	-0.0722000000
0.2000000000	-0.0722000000
0.2000000000	-0.0722000000
0.2000000000	-0.0718000000
0.1000000000	-0.0711000000
0.1000000000	-0.0709000000
0.1000000000	-0.0706000000
0.1000000000	-0.0703000000
0.1000000000	-0.0699000000
0.1000000000	-0.0695000000
0.1000000000	-0.0693000000
0.1000000000	-0.0691000000
0.2000000000	-0.0688000000
0.2000000000	-0.0687000000
0.2000000000	-0.0684000000
0.2000000000	-0.0682000000
0.2000000000	-0.0682000000
0.2000000000	-0.0682000000
0.2000000000	-0.0682000000
0.2000000000	-0.0682000000
0.2000000000	-0.0682000000
0.2000000000	-0.0682000000
0.2000000000	-0.0682000000
0.2000000000	-0.0682000000
0.2000000000	-0.0682000000
0.2000000000	-0.0682000000
0.2000000000	-0.0682000000
0.2000000000	-0.0677000000
0.3000000000	-0.0675000000
0.3000000000	-0.0673000000
0.2000000000	-0.0670000000
0.2000000000	-0.0668000000
0.3000000000	-0.0667000000
0.3000000000	-0.0665000000
0.3000000000	-0.0663000000
0.2000000000	-0.0661000000
0.2000000000	-0.0656000000
0.2000000000	-0.0653000000
0.2000000000	-0.0649000000
0.2000000000	-0.0646000000
0.1000000000	-0.0645000000
0.1000000000	-0.0645000000
0.1000000000	-0.0645000000
0.1000000000	-0.0645000000
0.1000000000	-0.0645000000
0.1000000000	-0.0645000000
0.1000000000	-0.0645000000
0.1000000000	-0.0645000000
0.1000000000	-0.0645000000
0.1000000000	-0.0645000000
0.1000000000	-0.0645000000
0.1000000000	-0.0645000000
0.1000000000	-0.0645000000
0.1000000000	-0.0642000000
0.1000000000	-0.0637000000
0.1000000000	-0.0633000000
0.1000000000	-0.0629000000
0.1000000000	-0.0627000000
0.1000000000	-0.0624000000
0.1000000000	-0.0621000000
0.1000000000	-0.0620000000
0.1000000000	-0.0617000000
0.1000000000	-0.0614000000
0.1000000000	-0.0611000000
0.1000000000	-0.0609000000
0.1000000000	-0.0607000000
0.1000000000	-0.0604000000
0.1000000000	-0.0601000000
0.2000000000	-0.0599000000
0.2000000000	-0.0598000000
0.2000000000	-0.0598000000
0.2000000000	-0.0598000000
0.2000000000	-0.0598000000
0.2000000000	-0.0598000000
0.2000000000	-0.0598000000
0.2000000000	-0.0598000000
0.2000000000	-0.0598000000
0.2000000000	-0.0598000000
0.2000000000	-0.0598000000
0.2000000000	-0.0598000000
0.2000000000	-0.0596000000
0.2000000000	-0.0589000000
0.2000000000	-0.0585000000
0.2000000000	-0.0581000000
0.2000000000	-0.0579000000
0.2000000000	-0.0577000000
0.2000000000	-0.0577000000
0.2000000000	-0.0575000000
0.2000000000	-0.0574000000
0.1000000000	-0.0571000000
0.1000000000	-0.0568000000
0.1000000000	-0.0564000000
0.1000000000	-0.0560000000
0.1000000000	-0.0559000000
0.1000000000	-0.0559000000
0.1000000000	-0.0559000000
0.1000000000	-0.0560000000
0.1000000000	-0.0560000000
0.1000000000	-0.0560000000
0.1000000000	-0.0560000000
0.1000000000	-0.0560000000
0.1000000000	-0.0559000000
0.1000000000	-0.0559000000
0.1000000000	-0.0559000000
0.1000000000	-0.0559000000
0.0000000000	-0.0553000000
0.0000000000	-0.0549000000
0.0000000000	-0.0544000000
0.1000000000	-0.0540000000
0.1000000000	-0.0538000000
0.1000000000	-0.0536000000
0.1000000000	-0.0534000000
0.1000000000	-0.0531000000
0.1000000000	-0.0529000000
0.1000000000	-0.0526000000
0.1000000000	-0.0523000000
0.1000000000	-0.0519000000
0.1000000000	-0.0517000000
0.1000000000	-0.0517000000
0.1000000000	-0.0517000000
0.1000000000	-0.0517000000
0.1000000000	-0.0518000000
0.1000000000	-0.0518000000
0.1000000000	-0.0518000000
0.1000000000	-0.0518000000
0.1000000000	-0.0518000000
0.1000000000	-0.0517000000
0.1000000000	-0.0517000000
0.1000000000	-0.0517000000
0.1000000000	-0.0517000000
0.2000000000	-0.0513000000
0.2000000000	-0.0509000000
0.1000000000	-0.0506000000
0.1000000000	-0.0503000000
0.1000000000	-0.0501000000
0.1000000000	-0.0498000000
0.1000000000	-0.0496000000
0.1000000000	-0.0494000000
0.1000000000	-0.0491000000
0.1000000000	-0.0490000000
0.1000000000	-0.0488000000
0.1000000000	-0.0485000000
0.0000000000	-0.0481000000
0.0000000000	-0.0478000000
0.0000000000	-0.0476000000
0.0000000000	-0.0476000000
0.0000000000	-0.0476000000
0.0000000000	-0.0477000000
0.0000000000	-0.0477000000
0.0000000000	-0.0477000000
0.0000000000	-0.0477000000
0.0000000000	-0.0477000000
0.0000000000	-0.0476000000
0.0000000000	-0.0476000000
0.0000000000	-0.0476000000
0.0000000000	-0.0475000000
0.0000000000	-0.0470000000
0.0000000000	-0.0466000000
0.1000000000	-0.0461000000
0.1000000000	-0.0457000000
0.1000000000	-0.0455000000
0.1000000000	-0.0452000000
0.1000000000	-0.0450000000
0.1000000000	-0.0447000000
0.1000000000	-0.0445000000
0.1000000000	-0.0443000000
0.1000000000	-0.0439000000
0.1000000000	-0.0437000000
0.1000000000	-0.0437000000
0.1000000000	-0.0437000000
0.1000000000	-0.0438000000
0.1000000000	-0.0438000000
0.1000000000	-0.0438000000
0.1000000000	-0.0438000000
0.1000000000	-0.0438000000
0.1000000000	-0.0438000000
0.1000000000	-0.0438000000
0.1000000000	-0.0438000000
0.1000000000	-0.0438000000
0.1000000000	-0.0434000000
0.1000000000	-0.0428000000
0.1000000000	-0.0423000000
0.1000000000	-0.0419000000
0.1000000000	-0.0417000000
0.1000000000	-0.0414000000
0.1000000000	-0.0410000000
0.0000000000	-0.0406000000
0.0000000000	-0.0402000000
0.0000000000	-0.0399000000
0.0000000000	-0.0396000000
0.0000000000	-0.0395000000
0.0000000000	-0.0395000000
0.0000000000	-0.0395000000
0.0000000000	-0.0395000000
0.0000000000	-0.0395000000
0.0000000000	-0.0395000000
0.0000000000	-0.0395000000
0.0000000000	-0.0395000000
0.0000000000	-0.0395000000
0.0000000000	-0.0395000000
0.0000000000	-0.0395000000
0.0000000000	-0.0395000000
0.0000000000	-0.0390000000
0.0000000000	-0.0386000000
0.1000000000	-0.0381000000
0.1000000000	-0.0380000000
0.1000000000	-0.0377000000
0.1000000000	-0.0374000000
0.1000000000	-0.0371000000
0.1000000000	-0.0368000000
0.1000000000	-0.0365000000
0.1000000000	-0.0362000000
0.1000000000	-0.0360000000
0.1000000000	-0.0358000000
0.1000000000	-0.0356000000
0.1000000000	-0.0355000000
0.1000000000	-0.0355000000
0.1000000000	-0.0355000000
0.1000000000	-0.0356000000
0.1000000000	-0.0356000000
0.1000000000	-0.0356000000
0.1000000000	-0.0356000000
0.1000000000	-0.0356000000
0.1000000000	-0.0355000000
0.1000000000	-0.0355000000
0.1000000000	-0.0355000000
0.1000000000	-0.0353000000
0.1000000000	-0.0351000000
0.1000000000	-0.0350000000
0.1000000000	-0.0348000000
0.1000000000	-0.0346000000
0.1000000000	-0.0345000000
0.1000000000	-0.0340000000
0.1000000000	-0.0337000000
0.1000000000	-0.0333000000
0.0000000000	-0.0328000000
0.0000000000	-0.0324000000
0.0000000000	-0.0321000000
0.0000000000	-0.0318000000
0.0000000000	-0.0316000000
0.0000000000	-0.0315000000
0.0000000000	-0.0315000000
0.0000000000	-0.0316000000
0.0000000000	-0.0316000000
0.0000000000	-0.0316000000
0.0000000000	-0.0316000000
0.0000000000	-0.0316000000
0.0000000000	-0.0316000000
0.0000000000	-0.0316000000
0.0000000000	-0.0316000000
0.0000000000	-0.0315000000
0.0000000000	-0.0315000000
0.0000000000	-0.0309000000
0.0000000000	-0.0303000000
0.1000000000	-0.0299000000
0.1000000000	-0.0296000000
0.1000000000	-0.0295000000
0.1000000000	-0.0293000000
0.1000000000	-0.0291000000
0.1000000000	-0.0288000000
0.1000000000	-0.0286000000
0.1000000000	-0.0284000000
0.1000000000	-0.0281000000
0.1000000000	-0.0277000000
0.1000000000	-0.0274000000
0.1000000000	-0.0272000000
0.1000000000	-0.0271000000
0.1000000000	-0.0272000000
0.1000000000	-0.0273000000
0.1000000000	-0.0273000000
0.1000000000	-0.0273000000
0.1000000000	-0.0273000000
0.1000000000	-0.0273000000
0.1000000000	-0.0273000000
0.1000000000	-0.0273000000
0.1000000000	-0.0273000000
0.1000000000	-0.0271000000
0.1000000000	-0.0267000000
0.1000000000	-0.0262000000
0.0000000000	-0.0258000000
0.0000000000	-0.0256000000
0.0000000000	-0.0254000000
0.0000000000	-0.0253000000
0.0000000000	-0.0251000000
0.0000000000	-0.0250000000
0.0000000000	-0.0246000000
0.0000000000	-0.0242000000
0.0000000000	-0.0236000000
0.0000000000	-0.0233000000
0.0000000000	-0.0231000000
0.0000000000	-0.0230000000
0.0000000000	-0.0230000000
0.0000000000	-0.0230000000
0.0000000000	-0.0230000000
0.0000000000	-0.0230000000
0.0000000000	-0.0230000000
0.0000000000	-0.0230000000
0.0000000000	-0.0230000000
0.0000000000	-0.0230000000
0.0000000000	-0.0230000000
0.0000000000	-0.0230000000
0.0000000000	-0.0230000000
0.0000000000	-0.0225000000
0.0000000000	-0.0220000000
0.0000000000	-0.0217000000
0.1000000000	-0.0214000000
0.1000000000	-0.0210000000
0.1000000000	-0.0206000000
0.1000000000	-0.0202000000
0.1000000000	-0.0200000000
0.1000000000	-0.0198000000
0.1000000000	-0.0198000000
0.1000000000	-0.0197000000
0.1000000000	-0.0196000000
0.0000000000	-0.0194000000
0.0000000000	-0.0192000000
0.0000000000	-0.0190000000
0.0000000000	-0.0189000000
0.0000000000	-0.0188000000
0.0000000000	-0.0188000000
0.0000000000	-0.0188000000
0.0000000000	-0.0189000000
0.0000000000	-0.0189000000
0.0000000000	-0.0189000000
0.0000000000	-0.0189000000
0.0000000000	-0.0188000000
0.0000000000	-0.0188000000
0.0000000000	-0.0188000000
0.1000000000	-0.0187000000
0.0000000000	-0.0179000000
0.0000000000	-0.0172000000
0.0000000000	-0.0166000000
0.0000000000	-0.0164000000
0.0000000000	-0.0162000000
0.0000000000	-0.0160000000
0.0000000000	-0.0159000000
0.0000000000	-0.0155000000
0.0000000000	-0.0152000000
0.0000000000	-0.0149000000
0.0000000000	-0.0146000000
0.0000000000	-0.0144000000
0.0000000000	-0.0142000000
0.0000000000	-0.0142000000
0.0000000000	-0.0142000000
0.0000000000	-0.0142000000
0.0000000000	-0.0142000000
0.0000000000	-0.0142000000
0.0000000000	-0.0142000000
0.0000000000	-0.0142000000
0.0000000000	-0.0142000000
0.0000000000	-0.0142000000
0.0000000000	-0.0142000000
0.0000000000	-0.0140000000
0.0000000000	-0.0134000000
0.0000000000	-0.0130000000
0.0000000000	-0.0124000000
0.1000000000	-0.0122000000
0.1000000000	-0.0119000000
0.1000000000	-0.0117000000
0.0000000000	-0.0114000000
0.0000000000	-0.0109000000
0.0000000000	-0.0103000000
0.0000000000	-0.0100000000
0.0000000000	-0.0098000000
0.0000000000	-0.0098000000
0.0000000000	-0.0098000000
0.0000000000	-0.0098000000
0.0000000000	-0.0098000000
0.0000000000	-0.0098000000
0.0000000000	-0.0098000000
0.0000000000	-0.0098000000
0.0000000000	-0.0098000000
0.0000000000	-0.0098000000
0.0000000000	-0.0098000000
0.0000000000	-0.0098000000
0.0000000000	-0.0098000000
0.0000000000	-0.0098000000
0.0000000000	-0.0098000000
0.0000000000	-0.0095000000
0.0000000000	-0.0092000000
0.0000000000	-0.0088000000
0.0000000000	-0.0086000000
0.0000000000	-0.0083000000
0.0000000000	-0.0079000000
0.0000000000	-0.0074000000
0.0000000000	-0.0071000000
0.0000000000	-0.0070000000
0.0000000000	-0.0068000000
0.0000000000	-0.0067000000
0.0000000000	-0.0064000000
0.0000000000	-0.0061000000
0.0000000000	-0.0059000000
0.0000000000	-0.0056000000
0.0000000000	-0.0055000000
0.0000000000	-0.0055000000
0.0000000000	-0.0055000000
0.0000000000	-0.0055000000
0.0000000000	-0.0055000000
0.0000000000	-0.0055000000
0.0000000000	-0.0055000000
0.0000000000	-0.0055000000
0.0000000000	-0.0055000000
0.0000000000	-0.0055000000
0.0000000000	-0.0055000000
0.0000000000	-0.0054000000
0.0000000000	-0.0052000000
0.0000000000	-0.0051000000
0.0000000000	-0.0050000000
0.0000000000	-0.0046000000
0.1000000000	-0.0043000000
0.0000000000	-0.0039000000
0.0000000000	-0.0034000000
0.0000000000	-0.0033000000
0.0000000000	-0.0032000000
0.0000000000	-0.0030000000
0.0000000000	-0.0028000000
0.0000000000	-0.0025000000
0.0000000000	-0.0023000000
0.0000000000	-0.0021000000
0.0000000000	-0.0020000000
0.0000000000	-0.0020000000
0.0000000000	-0.0020000000
0.0000000000	-0.0020000000
0.0000000000	-0.0020000000
0.0000000000	-0.0020000000
0.0000000000	-0.0020000000
0.0000000000	-0.0020000000
0.0000000000	-0.0020000000
0.0000000000	-0.0020000000
0.0000000000	-0.0020000000
0.0000000000	-0.0017000000
0.0000000000	-0.0010000000
0.0000000000	-0.0002370000
0.0000000000	0.0001180000
0.0000000000	0.0001180000
0.0000000000	0.0001180000
0.0000000000	0.0001180000
0.0000000000	0.0001180000
0.0000000000	0.0001180000
0.0000000000	0.0001180000
0.0000000000	0.0001380000
0.0000000000	0.0001380000
0.0000000000	0.0001580000
0.0000000000	0.0001780000
0.0000000000	0.0001780000
0.0000000000	0.0001970000
0.0000000000	0.0001970000
0.0000000000	0.0001970000
0.0000000000	0.0001780000
0.0000000000	0.0001780000
0.0000000000	0.0001780000
0.0000000000	0.0001780000
0.0000000000	0.0001580000
0.0000000000	0.0001180000
0.0000000000	0.0000986000
0.0000000000	0.0000986000
0.0000000000	0.0000986000
0.0000000000	0.0000986000
0.0000000000	0.0000986000
0.0000000000	0.0000986000
0.0000000000	0.0000986000
0.0000000000	0.0000986000
0.0000000000	0.0000986000
0.0000000000	0.0000986000
0.0000000000	0.0000986000
0.0000000000	0.0000986000
0.0000000000	0.0000986000
0.0000000000	0.0000986000
0.0000000000	0.0000986000
0.0000000000	0.0000986000
0.0000000000	0.0000986000
0.0000000000	0.0000986000
0.0000000000	0.0000986000
