Light Intensity (% of scale max) Alessandra_0.16_1.5_lampadina	Position (m) Alessandra_0.16_1.5_lampadina
0.0000000000	0.0000000000
0.0000000000	0.0000000000
0.0000000000	0.0000000000
0.0000000000	0.0000000000
0.0000000000	0.0000000000
0.0000000000	0.0000000000
0.0000000000	0.0000000000
0.0000000000	0.0000000000
0.0000000000	0.0000000000
0.0000000000	0.0000000000
0.0000000000	0.0000000000
0.0000000000	0.0000000000
0.0000000000	0.0000000000
0.0000000000	0.0000000000
0.0000000000	0.0000000000
0.0000000000	0.0000000000
0.0000000000	0.0000000000
0.0000000000	0.0000000000
0.0000000000	0.0000000000
0.0000000000	0.0000000000
0.0000000000	-0.0000197000
0.0000000000	-0.0000197000
0.0000000000	-0.0000197000
0.0000000000	-0.0000197000
0.0000000000	-0.0000395000
0.0000000000	-0.0000395000
0.0000000000	-0.0000395000
0.0000000000	-0.0000395000
0.0000000000	-0.0000395000
0.0000000000	-0.0000592000
0.0000000000	-0.0000592000
0.0000000000	-0.0000592000
0.0000000000	-0.0000592000
0.0000000000	-0.0000592000
0.0000000000	-0.0000592000
0.0000000000	-0.0000395000
0.0000000000	-0.0000197000
0.0000000000	-0.0000197000
0.0000000000	-0.0000197000
0.0000000000	-0.0000197000
0.0000000000	-0.0000395000
0.0000000000	-0.0000395000
0.0000000000	-0.0000592000
0.0000000000	-0.0000592000
0.0000000000	-0.0003950000
0.0000000000	-0.0006900000
0.0000000000	-0.0009470000
0.0000000000	-0.0012000000
0.0000000000	-0.0016000000
0.0000000000	-0.0019000000
0.0000000000	-0.0022000000
0.0000000000	-0.0025000000
0.0000000000	-0.0027000000
0.0000000000	-0.0028000000
0.0000000000	-0.0030000000
0.0000000000	-0.0031000000
0.0000000000	-0.0033000000
0.0000000000	-0.0036000000
0.0000000000	-0.0039000000
0.0000000000	-0.0043000000
0.0000000000	-0.0046000000
0.0000000000	-0.0049000000
0.0000000000	-0.0050000000
0.0000000000	-0.0051000000
0.0000000000	-0.0051000000
0.0000000000	-0.0052000000
0.0000000000	-0.0053000000
0.0000000000	-0.0056000000
0.0000000000	-0.0058000000
0.0000000000	-0.0060000000
0.0000000000	-0.0062000000
0.0000000000	-0.0064000000
0.0000000000	-0.0065000000
0.0000000000	-0.0066000000
0.0000000000	-0.0067000000
0.0000000000	-0.0070000000
0.0000000000	-0.0073000000
0.0000000000	-0.0077000000
0.0000000000	-0.0079000000
0.0000000000	-0.0081000000
0.0000000000	-0.0081000000
0.0000000000	-0.0081000000
0.0000000000	-0.0081000000
0.0000000000	-0.0081000000
0.0000000000	-0.0081000000
0.0000000000	-0.0081000000
0.0000000000	-0.0081000000
0.0000000000	-0.0081000000
0.0000000000	-0.0081000000
0.0000000000	-0.0081000000
0.0000000000	-0.0081000000
0.0000000000	-0.0081000000
0.0000000000	-0.0081000000
0.0000000000	-0.0081000000
0.0000000000	-0.0081000000
0.0000000000	-0.0082000000
0.0000000000	-0.0083000000
0.0000000000	-0.0087000000
0.0000000000	-0.0091000000
0.0000000000	-0.0094000000
0.0000000000	-0.0096000000
0.0000000000	-0.0100000000
0.0000000000	-0.0103000000
0.0000000000	-0.0104000000
0.0000000000	-0.0107000000
0.0000000000	-0.0109000000
0.0000000000	-0.0112000000
0.0000000000	-0.0115000000
0.0000000000	-0.0118000000
0.0000000000	-0.0121000000
0.0000000000	-0.0123000000
0.0000000000	-0.0124000000
0.0000000000	-0.0124000000
0.0000000000	-0.0124000000
0.0000000000	-0.0126000000
0.0000000000	-0.0128000000
0.0000000000	-0.0130000000
0.0000000000	-0.0133000000
0.0000000000	-0.0137000000
0.0000000000	-0.0141000000
0.0000000000	-0.0144000000
0.0000000000	-0.0147000000
0.0000000000	-0.0151000000
0.0000000000	-0.0156000000
0.0000000000	-0.0157000000
0.0000000000	-0.0157000000
0.0000000000	-0.0157000000
0.0000000000	-0.0157000000
0.0000000000	-0.0157000000
0.0000000000	-0.0157000000
0.0000000000	-0.0157000000
0.0000000000	-0.0157000000
0.0000000000	-0.0157000000
0.0000000000	-0.0157000000
0.0000000000	-0.0157000000
0.0000000000	-0.0157000000
0.0000000000	-0.0157000000
0.0000000000	-0.0157000000
0.0000000000	-0.0157000000
0.0000000000	-0.0157000000
0.0000000000	-0.0157000000
0.0000000000	-0.0158000000
0.0000000000	-0.0158000000
0.0000000000	-0.0160000000
0.0000000000	-0.0163000000
0.0000000000	-0.0169000000
0.0000000000	-0.0173000000
0.0000000000	-0.0176000000
0.0000000000	-0.0179000000
0.0000000000	-0.0180000000
0.0000000000	-0.0181000000
0.0000000000	-0.0181000000
0.0000000000	-0.0183000000
0.0000000000	-0.0185000000
0.0000000000	-0.0188000000
0.0000000000	-0.0190000000
0.0000000000	-0.0191000000
0.0000000000	-0.0193000000
0.0000000000	-0.0195000000
0.0000000000	-0.0197000000
0.0000000000	-0.0199000000
0.0000000000	-0.0202000000
0.0000000000	-0.0205000000
0.0000000000	-0.0209000000
0.0000000000	-0.0213000000
0.0000000000	-0.0216000000
0.0000000000	-0.0218000000
0.0000000000	-0.0221000000
0.0000000000	-0.0222000000
0.0000000000	-0.0224000000
0.0000000000	-0.0226000000
0.0000000000	-0.0228000000
0.0000000000	-0.0230000000
0.0000000000	-0.0233000000
0.0000000000	-0.0235000000
0.0000000000	-0.0236000000
0.0000000000	-0.0237000000
0.0000000000	-0.0237000000
0.0000000000	-0.0238000000
0.0000000000	-0.0238000000
0.0000000000	-0.0238000000
0.0000000000	-0.0238000000
0.0000000000	-0.0238000000
0.0000000000	-0.0238000000
0.0000000000	-0.0238000000
0.0000000000	-0.0238000000
0.0000000000	-0.0238000000
0.0000000000	-0.0238000000
0.0000000000	-0.0238000000
0.0000000000	-0.0238000000
0.0000000000	-0.0238000000
0.0000000000	-0.0238000000
0.0000000000	-0.0238000000
0.0000000000	-0.0238000000
0.0000000000	-0.0243000000
0.0000000000	-0.0247000000
0.0000000000	-0.0250000000
0.0000000000	-0.0252000000
0.0000000000	-0.0254000000
0.0000000000	-0.0255000000
0.0000000000	-0.0258000000
0.0000000000	-0.0260000000
0.0000000000	-0.0262000000
0.0000000000	-0.0265000000
0.0000000000	-0.0269000000
0.0000000000	-0.0271000000
0.0000000000	-0.0273000000
0.0000000000	-0.0274000000
0.0000000000	-0.0275000000
0.0000000000	-0.0275000000
0.0000000000	-0.0276000000
0.0000000000	-0.0279000000
0.0000000000	-0.0282000000
0.0000000000	-0.0283000000
0.0000000000	-0.0287000000
0.0000000000	-0.0290000000
0.0000000000	-0.0293000000
0.0000000000	-0.0296000000
0.0000000000	-0.0299000000
0.0000000000	-0.0301000000
0.0000000000	-0.0302000000
0.0000000000	-0.0302000000
0.0000000000	-0.0302000000
0.0000000000	-0.0302000000
0.0000000000	-0.0302000000
0.0000000000	-0.0302000000
0.0000000000	-0.0302000000
0.0000000000	-0.0302000000
0.0000000000	-0.0302000000
0.0000000000	-0.0302000000
0.0000000000	-0.0302000000
0.0000000000	-0.0302000000
0.0000000000	-0.0302000000
0.0000000000	-0.0302000000
0.0000000000	-0.0302000000
0.0000000000	-0.0302000000
0.0000000000	-0.0304000000
0.0000000000	-0.0307000000
0.0000000000	-0.0309000000
0.0000000000	-0.0312000000
0.0000000000	-0.0316000000
0.0000000000	-0.0318000000
0.0000000000	-0.0320000000
0.0000000000	-0.0322000000
0.0000000000	-0.0324000000
0.0000000000	-0.0326000000
0.0000000000	-0.0328000000
0.0000000000	-0.0328000000
0.0000000000	-0.0328000000
0.0000000000	-0.0329000000
0.0000000000	-0.0331000000
0.0000000000	-0.0333000000
0.0000000000	-0.0335000000
0.0000000000	-0.0337000000
0.0000000000	-0.0338000000
0.0000000000	-0.0340000000
0.0000000000	-0.0341000000
0.0000000000	-0.0343000000
0.0000000000	-0.0344000000
0.0000000000	-0.0345000000
0.0000000000	-0.0347000000
0.0000000000	-0.0348000000
0.0000000000	-0.0350000000
0.0000000000	-0.0352000000
0.0000000000	-0.0354000000
0.0000000000	-0.0356000000
0.0000000000	-0.0356000000
0.0000000000	-0.0358000000
0.0000000000	-0.0359000000
0.0000000000	-0.0360000000
0.0000000000	-0.0362000000
0.0000000000	-0.0363000000
0.0000000000	-0.0364000000
0.0000000000	-0.0365000000
0.0000000000	-0.0367000000
0.0000000000	-0.0371000000
0.0000000000	-0.0374000000
0.0000000000	-0.0378000000
0.0000000000	-0.0381000000
0.0000000000	-0.0381000000
0.0000000000	-0.0383000000
0.0000000000	-0.0383000000
0.0000000000	-0.0382000000
0.0000000000	-0.0382000000
0.0000000000	-0.0382000000
0.0000000000	-0.0382000000
0.0000000000	-0.0382000000
0.0000000000	-0.0382000000
0.0000000000	-0.0382000000
0.0000000000	-0.0382000000
0.0000000000	-0.0382000000
0.0000000000	-0.0382000000
0.0000000000	-0.0382000000
0.0000000000	-0.0382000000
0.0000000000	-0.0383000000
0.0000000000	-0.0383000000
0.0000000000	-0.0383000000
0.0000000000	-0.0383000000
0.0000000000	-0.0383000000
0.0000000000	-0.0383000000
0.0000000000	-0.0383000000
0.0000000000	-0.0384000000
0.0000000000	-0.0385000000
0.0000000000	-0.0387000000
0.0000000000	-0.0388000000
0.0000000000	-0.0390000000
0.0000000000	-0.0391000000
0.0000000000	-0.0392000000
0.0000000000	-0.0393000000
0.0000000000	-0.0395000000
0.0000000000	-0.0396000000
0.0000000000	-0.0397000000
0.0000000000	-0.0397000000
0.0000000000	-0.0398000000
0.0000000000	-0.0399000000
0.0000000000	-0.0401000000
0.0000000000	-0.0403000000
0.0000000000	-0.0405000000
0.0000000000	-0.0408000000
0.0000000000	-0.0411000000
0.0000000000	-0.0413000000
0.0000000000	-0.0414000000
0.0000000000	-0.0414000000
0.0000000000	-0.0414000000
0.0000000000	-0.0414000000
0.0000000000	-0.0415000000
0.0000000000	-0.0416000000
0.0000000000	-0.0417000000
0.0000000000	-0.0418000000
0.0000000000	-0.0419000000
0.0000000000	-0.0420000000
0.0000000000	-0.0421000000
0.0000000000	-0.0422000000
0.0000000000	-0.0423000000
0.0000000000	-0.0425000000
0.0000000000	-0.0426000000
0.0000000000	-0.0428000000
0.0000000000	-0.0429000000
0.0000000000	-0.0431000000
0.0000000000	-0.0432000000
0.0000000000	-0.0433000000
0.0000000000	-0.0435000000
0.0000000000	-0.0437000000
0.0000000000	-0.0439000000
0.0000000000	-0.0440000000
0.0000000000	-0.0442000000
0.0000000000	-0.0443000000
0.0000000000	-0.0444000000
0.0000000000	-0.0446000000
0.0000000000	-0.0447000000
0.0000000000	-0.0448000000
0.0000000000	-0.0448000000
0.0000000000	-0.0449000000
0.0000000000	-0.0450000000
0.0000000000	-0.0451000000
0.0000000000	-0.0451000000
0.0000000000	-0.0452000000
0.0000000000	-0.0453000000
0.0000000000	-0.0454000000
0.0000000000	-0.0454000000
0.0000000000	-0.0455000000
0.0000000000	-0.0456000000
0.0000000000	-0.0457000000
0.0000000000	-0.0458000000
0.0000000000	-0.0459000000
0.0000000000	-0.0460000000
0.0000000000	-0.0461000000
0.0000000000	-0.0462000000
0.0000000000	-0.0462000000
0.0000000000	-0.0463000000
0.0000000000	-0.0463000000
0.0000000000	-0.0464000000
0.0000000000	-0.0464000000
0.0000000000	-0.0465000000
0.0000000000	-0.0466000000
0.0000000000	-0.0467000000
0.0000000000	-0.0467000000
0.0000000000	-0.0467000000
0.0000000000	-0.0468000000
0.0000000000	-0.0468000000
0.0000000000	-0.0469000000
0.0000000000	-0.0469000000
0.0000000000	-0.0470000000
0.0000000000	-0.0471000000
0.0000000000	-0.0473000000
0.0000000000	-0.0474000000
0.0000000000	-0.0475000000
0.0000000000	-0.0477000000
0.0000000000	-0.0478000000
0.0000000000	-0.0478000000
0.0000000000	-0.0478000000
0.0000000000	-0.0478000000
0.0000000000	-0.0478000000
0.0000000000	-0.0477000000
0.0000000000	-0.0477000000
0.0000000000	-0.0477000000
0.0000000000	-0.0477000000
0.0000000000	-0.0477000000
0.0000000000	-0.0477000000
0.0000000000	-0.0477000000
0.0000000000	-0.0477000000
0.0000000000	-0.0477000000
0.0000000000	-0.0477000000
0.0000000000	-0.0477000000
0.0000000000	-0.0477000000
0.0000000000	-0.0477000000
0.0000000000	-0.0477000000
0.0000000000	-0.0477000000
0.0000000000	-0.0478000000
0.0000000000	-0.0478000000
0.0000000000	-0.0478000000
0.0000000000	-0.0478000000
0.0000000000	-0.0478000000
0.0000000000	-0.0478000000
0.0000000000	-0.0479000000
0.0000000000	-0.0480000000
0.0000000000	-0.0482000000
0.0000000000	-0.0483000000
0.0000000000	-0.0485000000
0.0000000000	-0.0487000000
0.0000000000	-0.0488000000
0.0000000000	-0.0489000000
0.0000000000	-0.0490000000
0.0000000000	-0.0491000000
0.0000000000	-0.0492000000
0.0000000000	-0.0492000000
0.0000000000	-0.0492000000
0.0000000000	-0.0492000000
0.0000000000	-0.0494000000
0.0000000000	-0.0497000000
0.0000000000	-0.0499000000
0.0000000000	-0.0502000000
0.0000000000	-0.0504000000
0.0000000000	-0.0506000000
0.0000000000	-0.0506000000
0.0000000000	-0.0507000000
0.0000000000	-0.0508000000
0.0000000000	-0.0508000000
0.0000000000	-0.0509000000
0.0000000000	-0.0510000000
0.0000000000	-0.0510000000
0.0000000000	-0.0512000000
0.0000000000	-0.0513000000
0.0000000000	-0.0515000000
0.0000000000	-0.0516000000
0.0000000000	-0.0517000000
0.0000000000	-0.0519000000
0.0000000000	-0.0520000000
0.0000000000	-0.0522000000
0.0000000000	-0.0523000000
0.0000000000	-0.0524000000
0.0000000000	-0.0525000000
0.0000000000	-0.0525000000
0.0000000000	-0.0525000000
0.0000000000	-0.0525000000
0.0000000000	-0.0525000000
0.0000000000	-0.0525000000
0.0000000000	-0.0525000000
0.0000000000	-0.0525000000
0.0000000000	-0.0525000000
0.0000000000	-0.0525000000
0.0000000000	-0.0525000000
0.0000000000	-0.0525000000
0.0000000000	-0.0525000000
0.0000000000	-0.0525000000
0.0000000000	-0.0525000000
0.0000000000	-0.0525000000
0.0000000000	-0.0526000000
0.0000000000	-0.0528000000
0.0000000000	-0.0531000000
0.0000000000	-0.0534000000
0.0000000000	-0.0537000000
0.0000000000	-0.0540000000
0.0000000000	-0.0541000000
0.0000000000	-0.0541000000
0.0000000000	-0.0543000000
0.0000000000	-0.0544000000
0.0000000000	-0.0546000000
0.0000000000	-0.0549000000
0.1000000000	-0.0553000000
0.1000000000	-0.0554000000
0.1000000000	-0.0555000000
0.1000000000	-0.0556000000
0.1000000000	-0.0556000000
0.1000000000	-0.0556000000
0.1000000000	-0.0558000000
0.1000000000	-0.0560000000
0.0000000000	-0.0561000000
0.0000000000	-0.0562000000
0.0000000000	-0.0563000000
0.0000000000	-0.0565000000
0.0000000000	-0.0566000000
0.0000000000	-0.0566000000
0.0000000000	-0.0568000000
0.0000000000	-0.0569000000
0.0000000000	-0.0570000000
0.0000000000	-0.0571000000
0.0000000000	-0.0572000000
0.0000000000	-0.0574000000
0.0000000000	-0.0575000000
0.0000000000	-0.0577000000
0.0000000000	-0.0579000000
0.0000000000	-0.0581000000
0.0000000000	-0.0582000000
0.0000000000	-0.0584000000
0.1000000000	-0.0586000000
0.1000000000	-0.0587000000
0.1000000000	-0.0588000000
0.1000000000	-0.0590000000
0.1000000000	-0.0592000000
0.1000000000	-0.0593000000
0.1000000000	-0.0595000000
0.1000000000	-0.0596000000
0.1000000000	-0.0598000000
0.1000000000	-0.0599000000
0.1000000000	-0.0600000000
0.1000000000	-0.0601000000
0.1000000000	-0.0601000000
0.1000000000	-0.0601000000
0.1000000000	-0.0601000000
0.1000000000	-0.0600000000
0.1000000000	-0.0600000000
0.1000000000	-0.0600000000
0.1000000000	-0.0600000000
0.1000000000	-0.0600000000
0.1000000000	-0.0600000000
0.1000000000	-0.0600000000
0.1000000000	-0.0600000000
0.1000000000	-0.0600000000
0.1000000000	-0.0600000000
0.1000000000	-0.0600000000
0.1000000000	-0.0600000000
0.1000000000	-0.0600000000
0.1000000000	-0.0601000000
0.1000000000	-0.0601000000
0.1000000000	-0.0601000000
0.1000000000	-0.0601000000
0.1000000000	-0.0601000000
0.1000000000	-0.0601000000
0.1000000000	-0.0603000000
0.1000000000	-0.0606000000
0.0000000000	-0.0608000000
0.0000000000	-0.0610000000
0.0000000000	-0.0612000000
0.1000000000	-0.0614000000
0.1000000000	-0.0616000000
0.1000000000	-0.0617000000
0.1000000000	-0.0620000000
0.1000000000	-0.0623000000
0.1000000000	-0.0625000000
0.1000000000	-0.0626000000
0.1000000000	-0.0627000000
0.1000000000	-0.0628000000
0.1000000000	-0.0630000000
0.1000000000	-0.0632000000
0.1000000000	-0.0634000000
0.1000000000	-0.0637000000
0.1000000000	-0.0639000000
0.1000000000	-0.0639000000
0.1000000000	-0.0639000000
0.1000000000	-0.0640000000
0.1000000000	-0.0641000000
0.1000000000	-0.0642000000
0.1000000000	-0.0644000000
0.1000000000	-0.0645000000
0.1000000000	-0.0646000000
0.1000000000	-0.0646000000
0.1000000000	-0.0647000000
0.0000000000	-0.0648000000
0.0000000000	-0.0649000000
0.0000000000	-0.0651000000
0.0000000000	-0.0652000000
0.0000000000	-0.0653000000
0.0000000000	-0.0654000000
0.0000000000	-0.0654000000
0.0000000000	-0.0654000000
0.0000000000	-0.0654000000
0.0000000000	-0.0654000000
0.0000000000	-0.0656000000
0.0000000000	-0.0657000000
0.1000000000	-0.0658000000
0.1000000000	-0.0660000000
0.1000000000	-0.0661000000
0.1000000000	-0.0663000000
0.1000000000	-0.0663000000
0.1000000000	-0.0664000000
0.1000000000	-0.0664000000
0.1000000000	-0.0664000000
0.1000000000	-0.0665000000
0.1000000000	-0.0666000000
0.1000000000	-0.0668000000
0.1000000000	-0.0669000000
0.1000000000	-0.0671000000
0.1000000000	-0.0673000000
0.1000000000	-0.0675000000
0.1000000000	-0.0675000000
0.1000000000	-0.0677000000
0.1000000000	-0.0679000000
0.1000000000	-0.0681000000
0.1000000000	-0.0683000000
0.1000000000	-0.0685000000
0.0000000000	-0.0686000000
0.0000000000	-0.0687000000
0.0000000000	-0.0687000000
0.0000000000	-0.0687000000
0.0000000000	-0.0687000000
0.0000000000	-0.0687000000
0.0000000000	-0.0687000000
0.0000000000	-0.0687000000
0.0000000000	-0.0687000000
0.0000000000	-0.0687000000
0.0000000000	-0.0687000000
0.0000000000	-0.0687000000
0.0000000000	-0.0687000000
0.0000000000	-0.0687000000
0.0000000000	-0.0687000000
0.0000000000	-0.0687000000
0.0000000000	-0.0687000000
0.0000000000	-0.0687000000
0.0000000000	-0.0687000000
0.0000000000	-0.0687000000
0.0000000000	-0.0687000000
0.0000000000	-0.0687000000
0.0000000000	-0.0687000000
0.0000000000	-0.0688000000
0.0000000000	-0.0690000000
0.0000000000	-0.0691000000
0.0000000000	-0.0692000000
0.0000000000	-0.0693000000
0.0000000000	-0.0693000000
0.1000000000	-0.0694000000
0.1000000000	-0.0694000000
0.1000000000	-0.0695000000
0.1000000000	-0.0696000000
0.1000000000	-0.0696000000
0.1000000000	-0.0697000000
0.1000000000	-0.0698000000
0.1000000000	-0.0698000000
0.1000000000	-0.0698000000
0.1000000000	-0.0698000000
0.1000000000	-0.0700000000
0.1000000000	-0.0701000000
0.1000000000	-0.0703000000
0.1000000000	-0.0706000000
0.1000000000	-0.0708000000
0.1000000000	-0.0710000000
0.1000000000	-0.0712000000
0.1000000000	-0.0714000000
0.1000000000	-0.0716000000
0.1000000000	-0.0717000000
0.1000000000	-0.0718000000
0.1000000000	-0.0719000000
0.1000000000	-0.0720000000
0.1000000000	-0.0721000000
0.1000000000	-0.0722000000
0.1000000000	-0.0724000000
0.1000000000	-0.0726000000
0.0000000000	-0.0728000000
0.0000000000	-0.0730000000
0.0000000000	-0.0732000000
0.1000000000	-0.0733000000
0.1000000000	-0.0735000000
0.1000000000	-0.0736000000
0.1000000000	-0.0737000000
0.1000000000	-0.0738000000
0.1000000000	-0.0739000000
0.1000000000	-0.0741000000
0.1000000000	-0.0742000000
0.1000000000	-0.0745000000
0.1000000000	-0.0748000000
0.1000000000	-0.0751000000
0.1000000000	-0.0753000000
0.1000000000	-0.0756000000
0.1000000000	-0.0757000000
0.1000000000	-0.0757000000
0.1000000000	-0.0757000000
0.1000000000	-0.0757000000
0.1000000000	-0.0757000000
0.1000000000	-0.0757000000
0.1000000000	-0.0757000000
0.1000000000	-0.0757000000
0.1000000000	-0.0757000000
0.1000000000	-0.0757000000
0.1000000000	-0.0757000000
0.1000000000	-0.0757000000
0.1000000000	-0.0757000000
0.1000000000	-0.0757000000
0.1000000000	-0.0757000000
0.1000000000	-0.0757000000
0.1000000000	-0.0757000000
0.1000000000	-0.0757000000
0.1000000000	-0.0757000000
0.1000000000	-0.0757000000
0.1000000000	-0.0757000000
0.1000000000	-0.0757000000
0.1000000000	-0.0757000000
0.1000000000	-0.0757000000
0.1000000000	-0.0757000000
0.1000000000	-0.0757000000
0.1000000000	-0.0757000000
0.1000000000	-0.0758000000
0.1000000000	-0.0760000000
0.1000000000	-0.0761000000
0.1000000000	-0.0762000000
0.1000000000	-0.0762000000
0.1000000000	-0.0763000000
0.1000000000	-0.0764000000
0.1000000000	-0.0765000000
0.1000000000	-0.0765000000
0.1000000000	-0.0765000000
0.1000000000	-0.0765000000
0.1000000000	-0.0765000000
0.1000000000	-0.0765000000
0.1000000000	-0.0765000000
0.1000000000	-0.0768000000
0.1000000000	-0.0769000000
0.1000000000	-0.0770000000
0.1000000000	-0.0771000000
0.1000000000	-0.0774000000
0.1000000000	-0.0777000000
0.1000000000	-0.0778000000
0.1000000000	-0.0780000000
0.2000000000	-0.0783000000
0.2000000000	-0.0786000000
0.2000000000	-0.0788000000
0.2000000000	-0.0790000000
0.2000000000	-0.0792000000
0.2000000000	-0.0794000000
0.1000000000	-0.0796000000
0.1000000000	-0.0796000000
0.1000000000	-0.0797000000
0.1000000000	-0.0797000000
0.1000000000	-0.0798000000
0.1000000000	-0.0800000000
0.1000000000	-0.0801000000
0.1000000000	-0.0802000000
0.1000000000	-0.0803000000
0.1000000000	-0.0805000000
0.1000000000	-0.0806000000
0.1000000000	-0.0808000000
0.1000000000	-0.0810000000
0.1000000000	-0.0811000000
0.1000000000	-0.0811000000
0.1000000000	-0.0812000000
0.1000000000	-0.0813000000
0.1000000000	-0.0813000000
0.1000000000	-0.0813000000
0.2000000000	-0.0814000000
0.2000000000	-0.0815000000
0.2000000000	-0.0817000000
0.3000000000	-0.0818000000
0.3000000000	-0.0819000000
0.3000000000	-0.0821000000
0.3000000000	-0.0822000000
0.3000000000	-0.0824000000
0.3000000000	-0.0826000000
0.3000000000	-0.0827000000
0.3000000000	-0.0828000000
0.3000000000	-0.0829000000
0.3000000000	-0.0830000000
0.3000000000	-0.0830000000
0.3000000000	-0.0830000000
0.3000000000	-0.0832000000
0.2000000000	-0.0832000000
0.2000000000	-0.0833000000
0.2000000000	-0.0834000000
0.2000000000	-0.0834000000
0.2000000000	-0.0834000000
0.2000000000	-0.0834000000
0.2000000000	-0.0834000000
0.2000000000	-0.0834000000
0.2000000000	-0.0834000000
0.2000000000	-0.0834000000
0.2000000000	-0.0834000000
0.2000000000	-0.0834000000
0.2000000000	-0.0834000000
0.2000000000	-0.0834000000
0.2000000000	-0.0834000000
0.2000000000	-0.0834000000
0.2000000000	-0.0834000000
0.2000000000	-0.0834000000
0.2000000000	-0.0834000000
0.2000000000	-0.0834000000
0.2000000000	-0.0834000000
0.2000000000	-0.0834000000
0.2000000000	-0.0836000000
0.1000000000	-0.0838000000
0.1000000000	-0.0839000000
0.1000000000	-0.0840000000
0.1000000000	-0.0841000000
0.1000000000	-0.0843000000
0.1000000000	-0.0846000000
0.1000000000	-0.0848000000
0.2000000000	-0.0850000000
0.2000000000	-0.0851000000
0.2000000000	-0.0853000000
0.3000000000	-0.0855000000
0.4000000000	-0.0858000000
0.5000000000	-0.0859000000
0.5000000000	-0.0860000000
0.6000000000	-0.0862000000
0.6000000000	-0.0864000000
0.6000000000	-0.0865000000
0.6000000000	-0.0866000000
0.6000000000	-0.0867000000
0.6000000000	-0.0868000000
0.5000000000	-0.0869000000
0.5000000000	-0.0871000000
0.4000000000	-0.0873000000
0.3000000000	-0.0874000000
0.2000000000	-0.0877000000
0.2000000000	-0.0879000000
0.1000000000	-0.0881000000
0.1000000000	-0.0883000000
0.1000000000	-0.0884000000
0.1000000000	-0.0885000000
0.2000000000	-0.0885000000
0.2000000000	-0.0886000000
0.3000000000	-0.0889000000
0.5000000000	-0.0891000000
0.7000000000	-0.0892000000
0.9000000000	-0.0895000000
1.2000000000	-0.0898000000
1.5000000000	-0.0900000000
1.6000000000	-0.0901000000
1.7000000000	-0.0902000000
1.7000000000	-0.0903000000
1.7000000000	-0.0904000000
1.7000000000	-0.0904000000
1.7000000000	-0.0904000000
1.7000000000	-0.0904000000
1.6000000000	-0.0903000000
1.6000000000	-0.0903000000
1.6000000000	-0.0903000000
1.6000000000	-0.0903000000
1.6000000000	-0.0903000000
1.6000000000	-0.0903000000
1.6000000000	-0.0903000000
1.6000000000	-0.0903000000
1.6000000000	-0.0903000000
1.6000000000	-0.0903000000
1.6000000000	-0.0903000000
1.6000000000	-0.0903000000
1.6000000000	-0.0903000000
1.6000000000	-0.0903000000
1.6000000000	-0.0903000000
1.6000000000	-0.0903000000
1.6000000000	-0.0903000000
1.7000000000	-0.0904000000
1.7000000000	-0.0904000000
1.6000000000	-0.0906000000
1.5000000000	-0.0909000000
1.3000000000	-0.0911000000
1.1000000000	-0.0913000000
0.9000000000	-0.0915000000
0.6000000000	-0.0917000000
0.4000000000	-0.0919000000
0.4000000000	-0.0921000000
0.4000000000	-0.0923000000
0.9000000000	-0.0925000000
1.6000000000	-0.0927000000
2.7000000000	-0.0930000000
4.4000000000	-0.0932000000
8.4000000000	-0.0937000000
13.0000000000	-0.0940000000
18.8000000000	-0.0943000000
21.9000000000	-0.0945000000
22.9000000000	-0.0946000000
24.0000000000	-0.0947000000
25.5000000000	-0.0948000000
25.8000000000	-0.0948000000
26.2000000000	-0.0948000000
27.0000000000	-0.0949000000
28.2000000000	-0.0950000000
29.4000000000	-0.0951000000
31.3000000000	-0.0952000000
35.2000000000	-0.0954000000
37.4000000000	-0.0956000000
38.6000000000	-0.0958000000
39.6000000000	-0.0960000000
40.9000000000	-0.0962000000
41.0000000000	-0.0965000000
40.5000000000	-0.0966000000
37.6000000000	-0.0968000000
35.6000000000	-0.0970000000
34.9000000000	-0.0970000000
34.3000000000	-0.0970000000
33.6000000000	-0.0970000000
33.0000000000	-0.0970000000
33.1000000000	-0.0970000000
33.0000000000	-0.0970000000
33.1000000000	-0.0970000000
33.0000000000	-0.0970000000
33.1000000000	-0.0970000000
33.1000000000	-0.0970000000
33.2000000000	-0.0970000000
33.3000000000	-0.0970000000
33.3000000000	-0.0970000000
33.2000000000	-0.0970000000
33.1000000000	-0.0970000000
33.3000000000	-0.0970000000
33.1000000000	-0.0970000000
33.1000000000	-0.0970000000
33.3000000000	-0.0970000000
33.3000000000	-0.0970000000
33.5000000000	-0.0970000000
34.0000000000	-0.0970000000
34.7000000000	-0.0970000000
34.8000000000	-0.0970000000
34.9000000000	-0.0970000000
34.8000000000	-0.0970000000
32.9000000000	-0.0972000000
30.5000000000	-0.0974000000
27.6000000000	-0.0976000000
23.5000000000	-0.0979000000
17.9000000000	-0.0982000000
14.3000000000	-0.0984000000
10.9000000000	-0.0987000000
7.8000000000	-0.0990000000
5.0000000000	-0.0993000000
2.3000000000	-0.0995000000
1.2000000000	-0.0998000000
0.7000000000	-0.1000000000
0.5000000000	-0.1002000000
0.5000000000	-0.1003000000
0.6000000000	-0.1005000000
0.7000000000	-0.1007000000
1.0000000000	-0.1009000000
1.3000000000	-0.1011000000
1.6000000000	-0.1013000000
1.8000000000	-0.1015000000
2.0000000000	-0.1017000000
2.0000000000	-0.1019000000
2.0000000000	-0.1021000000
1.9000000000	-0.1024000000
1.6000000000	-0.1026000000
1.2000000000	-0.1029000000
1.0000000000	-0.1031000000
0.8000000000	-0.1032000000
0.7000000000	-0.1034000000
0.6000000000	-0.1034000000
0.6000000000	-0.1034000000
0.6000000000	-0.1034000000
0.6000000000	-0.1034000000
0.6000000000	-0.1034000000
0.6000000000	-0.1034000000
0.6000000000	-0.1034000000
0.5000000000	-0.1034000000
0.5000000000	-0.1034000000
0.5000000000	-0.1034000000
0.5000000000	-0.1034000000
0.5000000000	-0.1034000000
0.5000000000	-0.1034000000
0.5000000000	-0.1034000000
0.5000000000	-0.1034000000
0.6000000000	-0.1034000000
0.5000000000	-0.1034000000
0.5000000000	-0.1034000000
0.5000000000	-0.1034000000
0.4000000000	-0.1035000000
0.3000000000	-0.1038000000
0.2000000000	-0.1039000000
0.2000000000	-0.1040000000
0.2000000000	-0.1042000000
0.2000000000	-0.1045000000
0.4000000000	-0.1047000000
0.5000000000	-0.1050000000
0.6000000000	-0.1051000000
0.7000000000	-0.1053000000
0.7000000000	-0.1054000000
0.8000000000	-0.1056000000
0.8000000000	-0.1058000000
0.9000000000	-0.1060000000
0.8000000000	-0.1062000000
0.8000000000	-0.1064000000
0.7000000000	-0.1066000000
0.6000000000	-0.1068000000
0.5000000000	-0.1070000000
0.4000000000	-0.1072000000
0.3000000000	-0.1073000000
0.2000000000	-0.1075000000
0.2000000000	-0.1077000000
0.1000000000	-0.1079000000
0.1000000000	-0.1081000000
0.1000000000	-0.1083000000
0.2000000000	-0.1085000000
0.3000000000	-0.1087000000
0.3000000000	-0.1088000000
0.4000000000	-0.1090000000
0.4000000000	-0.1091000000
0.5000000000	-0.1092000000
0.5000000000	-0.1093000000
0.5000000000	-0.1094000000
0.5000000000	-0.1095000000
0.5000000000	-0.1096000000
0.5000000000	-0.1098000000
0.5000000000	-0.1099000000
0.5000000000	-0.1101000000
0.4000000000	-0.1102000000
0.4000000000	-0.1104000000
0.3000000000	-0.1105000000
0.3000000000	-0.1106000000
0.3000000000	-0.1107000000
0.2000000000	-0.1108000000
0.2000000000	-0.1110000000
0.2000000000	-0.1111000000
0.1000000000	-0.1113000000
0.1000000000	-0.1114000000
0.1000000000	-0.1115000000
0.1000000000	-0.1117000000
0.1000000000	-0.1118000000
0.1000000000	-0.1119000000
0.1000000000	-0.1120000000
0.1000000000	-0.1122000000
0.1000000000	-0.1122000000
0.1000000000	-0.1122000000
0.1000000000	-0.1123000000
0.1000000000	-0.1123000000
0.1000000000	-0.1124000000
0.1000000000	-0.1124000000
0.1000000000	-0.1125000000
0.1000000000	-0.1125000000
0.1000000000	-0.1125000000
0.1000000000	-0.1124000000
0.1000000000	-0.1124000000
0.1000000000	-0.1124000000
0.1000000000	-0.1124000000
0.1000000000	-0.1124000000
0.1000000000	-0.1124000000
0.1000000000	-0.1124000000
0.1000000000	-0.1124000000
0.1000000000	-0.1124000000
0.1000000000	-0.1124000000
0.1000000000	-0.1124000000
0.1000000000	-0.1124000000
0.1000000000	-0.1124000000
0.1000000000	-0.1124000000
0.1000000000	-0.1125000000
0.1000000000	-0.1125000000
0.1000000000	-0.1125000000
0.1000000000	-0.1125000000
0.2000000000	-0.1125000000
0.2000000000	-0.1125000000
0.2000000000	-0.1125000000
0.2000000000	-0.1125000000
0.2000000000	-0.1127000000
0.2000000000	-0.1128000000
0.2000000000	-0.1128000000
0.2000000000	-0.1130000000
0.3000000000	-0.1131000000
0.3000000000	-0.1133000000
0.3000000000	-0.1135000000
0.3000000000	-0.1137000000
0.3000000000	-0.1138000000
0.3000000000	-0.1140000000
0.3000000000	-0.1140000000
0.3000000000	-0.1140000000
0.3000000000	-0.1140000000
0.3000000000	-0.1141000000
0.3000000000	-0.1141000000
0.3000000000	-0.1142000000
0.3000000000	-0.1142000000
0.3000000000	-0.1142000000
0.3000000000	-0.1142000000
0.2000000000	-0.1144000000
0.2000000000	-0.1146000000
0.2000000000	-0.1147000000
0.2000000000	-0.1148000000
0.1000000000	-0.1150000000
0.1000000000	-0.1150000000
0.1000000000	-0.1151000000
0.1000000000	-0.1152000000
0.1000000000	-0.1152000000
0.1000000000	-0.1153000000
0.1000000000	-0.1154000000
0.1000000000	-0.1155000000
0.1000000000	-0.1157000000
0.1000000000	-0.1158000000
0.1000000000	-0.1160000000
0.1000000000	-0.1162000000
0.1000000000	-0.1164000000
0.1000000000	-0.1166000000
0.1000000000	-0.1169000000
0.2000000000	-0.1171000000
0.2000000000	-0.1174000000
0.2000000000	-0.1175000000
0.2000000000	-0.1178000000
0.2000000000	-0.1179000000
0.2000000000	-0.1181000000
0.2000000000	-0.1183000000
0.2000000000	-0.1184000000
0.1000000000	-0.1186000000
0.1000000000	-0.1188000000
0.1000000000	-0.1190000000
0.1000000000	-0.1192000000
0.1000000000	-0.1195000000
0.1000000000	-0.1198000000
0.1000000000	-0.1200000000
0.1000000000	-0.1203000000
0.1000000000	-0.1205000000
0.1000000000	-0.1206000000
0.1000000000	-0.1208000000
0.2000000000	-0.1209000000
0.2000000000	-0.1210000000
0.2000000000	-0.1213000000
0.2000000000	-0.1216000000
0.2000000000	-0.1218000000
0.1000000000	-0.1220000000
0.1000000000	-0.1220000000
0.1000000000	-0.1220000000
0.1000000000	-0.1219000000
0.1000000000	-0.1219000000
0.1000000000	-0.1219000000
0.1000000000	-0.1219000000
0.1000000000	-0.1219000000
0.1000000000	-0.1219000000
0.1000000000	-0.1219000000
0.1000000000	-0.1219000000
0.1000000000	-0.1219000000
0.1000000000	-0.1219000000
0.1000000000	-0.1219000000
0.1000000000	-0.1219000000
0.1000000000	-0.1219000000
0.1000000000	-0.1219000000
0.1000000000	-0.1219000000
0.1000000000	-0.1220000000
0.1000000000	-0.1220000000
0.1000000000	-0.1220000000
0.1000000000	-0.1220000000
0.1000000000	-0.1221000000
0.1000000000	-0.1222000000
0.1000000000	-0.1224000000
0.1000000000	-0.1226000000
0.1000000000	-0.1228000000
0.1000000000	-0.1229000000
0.1000000000	-0.1231000000
0.1000000000	-0.1234000000
0.0000000000	-0.1236000000
0.1000000000	-0.1239000000
0.1000000000	-0.1241000000
0.1000000000	-0.1243000000
0.1000000000	-0.1245000000
0.1000000000	-0.1247000000
0.1000000000	-0.1249000000
0.1000000000	-0.1250000000
0.1000000000	-0.1252000000
0.1000000000	-0.1254000000
0.1000000000	-0.1255000000
0.1000000000	-0.1256000000
0.1000000000	-0.1257000000
0.1000000000	-0.1259000000
0.1000000000	-0.1260000000
0.1000000000	-0.1261000000
0.1000000000	-0.1261000000
0.1000000000	-0.1262000000
0.1000000000	-0.1263000000
0.1000000000	-0.1264000000
0.1000000000	-0.1265000000
0.1000000000	-0.1266000000
0.1000000000	-0.1268000000
0.1000000000	-0.1270000000
0.1000000000	-0.1273000000
0.1000000000	-0.1276000000
0.1000000000	-0.1279000000
0.1000000000	-0.1282000000
0.1000000000	-0.1283000000
0.1000000000	-0.1283000000
0.1000000000	-0.1284000000
0.1000000000	-0.1284000000
0.1000000000	-0.1286000000
0.1000000000	-0.1287000000
0.1000000000	-0.1288000000
0.1000000000	-0.1290000000
0.1000000000	-0.1292000000
0.1000000000	-0.1293000000
0.1000000000	-0.1294000000
0.1000000000	-0.1295000000
0.1000000000	-0.1297000000
0.1000000000	-0.1298000000
0.1000000000	-0.1299000000
0.1000000000	-0.1301000000
0.1000000000	-0.1302000000
0.1000000000	-0.1303000000
0.1000000000	-0.1305000000
0.1000000000	-0.1306000000
0.1000000000	-0.1306000000
0.1000000000	-0.1306000000
0.1000000000	-0.1305000000
0.1000000000	-0.1305000000
0.1000000000	-0.1305000000
0.1000000000	-0.1305000000
0.1000000000	-0.1305000000
0.1000000000	-0.1305000000
0.1000000000	-0.1305000000
0.1000000000	-0.1305000000
0.1000000000	-0.1305000000
0.1000000000	-0.1305000000
0.1000000000	-0.1305000000
0.1000000000	-0.1305000000
0.1000000000	-0.1305000000
0.1000000000	-0.1305000000
0.1000000000	-0.1306000000
0.1000000000	-0.1306000000
0.1000000000	-0.1306000000
0.1000000000	-0.1306000000
0.1000000000	-0.1306000000
0.1000000000	-0.1308000000
0.1000000000	-0.1310000000
0.0000000000	-0.1313000000
0.0000000000	-0.1316000000
0.1000000000	-0.1319000000
0.1000000000	-0.1321000000
0.1000000000	-0.1323000000
0.1000000000	-0.1326000000
0.1000000000	-0.1328000000
0.1000000000	-0.1330000000
0.1000000000	-0.1331000000
0.1000000000	-0.1333000000
0.1000000000	-0.1335000000
0.1000000000	-0.1337000000
0.1000000000	-0.1339000000
0.1000000000	-0.1341000000
0.1000000000	-0.1342000000
0.1000000000	-0.1344000000
0.1000000000	-0.1346000000
0.1000000000	-0.1347000000
0.1000000000	-0.1349000000
0.0000000000	-0.1350000000
0.0000000000	-0.1352000000
0.0000000000	-0.1354000000
0.0000000000	-0.1356000000
0.0000000000	-0.1358000000
0.1000000000	-0.1360000000
0.1000000000	-0.1362000000
0.1000000000	-0.1365000000
0.1000000000	-0.1367000000
0.1000000000	-0.1369000000
0.1000000000	-0.1370000000
0.1000000000	-0.1372000000
0.1000000000	-0.1373000000
0.1000000000	-0.1375000000
0.1000000000	-0.1377000000
0.1000000000	-0.1378000000
0.1000000000	-0.1380000000
0.1000000000	-0.1381000000
0.1000000000	-0.1383000000
0.1000000000	-0.1384000000
0.1000000000	-0.1384000000
0.1000000000	-0.1384000000
0.1000000000	-0.1383000000
0.1000000000	-0.1383000000
0.1000000000	-0.1383000000
0.1000000000	-0.1383000000
0.1000000000	-0.1383000000
0.1000000000	-0.1383000000
0.1000000000	-0.1383000000
0.1000000000	-0.1383000000
0.1000000000	-0.1383000000
0.1000000000	-0.1383000000
0.1000000000	-0.1383000000
0.1000000000	-0.1383000000
0.1000000000	-0.1383000000
0.1000000000	-0.1383000000
0.1000000000	-0.1384000000
0.1000000000	-0.1384000000
0.1000000000	-0.1384000000
0.1000000000	-0.1384000000
0.1000000000	-0.1386000000
0.0000000000	-0.1387000000
0.0000000000	-0.1389000000
0.0000000000	-0.1391000000
0.0000000000	-0.1393000000
0.0000000000	-0.1395000000
0.0000000000	-0.1397000000
0.1000000000	-0.1399000000
0.1000000000	-0.1402000000
0.1000000000	-0.1405000000
0.1000000000	-0.1408000000
0.1000000000	-0.1410000000
0.1000000000	-0.1413000000
0.1000000000	-0.1415000000
0.1000000000	-0.1418000000
0.1000000000	-0.1420000000
0.1000000000	-0.1422000000
0.1000000000	-0.1424000000
0.0000000000	-0.1426000000
0.0000000000	-0.1428000000
0.0000000000	-0.1429000000
0.0000000000	-0.1431000000
0.0000000000	-0.1433000000
0.0000000000	-0.1435000000
0.0000000000	-0.1437000000
0.1000000000	-0.1440000000
0.1000000000	-0.1441000000
0.1000000000	-0.1443000000
0.1000000000	-0.1445000000
0.1000000000	-0.1447000000
0.1000000000	-0.1449000000
0.1000000000	-0.1451000000
0.1000000000	-0.1454000000
0.1000000000	-0.1456000000
0.1000000000	-0.1459000000
0.1000000000	-0.1461000000
0.0000000000	-0.1463000000
0.0000000000	-0.1465000000
0.0000000000	-0.1467000000
0.0000000000	-0.1467000000
0.0000000000	-0.1467000000
0.0000000000	-0.1467000000
0.0000000000	-0.1467000000
0.0000000000	-0.1467000000
0.0000000000	-0.1467000000
0.0000000000	-0.1467000000
0.0000000000	-0.1467000000
0.0000000000	-0.1467000000
0.0000000000	-0.1467000000
0.0000000000	-0.1467000000
0.0000000000	-0.1467000000
0.0000000000	-0.1467000000
0.0000000000	-0.1467000000
0.0000000000	-0.1467000000
0.0000000000	-0.1467000000
0.0000000000	-0.1467000000
0.0000000000	-0.1467000000
0.0000000000	-0.1467000000
0.0000000000	-0.1470000000
0.0000000000	-0.1472000000
0.0000000000	-0.1474000000
0.0000000000	-0.1475000000
0.0000000000	-0.1478000000
0.1000000000	-0.1480000000
0.1000000000	-0.1483000000
0.1000000000	-0.1485000000
0.1000000000	-0.1487000000
0.1000000000	-0.1489000000
0.1000000000	-0.1491000000
0.1000000000	-0.1493000000
0.1000000000	-0.1496000000
0.1000000000	-0.1498000000
0.0000000000	-0.1501000000
0.0000000000	-0.1504000000
0.0000000000	-0.1507000000
0.0000000000	-0.1509000000
0.0000000000	-0.1510000000
0.0000000000	-0.1512000000
0.0000000000	-0.1513000000
0.0000000000	-0.1514000000
0.0000000000	-0.1515000000
0.0000000000	-0.1516000000
0.0000000000	-0.1516000000
0.0000000000	-0.1516000000
0.0000000000	-0.1516000000
0.0000000000	-0.1516000000
0.0000000000	-0.1516000000
0.0000000000	-0.1516000000
0.0000000000	-0.1516000000
0.0000000000	-0.1516000000
0.0000000000	-0.1516000000
0.0000000000	-0.1516000000
0.0000000000	-0.1516000000
0.0000000000	-0.1516000000
0.0000000000	-0.1516000000
0.0000000000	-0.1516000000
0.0000000000	-0.1517000000
0.1000000000	-0.1520000000
0.1000000000	-0.1524000000
0.1000000000	-0.1527000000
0.1000000000	-0.1529000000
0.1000000000	-0.1530000000
0.1000000000	-0.1532000000
0.1000000000	-0.1535000000
0.1000000000	-0.1538000000
0.0000000000	-0.1541000000
0.0000000000	-0.1545000000
0.0000000000	-0.1548000000
0.0000000000	-0.1550000000
0.0000000000	-0.1552000000
0.0000000000	-0.1552000000
0.0000000000	-0.1553000000
0.0000000000	-0.1554000000
0.0000000000	-0.1555000000
0.0000000000	-0.1556000000
0.0000000000	-0.1558000000
0.1000000000	-0.1561000000
0.1000000000	-0.1564000000
0.1000000000	-0.1566000000
0.1000000000	-0.1569000000
0.1000000000	-0.1574000000
0.0000000000	-0.1577000000
0.0000000000	-0.1580000000
0.0000000000	-0.1583000000
0.0000000000	-0.1585000000
0.0000000000	-0.1587000000
0.0000000000	-0.1588000000
0.0000000000	-0.1588000000
0.0000000000	-0.1588000000
0.0000000000	-0.1590000000
0.0000000000	-0.1592000000
0.0000000000	-0.1594000000
0.0000000000	-0.1597000000
0.0000000000	-0.1600000000
0.1000000000	-0.1602000000
0.1000000000	-0.1605000000
0.1000000000	-0.1608000000
0.1000000000	-0.1610000000
0.1000000000	-0.1610000000
0.1000000000	-0.1610000000
0.1000000000	-0.1610000000
0.1000000000	-0.1610000000
0.1000000000	-0.1610000000
0.1000000000	-0.1610000000
0.1000000000	-0.1610000000
0.1000000000	-0.1610000000
0.1000000000	-0.1610000000
0.1000000000	-0.1610000000
0.1000000000	-0.1610000000
0.1000000000	-0.1610000000
0.1000000000	-0.1610000000
0.1000000000	-0.1611000000
0.1000000000	-0.1614000000
0.0000000000	-0.1617000000
0.0000000000	-0.1620000000
0.0000000000	-0.1623000000
0.0000000000	-0.1624000000
0.0000000000	-0.1626000000
0.0000000000	-0.1627000000
0.0000000000	-0.1630000000
0.0000000000	-0.1633000000
0.0000000000	-0.1636000000
0.0000000000	-0.1638000000
0.0000000000	-0.1639000000
0.0000000000	-0.1640000000
0.1000000000	-0.1643000000
0.1000000000	-0.1648000000
0.1000000000	-0.1650000000
0.1000000000	-0.1653000000
0.0000000000	-0.1654000000
0.0000000000	-0.1654000000
0.0000000000	-0.1654000000
0.0000000000	-0.1654000000
0.0000000000	-0.1654000000
0.0000000000	-0.1654000000
0.0000000000	-0.1654000000
0.0000000000	-0.1654000000
0.0000000000	-0.1654000000
0.0000000000	-0.1654000000
0.0000000000	-0.1654000000
0.0000000000	-0.1654000000
0.0000000000	-0.1654000000
0.0000000000	-0.1654000000
0.0000000000	-0.1654000000
0.0000000000	-0.1654000000
0.0000000000	-0.1655000000
0.0000000000	-0.1656000000
0.0000000000	-0.1657000000
0.0000000000	-0.1658000000
0.0000000000	-0.1659000000
0.0000000000	-0.1661000000
0.0000000000	-0.1662000000
0.0000000000	-0.1664000000
0.0000000000	-0.1666000000
0.0000000000	-0.1670000000
0.0000000000	-0.1672000000
0.0000000000	-0.1673000000
0.0000000000	-0.1674000000
0.0000000000	-0.1675000000
0.0000000000	-0.1676000000
0.0000000000	-0.1677000000
0.1000000000	-0.1679000000
0.1000000000	-0.1681000000
0.1000000000	-0.1684000000
0.1000000000	-0.1686000000
0.0000000000	-0.1689000000
0.0000000000	-0.1692000000
0.0000000000	-0.1696000000
0.0000000000	-0.1700000000
0.0000000000	-0.1703000000
0.0000000000	-0.1706000000
0.0000000000	-0.1710000000
0.0000000000	-0.1712000000
0.0000000000	-0.1712000000
0.0000000000	-0.1712000000
0.0000000000	-0.1712000000
0.0000000000	-0.1712000000
0.0000000000	-0.1712000000
0.0000000000	-0.1712000000
0.0000000000	-0.1712000000
0.0000000000	-0.1712000000
0.0000000000	-0.1712000000
0.0000000000	-0.1712000000
0.0000000000	-0.1713000000
0.0000000000	-0.1716000000
0.0000000000	-0.1719000000
0.0000000000	-0.1721000000
0.0000000000	-0.1724000000
0.0000000000	-0.1727000000
0.0000000000	-0.1729000000
0.0000000000	-0.1733000000
0.0000000000	-0.1736000000
0.0000000000	-0.1739000000
0.0000000000	-0.1743000000
0.0000000000	-0.1747000000
0.0000000000	-0.1749000000
0.0000000000	-0.1752000000
0.0000000000	-0.1756000000
0.0000000000	-0.1758000000
0.0000000000	-0.1758000000
0.0000000000	-0.1758000000
0.0000000000	-0.1758000000
0.0000000000	-0.1758000000
0.0000000000	-0.1758000000
0.0000000000	-0.1758000000
0.0000000000	-0.1758000000
0.0000000000	-0.1758000000
0.0000000000	-0.1758000000
0.0000000000	-0.1758000000
0.0000000000	-0.1760000000
0.0000000000	-0.1763000000
0.0000000000	-0.1765000000
0.0000000000	-0.1767000000
0.0000000000	-0.1770000000
0.0000000000	-0.1773000000
0.0000000000	-0.1776000000
0.0000000000	-0.1780000000
0.0000000000	-0.1784000000
0.0000000000	-0.1787000000
0.0000000000	-0.1792000000
0.0000000000	-0.1797000000
0.0000000000	-0.1798000000
0.0000000000	-0.1798000000
0.0000000000	-0.1798000000
0.0000000000	-0.1798000000
0.0000000000	-0.1798000000
0.0000000000	-0.1798000000
0.0000000000	-0.1798000000
0.0000000000	-0.1798000000
0.0000000000	-0.1798000000
0.0000000000	-0.1798000000
0.0000000000	-0.1798000000
0.0000000000	-0.1798000000
0.0000000000	-0.1798000000
0.0000000000	-0.1798000000
0.0000000000	-0.1798000000
0.0000000000	-0.1798000000
0.0000000000	-0.1798000000
0.0000000000	-0.1798000000
0.0000000000	-0.1798000000
0.0000000000	-0.1798000000
0.0000000000	-0.1798000000
0.0000000000	-0.1798000000
0.0000000000	-0.1798000000
0.0000000000	-0.1798000000
0.0000000000	-0.1798000000
0.0000000000	-0.1798000000
0.0000000000	-0.1798000000
0.0000000000	-0.1798000000
0.0000000000	-0.1798000000
0.0000000000	-0.1798000000
0.0000000000	-0.1798000000
0.0000000000	-0.1798000000
0.0000000000	-0.1798000000
0.0000000000	-0.1798000000
0.0000000000	-0.1798000000
0.0000000000	-0.1798000000
0.0000000000	-0.1798000000
0.0000000000	-0.1798000000
0.0000000000	-0.1796000000
0.0000000000	-0.1795000000
0.0000000000	-0.1794000000
0.0000000000	-0.1792000000
0.0000000000	-0.1792000000
0.0000000000	-0.1791000000
0.0000000000	-0.1790000000
0.0000000000	-0.1789000000
0.0000000000	-0.1787000000
0.0000000000	-0.1785000000
0.0000000000	-0.1782000000
0.0000000000	-0.1779000000
0.0000000000	-0.1776000000
0.0000000000	-0.1773000000
0.0000000000	-0.1770000000
0.0000000000	-0.1767000000
0.0000000000	-0.1765000000
0.0000000000	-0.1764000000
0.0000000000	-0.1764000000
0.0000000000	-0.1764000000
0.0000000000	-0.1764000000
0.0000000000	-0.1764000000
0.0000000000	-0.1764000000
0.0000000000	-0.1764000000
0.0000000000	-0.1764000000
0.0000000000	-0.1764000000
0.0000000000	-0.1764000000
0.0000000000	-0.1764000000
0.0000000000	-0.1764000000
0.0000000000	-0.1764000000
0.0000000000	-0.1764000000
0.0000000000	-0.1764000000
0.0000000000	-0.1760000000
0.0000000000	-0.1757000000
0.0000000000	-0.1754000000
0.0000000000	-0.1751000000
0.0000000000	-0.1748000000
0.0000000000	-0.1746000000
0.0000000000	-0.1743000000
0.0000000000	-0.1741000000
0.0000000000	-0.1738000000
0.0000000000	-0.1736000000
0.0000000000	-0.1734000000
0.0000000000	-0.1732000000
0.0000000000	-0.1729000000
0.0000000000	-0.1726000000
0.0000000000	-0.1724000000
0.0000000000	-0.1720000000
0.0000000000	-0.1719000000
0.0000000000	-0.1719000000
0.0000000000	-0.1719000000
0.0000000000	-0.1719000000
0.0000000000	-0.1719000000
0.0000000000	-0.1719000000
0.0000000000	-0.1719000000
0.0000000000	-0.1719000000
0.0000000000	-0.1719000000
0.0000000000	-0.1719000000
0.0000000000	-0.1719000000
0.0000000000	-0.1719000000
0.0000000000	-0.1719000000
0.0000000000	-0.1719000000
0.0000000000	-0.1718000000
0.0000000000	-0.1715000000
0.0000000000	-0.1712000000
0.0000000000	-0.1710000000
0.0000000000	-0.1706000000
0.0000000000	-0.1703000000
0.0000000000	-0.1701000000
0.0000000000	-0.1699000000
0.0000000000	-0.1696000000
0.0000000000	-0.1693000000
0.0000000000	-0.1691000000
0.0000000000	-0.1688000000
0.0000000000	-0.1686000000
0.0000000000	-0.1685000000
0.0000000000	-0.1683000000
0.1000000000	-0.1680000000
0.1000000000	-0.1679000000
0.1000000000	-0.1677000000
0.1000000000	-0.1675000000
0.1000000000	-0.1673000000
0.0000000000	-0.1671000000
0.0000000000	-0.1668000000
0.0000000000	-0.1664000000
0.0000000000	-0.1660000000
0.0000000000	-0.1656000000
0.0000000000	-0.1653000000
0.0000000000	-0.1651000000
0.0000000000	-0.1651000000
0.0000000000	-0.1651000000
0.0000000000	-0.1651000000
0.0000000000	-0.1651000000
0.0000000000	-0.1651000000
0.0000000000	-0.1651000000
0.0000000000	-0.1651000000
0.0000000000	-0.1651000000
0.0000000000	-0.1651000000
0.0000000000	-0.1651000000
0.0000000000	-0.1651000000
0.0000000000	-0.1651000000
0.0000000000	-0.1651000000
0.0000000000	-0.1651000000
0.0000000000	-0.1651000000
0.0000000000	-0.1651000000
0.0000000000	-0.1651000000
0.0000000000	-0.1651000000
0.0000000000	-0.1651000000
0.0000000000	-0.1649000000
0.1000000000	-0.1645000000
0.1000000000	-0.1640000000
0.1000000000	-0.1635000000
0.0000000000	-0.1630000000
0.0000000000	-0.1626000000
0.0000000000	-0.1622000000
0.0000000000	-0.1617000000
0.0000000000	-0.1613000000
0.0000000000	-0.1611000000
0.0000000000	-0.1609000000
0.1000000000	-0.1606000000
0.1000000000	-0.1603000000
0.1000000000	-0.1602000000
0.1000000000	-0.1600000000
0.1000000000	-0.1598000000
0.1000000000	-0.1597000000
0.0000000000	-0.1596000000
0.0000000000	-0.1595000000
0.0000000000	-0.1595000000
0.0000000000	-0.1595000000
0.0000000000	-0.1595000000
0.0000000000	-0.1595000000
0.0000000000	-0.1595000000
0.0000000000	-0.1595000000
0.0000000000	-0.1595000000
0.0000000000	-0.1595000000
0.0000000000	-0.1594000000
0.0000000000	-0.1593000000
0.0000000000	-0.1591000000
0.0000000000	-0.1590000000
0.0000000000	-0.1588000000
0.0000000000	-0.1585000000
0.0000000000	-0.1584000000
0.0000000000	-0.1581000000
0.0000000000	-0.1578000000
0.0000000000	-0.1576000000
0.0000000000	-0.1575000000
0.0000000000	-0.1575000000
0.0000000000	-0.1575000000
0.0000000000	-0.1575000000
0.0000000000	-0.1575000000
0.0000000000	-0.1575000000
0.0000000000	-0.1575000000
0.0000000000	-0.1575000000
0.0000000000	-0.1576000000
0.0000000000	-0.1576000000
0.0000000000	-0.1576000000
0.0000000000	-0.1576000000
0.0000000000	-0.1576000000
0.0000000000	-0.1576000000
0.0000000000	-0.1576000000
0.0000000000	-0.1576000000
0.0000000000	-0.1576000000
0.0000000000	-0.1576000000
0.0000000000	-0.1576000000
0.0000000000	-0.1575000000
0.0000000000	-0.1574000000
0.0000000000	-0.1571000000
0.0000000000	-0.1568000000
0.1000000000	-0.1565000000
0.1000000000	-0.1562000000
0.1000000000	-0.1560000000
0.1000000000	-0.1557000000
0.1000000000	-0.1554000000
0.0000000000	-0.1550000000
0.0000000000	-0.1546000000
0.0000000000	-0.1542000000
0.0000000000	-0.1539000000
0.0000000000	-0.1535000000
0.0000000000	-0.1533000000
0.1000000000	-0.1530000000
0.1000000000	-0.1528000000
0.1000000000	-0.1526000000
0.1000000000	-0.1524000000
0.1000000000	-0.1522000000
0.1000000000	-0.1520000000
0.1000000000	-0.1517000000
0.1000000000	-0.1513000000
0.0000000000	-0.1508000000
0.0000000000	-0.1503000000
0.0000000000	-0.1499000000
0.0000000000	-0.1497000000
0.0000000000	-0.1494000000
0.1000000000	-0.1492000000
0.1000000000	-0.1490000000
0.1000000000	-0.1490000000
0.1000000000	-0.1490000000
0.1000000000	-0.1490000000
0.1000000000	-0.1490000000
0.1000000000	-0.1490000000
0.1000000000	-0.1490000000
0.1000000000	-0.1490000000
0.1000000000	-0.1490000000
0.1000000000	-0.1490000000
0.1000000000	-0.1491000000
0.1000000000	-0.1491000000
0.1000000000	-0.1491000000
0.1000000000	-0.1491000000
0.1000000000	-0.1491000000
0.1000000000	-0.1491000000
0.1000000000	-0.1491000000
0.1000000000	-0.1491000000
0.1000000000	-0.1490000000
0.1000000000	-0.1490000000
0.1000000000	-0.1489000000
0.1000000000	-0.1486000000
0.1000000000	-0.1482000000
0.1000000000	-0.1478000000
0.1000000000	-0.1475000000
0.1000000000	-0.1471000000
0.0000000000	-0.1468000000
0.0000000000	-0.1465000000
0.0000000000	-0.1462000000
0.0000000000	-0.1459000000
0.0000000000	-0.1456000000
0.1000000000	-0.1454000000
0.1000000000	-0.1451000000
0.1000000000	-0.1449000000
0.1000000000	-0.1447000000
0.1000000000	-0.1444000000
0.1000000000	-0.1442000000
0.1000000000	-0.1438000000
0.1000000000	-0.1436000000
0.1000000000	-0.1432000000
0.0000000000	-0.1429000000
0.0000000000	-0.1426000000
0.0000000000	-0.1422000000
0.0000000000	-0.1418000000
0.1000000000	-0.1415000000
0.1000000000	-0.1413000000
0.1000000000	-0.1411000000
0.1000000000	-0.1409000000
0.1000000000	-0.1408000000
0.1000000000	-0.1406000000
0.1000000000	-0.1404000000
0.1000000000	-0.1402000000
0.1000000000	-0.1400000000
0.1000000000	-0.1398000000
0.1000000000	-0.1396000000
0.1000000000	-0.1395000000
0.1000000000	-0.1395000000
0.1000000000	-0.1395000000
0.1000000000	-0.1395000000
0.1000000000	-0.1395000000
0.0000000000	-0.1397000000
0.0000000000	-0.1397000000
0.0000000000	-0.1397000000
0.0000000000	-0.1397000000
0.0000000000	-0.1397000000
0.0000000000	-0.1397000000
0.0000000000	-0.1397000000
0.0000000000	-0.1397000000
0.0000000000	-0.1397000000
0.0000000000	-0.1397000000
0.0000000000	-0.1397000000
0.0000000000	-0.1397000000
0.0000000000	-0.1397000000
0.0000000000	-0.1397000000
0.0000000000	-0.1396000000
0.0000000000	-0.1394000000
0.0000000000	-0.1391000000
0.0000000000	-0.1388000000
0.0000000000	-0.1385000000
0.0000000000	-0.1382000000
0.1000000000	-0.1379000000
0.1000000000	-0.1376000000
0.1000000000	-0.1373000000
0.1000000000	-0.1369000000
0.1000000000	-0.1366000000
0.1000000000	-0.1362000000
0.1000000000	-0.1358000000
0.1000000000	-0.1354000000
0.0000000000	-0.1351000000
0.0000000000	-0.1349000000
0.0000000000	-0.1346000000
0.0000000000	-0.1342000000
0.1000000000	-0.1339000000
0.1000000000	-0.1336000000
0.1000000000	-0.1333000000
0.1000000000	-0.1330000000
0.1000000000	-0.1328000000
0.1000000000	-0.1327000000
0.1000000000	-0.1326000000
0.1000000000	-0.1325000000
0.1000000000	-0.1324000000
0.1000000000	-0.1322000000
0.1000000000	-0.1320000000
0.1000000000	-0.1319000000
0.1000000000	-0.1317000000
0.1000000000	-0.1316000000
0.1000000000	-0.1316000000
0.1000000000	-0.1315000000
0.1000000000	-0.1315000000
0.1000000000	-0.1315000000
0.1000000000	-0.1315000000
0.1000000000	-0.1315000000
0.1000000000	-0.1315000000
0.1000000000	-0.1315000000
0.1000000000	-0.1315000000
0.1000000000	-0.1315000000
0.1000000000	-0.1315000000
0.1000000000	-0.1315000000
0.1000000000	-0.1315000000
0.1000000000	-0.1315000000
0.0000000000	-0.1316000000
0.0000000000	-0.1316000000
0.0000000000	-0.1316000000
0.0000000000	-0.1316000000
0.0000000000	-0.1316000000
0.0000000000	-0.1316000000
0.0000000000	-0.1316000000
0.0000000000	-0.1316000000
0.0000000000	-0.1316000000
0.0000000000	-0.1316000000
0.0000000000	-0.1316000000
0.0000000000	-0.1316000000
0.0000000000	-0.1316000000
0.0000000000	-0.1316000000
0.0000000000	-0.1316000000
0.0000000000	-0.1316000000
0.0000000000	-0.1316000000
0.0000000000	-0.1316000000
0.0000000000	-0.1316000000
0.0000000000	-0.1316000000
0.0000000000	-0.1316000000
0.0000000000	-0.1315000000
0.0000000000	-0.1313000000
0.0000000000	-0.1312000000
0.0000000000	-0.1310000000
0.0000000000	-0.1310000000
0.0000000000	-0.1309000000
0.0000000000	-0.1309000000
0.0000000000	-0.1308000000
0.1000000000	-0.1307000000
0.1000000000	-0.1305000000
0.1000000000	-0.1304000000
0.1000000000	-0.1302000000
0.1000000000	-0.1301000000
0.1000000000	-0.1299000000
0.1000000000	-0.1298000000
0.1000000000	-0.1296000000
0.1000000000	-0.1295000000
0.1000000000	-0.1294000000
0.1000000000	-0.1293000000
0.1000000000	-0.1292000000
0.1000000000	-0.1291000000
0.1000000000	-0.1289000000
0.1000000000	-0.1288000000
0.1000000000	-0.1287000000
0.1000000000	-0.1285000000
0.1000000000	-0.1283000000
0.1000000000	-0.1281000000
0.1000000000	-0.1279000000
0.1000000000	-0.1277000000
0.1000000000	-0.1275000000
0.1000000000	-0.1272000000
0.1000000000	-0.1269000000
0.1000000000	-0.1267000000
0.1000000000	-0.1265000000
0.1000000000	-0.1263000000
0.1000000000	-0.1261000000
0.1000000000	-0.1259000000
0.1000000000	-0.1257000000
0.1000000000	-0.1255000000
0.1000000000	-0.1254000000
0.1000000000	-0.1251000000
0.1000000000	-0.1249000000
0.1000000000	-0.1247000000
0.1000000000	-0.1245000000
0.1000000000	-0.1244000000
0.1000000000	-0.1242000000
0.1000000000	-0.1241000000
0.1000000000	-0.1240000000
0.1000000000	-0.1239000000
0.1000000000	-0.1239000000
0.1000000000	-0.1239000000
0.1000000000	-0.1238000000
0.1000000000	-0.1237000000
0.1000000000	-0.1237000000
0.0000000000	-0.1237000000
0.0000000000	-0.1236000000
0.0000000000	-0.1236000000
0.0000000000	-0.1236000000
0.0000000000	-0.1236000000
0.0000000000	-0.1236000000
0.0000000000	-0.1237000000
0.0000000000	-0.1237000000
0.0000000000	-0.1237000000
0.0000000000	-0.1237000000
0.0000000000	-0.1237000000
0.0000000000	-0.1237000000
0.0000000000	-0.1237000000
0.0000000000	-0.1237000000
0.0000000000	-0.1237000000
0.0000000000	-0.1237000000
0.0000000000	-0.1237000000
0.0000000000	-0.1237000000
0.0000000000	-0.1237000000
0.0000000000	-0.1237000000
0.0000000000	-0.1237000000
0.0000000000	-0.1237000000
0.0000000000	-0.1237000000
0.0000000000	-0.1236000000
0.0000000000	-0.1236000000
0.0000000000	-0.1236000000
0.0000000000	-0.1236000000
0.0000000000	-0.1236000000
0.0000000000	-0.1236000000
0.0000000000	-0.1236000000
0.0000000000	-0.1235000000
0.0000000000	-0.1234000000
0.0000000000	-0.1233000000
0.0000000000	-0.1231000000
0.1000000000	-0.1229000000
0.1000000000	-0.1226000000
0.1000000000	-0.1222000000
0.1000000000	-0.1219000000
0.1000000000	-0.1216000000
0.2000000000	-0.1213000000
0.2000000000	-0.1211000000
0.2000000000	-0.1208000000
0.1000000000	-0.1205000000
0.1000000000	-0.1202000000
0.1000000000	-0.1200000000
0.1000000000	-0.1198000000
0.1000000000	-0.1195000000
0.1000000000	-0.1192000000
0.1000000000	-0.1188000000
0.2000000000	-0.1185000000
0.2000000000	-0.1182000000
0.2000000000	-0.1179000000
0.2000000000	-0.1177000000
0.2000000000	-0.1175000000
0.2000000000	-0.1173000000
0.2000000000	-0.1171000000
0.2000000000	-0.1170000000
0.2000000000	-0.1168000000
0.2000000000	-0.1167000000
0.1000000000	-0.1165000000
0.1000000000	-0.1165000000
0.1000000000	-0.1164000000
0.1000000000	-0.1164000000
0.1000000000	-0.1165000000
0.1000000000	-0.1165000000
0.1000000000	-0.1165000000
0.1000000000	-0.1165000000
0.1000000000	-0.1165000000
0.1000000000	-0.1165000000
0.1000000000	-0.1165000000
0.1000000000	-0.1165000000
0.1000000000	-0.1165000000
0.1000000000	-0.1165000000
0.1000000000	-0.1165000000
0.1000000000	-0.1165000000
0.1000000000	-0.1165000000
0.1000000000	-0.1165000000
0.1000000000	-0.1165000000
0.1000000000	-0.1166000000
0.1000000000	-0.1165000000
0.1000000000	-0.1165000000
0.1000000000	-0.1165000000
0.1000000000	-0.1165000000
0.1000000000	-0.1165000000
0.1000000000	-0.1164000000
0.1000000000	-0.1162000000
0.1000000000	-0.1159000000
0.1000000000	-0.1155000000
0.1000000000	-0.1152000000
0.1000000000	-0.1149000000
0.2000000000	-0.1146000000
0.2000000000	-0.1143000000
0.2000000000	-0.1140000000
0.2000000000	-0.1138000000
0.3000000000	-0.1137000000
0.3000000000	-0.1136000000
0.3000000000	-0.1135000000
0.3000000000	-0.1133000000
0.3000000000	-0.1132000000
0.3000000000	-0.1131000000
0.3000000000	-0.1130000000
0.3000000000	-0.1128000000
0.2000000000	-0.1126000000
0.2000000000	-0.1124000000
0.1000000000	-0.1121000000
0.1000000000	-0.1117000000
0.1000000000	-0.1113000000
0.1000000000	-0.1110000000
0.2000000000	-0.1107000000
0.2000000000	-0.1105000000
0.3000000000	-0.1103000000
0.3000000000	-0.1102000000
0.4000000000	-0.1101000000
0.4000000000	-0.1099000000
0.4000000000	-0.1098000000
0.4000000000	-0.1098000000
0.5000000000	-0.1097000000
0.5000000000	-0.1096000000
0.5000000000	-0.1094000000
0.5000000000	-0.1092000000
0.5000000000	-0.1090000000
0.4000000000	-0.1088000000
0.3000000000	-0.1086000000
0.2000000000	-0.1084000000
0.2000000000	-0.1083000000
0.1000000000	-0.1083000000
0.1000000000	-0.1082000000
0.1000000000	-0.1081000000
0.1000000000	-0.1080000000
0.1000000000	-0.1080000000
0.1000000000	-0.1080000000
0.1000000000	-0.1080000000
0.1000000000	-0.1080000000
0.1000000000	-0.1080000000
0.1000000000	-0.1080000000
0.1000000000	-0.1080000000
0.1000000000	-0.1080000000
0.1000000000	-0.1080000000
0.1000000000	-0.1080000000
0.1000000000	-0.1080000000
0.1000000000	-0.1080000000
0.1000000000	-0.1080000000
0.1000000000	-0.1080000000
0.1000000000	-0.1080000000
0.1000000000	-0.1080000000
0.1000000000	-0.1080000000
0.1000000000	-0.1080000000
0.1000000000	-0.1080000000
0.1000000000	-0.1080000000
0.1000000000	-0.1080000000
0.1000000000	-0.1080000000
0.1000000000	-0.1080000000
0.1000000000	-0.1080000000
0.1000000000	-0.1080000000
0.1000000000	-0.1080000000
0.1000000000	-0.1080000000
0.1000000000	-0.1080000000
0.1000000000	-0.1080000000
0.1000000000	-0.1080000000
0.1000000000	-0.1080000000
0.1000000000	-0.1080000000
0.1000000000	-0.1080000000
0.1000000000	-0.1079000000
0.1000000000	-0.1078000000
0.1000000000	-0.1077000000
0.2000000000	-0.1076000000
0.2000000000	-0.1074000000
0.2000000000	-0.1072000000
0.2000000000	-0.1071000000
0.3000000000	-0.1069000000
0.4000000000	-0.1068000000
0.5000000000	-0.1066000000
0.5000000000	-0.1065000000
0.6000000000	-0.1064000000
0.6000000000	-0.1063000000
0.7000000000	-0.1062000000
0.7000000000	-0.1061000000
0.8000000000	-0.1060000000
0.8000000000	-0.1059000000
0.8000000000	-0.1058000000
0.9000000000	-0.1056000000
0.8000000000	-0.1054000000
0.8000000000	-0.1052000000
0.7000000000	-0.1050000000
0.6000000000	-0.1048000000
0.5000000000	-0.1047000000
0.5000000000	-0.1046000000
0.4000000000	-0.1045000000
0.4000000000	-0.1044000000
0.3000000000	-0.1043000000
0.3000000000	-0.1043000000
0.3000000000	-0.1042000000
0.2000000000	-0.1041000000
0.2000000000	-0.1041000000
0.2000000000	-0.1040000000
0.2000000000	-0.1039000000
0.2000000000	-0.1036000000
0.3000000000	-0.1034000000
0.6000000000	-0.1031000000
1.1000000000	-0.1028000000
1.4000000000	-0.1026000000
1.7000000000	-0.1024000000
1.8000000000	-0.1022000000
1.9000000000	-0.1021000000
1.9000000000	-0.1019000000
1.8000000000	-0.1018000000
1.8000000000	-0.1016000000
1.7000000000	-0.1015000000
1.5000000000	-0.1013000000
1.3000000000	-0.1012000000
1.0000000000	-0.1010000000
0.9000000000	-0.1009000000
0.8000000000	-0.1008000000
0.7000000000	-0.1006000000
0.7000000000	-0.1005000000
0.6000000000	-0.1004000000
0.6000000000	-0.1003000000
0.5000000000	-0.1001000000
0.6000000000	-0.0999000000
0.9000000000	-0.0997000000
1.1000000000	-0.0997000000
1.3000000000	-0.0997000000
1.6000000000	-0.0996000000
2.0000000000	-0.0995000000
2.3000000000	-0.0995000000
3.1000000000	-0.0993000000
3.8000000000	-0.0993000000
4.9000000000	-0.0991000000
7.4000000000	-0.0990000000
8.4000000000	-0.0989000000
9.6000000000	-0.0988000000
10.5000000000	-0.0987000000
10.6000000000	-0.0987000000
10.5000000000	-0.0987000000
10.3000000000	-0.0987000000
9.9000000000	-0.0987000000
9.5000000000	-0.0987000000
9.0000000000	-0.0987000000
8.7000000000	-0.0987000000
8.6000000000	-0.0987000000
8.6000000000	-0.0987000000
8.6000000000	-0.0987000000
8.6000000000	-0.0987000000
8.6000000000	-0.0987000000
8.6000000000	-0.0987000000
8.6000000000	-0.0987000000
8.6000000000	-0.0987000000
8.6000000000	-0.0987000000
8.6000000000	-0.0987000000
8.6000000000	-0.0987000000
8.8000000000	-0.0987000000
8.9000000000	-0.0987000000
9.0000000000	-0.0987000000
8.9000000000	-0.0987000000
8.9000000000	-0.0987000000
9.0000000000	-0.0987000000
9.0000000000	-0.0987000000
9.1000000000	-0.0987000000
9.2000000000	-0.0987000000
9.3000000000	-0.0987000000
9.5000000000	-0.0987000000
14.5000000000	-0.0984000000
19.1000000000	-0.0980000000
23.9000000000	-0.0976000000
26.9000000000	-0.0973000000
30.8000000000	-0.0970000000
34.2000000000	-0.0967000000
37.1000000000	-0.0963000000
36.2000000000	-0.0959000000
30.8000000000	-0.0955000000
27.2000000000	-0.0951000000
23.3000000000	-0.0948000000
17.7000000000	-0.0945000000
13.7000000000	-0.0942000000
10.1000000000	-0.0939000000
7.7000000000	-0.0937000000
5.5000000000	-0.0934000000
3.3000000000	-0.0932000000
2.3000000000	-0.0930000000
1.5000000000	-0.0929000000
1.0000000000	-0.0927000000
0.7000000000	-0.0925000000
0.5000000000	-0.0924000000
0.4000000000	-0.0923000000
0.3000000000	-0.0922000000
0.3000000000	-0.0921000000
0.4000000000	-0.0920000000
0.4000000000	-0.0919000000
0.5000000000	-0.0918000000
0.7000000000	-0.0916000000
0.9000000000	-0.0914000000
1.2000000000	-0.0912000000
1.4000000000	-0.0911000000
1.5000000000	-0.0909000000
1.6000000000	-0.0908000000
1.6000000000	-0.0907000000
1.6000000000	-0.0907000000
1.6000000000	-0.0907000000
1.6000000000	-0.0907000000
1.5000000000	-0.0907000000
1.5000000000	-0.0907000000
1.4000000000	-0.0907000000
1.4000000000	-0.0907000000
1.4000000000	-0.0907000000
1.3000000000	-0.0907000000
1.3000000000	-0.0907000000
1.3000000000	-0.0907000000
1.3000000000	-0.0907000000
1.3000000000	-0.0907000000
1.3000000000	-0.0907000000
1.3000000000	-0.0907000000
1.3000000000	-0.0907000000
1.3000000000	-0.0907000000
1.3000000000	-0.0908000000
1.3000000000	-0.0908000000
1.3000000000	-0.0908000000
1.4000000000	-0.0908000000
1.4000000000	-0.0907000000
1.4000000000	-0.0907000000
1.4000000000	-0.0907000000
1.4000000000	-0.0907000000
1.4000000000	-0.0907000000
1.4000000000	-0.0907000000
1.5000000000	-0.0906000000
1.5000000000	-0.0904000000
1.5000000000	-0.0902000000
1.3000000000	-0.0899000000
0.9000000000	-0.0896000000
0.4000000000	-0.0892000000
0.2000000000	-0.0888000000
0.1000000000	-0.0884000000
0.1000000000	-0.0880000000
0.2000000000	-0.0877000000
0.3000000000	-0.0876000000
0.3000000000	-0.0874000000
0.3000000000	-0.0874000000
0.3000000000	-0.0874000000
0.4000000000	-0.0873000000
0.4000000000	-0.0872000000
0.4000000000	-0.0871000000
0.5000000000	-0.0869000000
0.5000000000	-0.0866000000
0.5000000000	-0.0864000000
0.5000000000	-0.0861000000
0.4000000000	-0.0859000000
0.3000000000	-0.0856000000
0.3000000000	-0.0853000000
0.2000000000	-0.0851000000
0.1000000000	-0.0848000000
0.1000000000	-0.0845000000
0.1000000000	-0.0841000000
0.2000000000	-0.0836000000
0.2000000000	-0.0832000000
0.3000000000	-0.0828000000
0.3000000000	-0.0825000000
0.3000000000	-0.0823000000
0.3000000000	-0.0820000000
0.2000000000	-0.0818000000
0.2000000000	-0.0817000000
0.2000000000	-0.0815000000
0.1000000000	-0.0812000000
0.1000000000	-0.0811000000
0.1000000000	-0.0810000000
0.1000000000	-0.0810000000
0.1000000000	-0.0810000000
0.1000000000	-0.0809000000
0.1000000000	-0.0809000000
0.1000000000	-0.0809000000
0.1000000000	-0.0809000000
0.1000000000	-0.0809000000
0.1000000000	-0.0809000000
0.1000000000	-0.0809000000
0.1000000000	-0.0809000000
0.1000000000	-0.0809000000
0.1000000000	-0.0809000000
0.1000000000	-0.0809000000
0.1000000000	-0.0809000000
0.1000000000	-0.0809000000
0.1000000000	-0.0809000000
0.1000000000	-0.0809000000
0.1000000000	-0.0809000000
0.1000000000	-0.0809000000
0.1000000000	-0.0809000000
0.1000000000	-0.0809000000
0.1000000000	-0.0809000000
0.1000000000	-0.0809000000
0.1000000000	-0.0809000000
0.1000000000	-0.0807000000
0.1000000000	-0.0804000000
0.1000000000	-0.0802000000
0.1000000000	-0.0800000000
0.1000000000	-0.0798000000
0.1000000000	-0.0796000000
0.2000000000	-0.0794000000
0.2000000000	-0.0791000000
0.2000000000	-0.0789000000
0.2000000000	-0.0786000000
0.2000000000	-0.0784000000
0.2000000000	-0.0782000000
0.2000000000	-0.0780000000
0.2000000000	-0.0779000000
0.2000000000	-0.0778000000
0.1000000000	-0.0776000000
0.1000000000	-0.0775000000
0.1000000000	-0.0773000000
0.1000000000	-0.0771000000
0.1000000000	-0.0768000000
0.1000000000	-0.0765000000
0.1000000000	-0.0761000000
0.1000000000	-0.0756000000
0.1000000000	-0.0751000000
0.1000000000	-0.0747000000
0.1000000000	-0.0743000000
0.1000000000	-0.0741000000
0.1000000000	-0.0739000000
0.1000000000	-0.0737000000
0.1000000000	-0.0735000000
0.0000000000	-0.0734000000
0.0000000000	-0.0732000000
0.0000000000	-0.0731000000
0.0000000000	-0.0730000000
0.0000000000	-0.0729000000
0.0000000000	-0.0728000000
0.1000000000	-0.0726000000
0.1000000000	-0.0725000000
0.1000000000	-0.0723000000
0.1000000000	-0.0722000000
0.1000000000	-0.0720000000
0.1000000000	-0.0719000000
0.1000000000	-0.0717000000
0.1000000000	-0.0716000000
0.1000000000	-0.0715000000
0.1000000000	-0.0714000000
0.1000000000	-0.0713000000
0.1000000000	-0.0712000000
0.1000000000	-0.0711000000
0.1000000000	-0.0710000000
0.1000000000	-0.0708000000
0.1000000000	-0.0707000000
0.1000000000	-0.0706000000
0.1000000000	-0.0704000000
0.1000000000	-0.0702000000
0.1000000000	-0.0700000000
0.1000000000	-0.0698000000
0.1000000000	-0.0698000000
0.1000000000	-0.0698000000
0.1000000000	-0.0698000000
0.1000000000	-0.0698000000
0.1000000000	-0.0698000000
0.1000000000	-0.0698000000
0.1000000000	-0.0698000000
0.1000000000	-0.0698000000
0.1000000000	-0.0698000000
0.1000000000	-0.0698000000
0.1000000000	-0.0698000000
0.1000000000	-0.0698000000
0.1000000000	-0.0698000000
0.1000000000	-0.0698000000
0.1000000000	-0.0698000000
0.1000000000	-0.0698000000
0.1000000000	-0.0698000000
0.1000000000	-0.0698000000
0.1000000000	-0.0698000000
0.1000000000	-0.0698000000
0.1000000000	-0.0698000000
0.1000000000	-0.0697000000
0.0000000000	-0.0695000000
0.0000000000	-0.0693000000
0.0000000000	-0.0690000000
0.1000000000	-0.0688000000
0.1000000000	-0.0685000000
0.1000000000	-0.0682000000
0.1000000000	-0.0679000000
0.1000000000	-0.0676000000
0.1000000000	-0.0673000000
0.1000000000	-0.0670000000
0.1000000000	-0.0666000000
0.0000000000	-0.0662000000
0.0000000000	-0.0658000000
0.0000000000	-0.0654000000
0.0000000000	-0.0650000000
0.1000000000	-0.0646000000
0.1000000000	-0.0643000000
0.1000000000	-0.0640000000
0.1000000000	-0.0638000000
0.1000000000	-0.0636000000
0.1000000000	-0.0633000000
0.1000000000	-0.0631000000
0.1000000000	-0.0628000000
0.1000000000	-0.0627000000
0.1000000000	-0.0625000000
0.1000000000	-0.0623000000
0.1000000000	-0.0622000000
0.1000000000	-0.0620000000
0.1000000000	-0.0619000000
0.1000000000	-0.0617000000
0.0000000000	-0.0616000000
0.0000000000	-0.0615000000
0.0000000000	-0.0615000000
0.0000000000	-0.0615000000
0.0000000000	-0.0615000000
0.0000000000	-0.0615000000
0.0000000000	-0.0616000000
0.0000000000	-0.0616000000
0.0000000000	-0.0616000000
0.0000000000	-0.0616000000
0.0000000000	-0.0616000000
0.0000000000	-0.0616000000
0.0000000000	-0.0616000000
0.0000000000	-0.0616000000
0.0000000000	-0.0616000000
0.0000000000	-0.0616000000
0.0000000000	-0.0616000000
0.0000000000	-0.0616000000
0.0000000000	-0.0616000000
0.0000000000	-0.0616000000
0.0000000000	-0.0616000000
0.0000000000	-0.0615000000
0.0000000000	-0.0615000000
0.0000000000	-0.0615000000
0.0000000000	-0.0615000000
0.0000000000	-0.0615000000
0.0000000000	-0.0613000000
0.0000000000	-0.0611000000
0.0000000000	-0.0609000000
0.1000000000	-0.0607000000
0.1000000000	-0.0604000000
0.1000000000	-0.0602000000
0.1000000000	-0.0599000000
0.1000000000	-0.0595000000
0.1000000000	-0.0592000000
0.0000000000	-0.0589000000
0.0000000000	-0.0586000000
0.0000000000	-0.0582000000
0.0000000000	-0.0579000000
0.0000000000	-0.0576000000
0.0000000000	-0.0573000000
0.0000000000	-0.0569000000
0.0000000000	-0.0566000000
0.0000000000	-0.0563000000
0.0000000000	-0.0560000000
0.1000000000	-0.0556000000
0.1000000000	-0.0553000000
0.0000000000	-0.0551000000
0.0000000000	-0.0548000000
0.0000000000	-0.0545000000
0.0000000000	-0.0542000000
0.0000000000	-0.0540000000
0.0000000000	-0.0538000000
0.0000000000	-0.0536000000
0.0000000000	-0.0534000000
0.0000000000	-0.0533000000
0.0000000000	-0.0532000000
0.0000000000	-0.0532000000
0.0000000000	-0.0532000000
0.0000000000	-0.0532000000
0.0000000000	-0.0532000000
0.0000000000	-0.0532000000
0.0000000000	-0.0532000000
0.0000000000	-0.0532000000
0.0000000000	-0.0532000000
0.0000000000	-0.0532000000
0.0000000000	-0.0532000000
0.0000000000	-0.0532000000
0.0000000000	-0.0532000000
0.0000000000	-0.0532000000
0.0000000000	-0.0532000000
0.0000000000	-0.0532000000
0.0000000000	-0.0532000000
0.0000000000	-0.0532000000
0.0000000000	-0.0532000000
0.0000000000	-0.0532000000
0.0000000000	-0.0532000000
0.0000000000	-0.0532000000
0.0000000000	-0.0532000000
0.0000000000	-0.0532000000
0.0000000000	-0.0532000000
0.0000000000	-0.0532000000
0.0000000000	-0.0530000000
0.0000000000	-0.0528000000
0.0000000000	-0.0526000000
0.0000000000	-0.0523000000
0.0000000000	-0.0520000000
0.0000000000	-0.0517000000
0.0000000000	-0.0513000000
0.0000000000	-0.0509000000
0.0000000000	-0.0505000000
0.0000000000	-0.0500000000
0.0000000000	-0.0495000000
0.0000000000	-0.0491000000
0.0000000000	-0.0487000000
0.0000000000	-0.0483000000
0.0000000000	-0.0479000000
0.0000000000	-0.0476000000
0.0000000000	-0.0474000000
0.0000000000	-0.0472000000
0.0000000000	-0.0470000000
0.0000000000	-0.0467000000
0.0000000000	-0.0465000000
0.0000000000	-0.0462000000
0.0000000000	-0.0460000000
0.0000000000	-0.0457000000
0.0000000000	-0.0455000000
0.0000000000	-0.0453000000
0.0000000000	-0.0451000000
0.0000000000	-0.0450000000
0.0000000000	-0.0449000000
0.0000000000	-0.0449000000
0.0000000000	-0.0449000000
0.0000000000	-0.0449000000
0.0000000000	-0.0449000000
0.0000000000	-0.0449000000
0.0000000000	-0.0449000000
0.0000000000	-0.0449000000
0.0000000000	-0.0450000000
0.0000000000	-0.0450000000
0.0000000000	-0.0450000000
0.0000000000	-0.0450000000
0.0000000000	-0.0450000000
0.0000000000	-0.0450000000
0.0000000000	-0.0450000000
0.0000000000	-0.0450000000
0.0000000000	-0.0450000000
0.0000000000	-0.0450000000
0.0000000000	-0.0450000000
0.0000000000	-0.0450000000
0.0000000000	-0.0450000000
0.0000000000	-0.0450000000
0.0000000000	-0.0450000000
0.0000000000	-0.0450000000
0.0000000000	-0.0449000000
0.0000000000	-0.0449000000
0.0000000000	-0.0449000000
0.0000000000	-0.0449000000
0.0000000000	-0.0448000000
0.0000000000	-0.0445000000
0.0000000000	-0.0441000000
0.0000000000	-0.0439000000
0.0000000000	-0.0438000000
0.0000000000	-0.0435000000
0.0000000000	-0.0432000000
0.0000000000	-0.0430000000
0.0000000000	-0.0426000000
0.0000000000	-0.0423000000
0.0000000000	-0.0419000000
0.0000000000	-0.0415000000
0.0000000000	-0.0411000000
0.0000000000	-0.0408000000
0.0000000000	-0.0405000000
0.0000000000	-0.0402000000
0.0000000000	-0.0399000000
0.0000000000	-0.0396000000
0.0000000000	-0.0393000000
0.0000000000	-0.0390000000
0.0000000000	-0.0386000000
0.0000000000	-0.0382000000
0.0000000000	-0.0378000000
0.0000000000	-0.0373000000
0.0000000000	-0.0369000000
0.0000000000	-0.0366000000
0.0000000000	-0.0363000000
0.0000000000	-0.0363000000
0.0000000000	-0.0363000000
0.0000000000	-0.0363000000
0.0000000000	-0.0363000000
0.0000000000	-0.0363000000
0.0000000000	-0.0363000000
0.0000000000	-0.0363000000
0.0000000000	-0.0363000000
0.0000000000	-0.0363000000
0.0000000000	-0.0363000000
0.0000000000	-0.0363000000
0.0000000000	-0.0363000000
0.0000000000	-0.0363000000
0.0000000000	-0.0363000000
0.0000000000	-0.0363000000
0.0000000000	-0.0363000000
0.0000000000	-0.0363000000
0.0000000000	-0.0363000000
0.0000000000	-0.0363000000
0.0000000000	-0.0362000000
0.0000000000	-0.0361000000
0.0000000000	-0.0359000000
0.0000000000	-0.0356000000
0.0000000000	-0.0353000000
0.0000000000	-0.0350000000
0.0000000000	-0.0346000000
0.0000000000	-0.0342000000
0.0000000000	-0.0337000000
0.0000000000	-0.0332000000
0.0000000000	-0.0327000000
0.0000000000	-0.0321000000
0.0000000000	-0.0316000000
0.0000000000	-0.0310000000
0.0000000000	-0.0305000000
0.0000000000	-0.0301000000
0.0000000000	-0.0297000000
0.0000000000	-0.0295000000
0.0000000000	-0.0295000000
0.0000000000	-0.0295000000
0.0000000000	-0.0295000000
0.0000000000	-0.0295000000
0.0000000000	-0.0295000000
0.0000000000	-0.0295000000
0.0000000000	-0.0295000000
0.0000000000	-0.0295000000
0.0000000000	-0.0295000000
0.0000000000	-0.0295000000
0.0000000000	-0.0295000000
0.0000000000	-0.0295000000
0.0000000000	-0.0295000000
0.0000000000	-0.0295000000
0.0000000000	-0.0295000000
0.0000000000	-0.0293000000
0.0000000000	-0.0290000000
0.0000000000	-0.0285000000
0.0000000000	-0.0280000000
0.0000000000	-0.0274000000
0.0000000000	-0.0267000000
0.0000000000	-0.0261000000
0.0000000000	-0.0254000000
0.0000000000	-0.0248000000
0.0000000000	-0.0241000000
0.0000000000	-0.0236000000
0.0000000000	-0.0230000000
0.0000000000	-0.0225000000
0.0000000000	-0.0221000000
0.0000000000	-0.0219000000
0.0000000000	-0.0219000000
0.0000000000	-0.0219000000
0.0000000000	-0.0219000000
0.0000000000	-0.0219000000
0.0000000000	-0.0219000000
0.0000000000	-0.0219000000
0.0000000000	-0.0219000000
0.0000000000	-0.0219000000
0.0000000000	-0.0219000000
0.0000000000	-0.0219000000
0.0000000000	-0.0219000000
0.0000000000	-0.0219000000
0.0000000000	-0.0219000000
0.0000000000	-0.0219000000
0.0000000000	-0.0219000000
0.0000000000	-0.0216000000
0.0000000000	-0.0213000000
0.0000000000	-0.0208000000
0.0000000000	-0.0205000000
0.0000000000	-0.0201000000
0.0000000000	-0.0197000000
0.0000000000	-0.0193000000
0.0000000000	-0.0189000000
0.0000000000	-0.0185000000
0.0000000000	-0.0180000000
0.0000000000	-0.0176000000
0.0000000000	-0.0171000000
0.0000000000	-0.0166000000
0.0000000000	-0.0162000000
0.0000000000	-0.0157000000
0.0000000000	-0.0152000000
0.0000000000	-0.0149000000
0.0000000000	-0.0147000000
0.0000000000	-0.0147000000
0.0000000000	-0.0147000000
0.0000000000	-0.0147000000
0.0000000000	-0.0147000000
0.0000000000	-0.0147000000
0.0000000000	-0.0147000000
0.0000000000	-0.0147000000
0.0000000000	-0.0147000000
0.0000000000	-0.0147000000
0.0000000000	-0.0147000000
0.0000000000	-0.0147000000
0.0000000000	-0.0144000000
0.0000000000	-0.0140000000
0.0000000000	-0.0135000000
0.0000000000	-0.0129000000
0.0000000000	-0.0124000000
0.0000000000	-0.0118000000
0.0000000000	-0.0113000000
0.0000000000	-0.0108000000
0.0000000000	-0.0102000000
0.0000000000	-0.0097000000
0.0000000000	-0.0092000000
0.0000000000	-0.0087000000
0.0000000000	-0.0083000000
0.0000000000	-0.0080000000
0.0000000000	-0.0077000000
0.0000000000	-0.0077000000
0.0000000000	-0.0077000000
0.0000000000	-0.0077000000
0.0000000000	-0.0077000000
0.0000000000	-0.0077000000
0.0000000000	-0.0077000000
0.0000000000	-0.0077000000
0.0000000000	-0.0077000000
0.0000000000	-0.0077000000
0.0000000000	-0.0077000000
0.0000000000	-0.0077000000
0.0000000000	-0.0077000000
0.0000000000	-0.0077000000
0.0000000000	-0.0077000000
0.0000000000	-0.0076000000
0.0000000000	-0.0073000000
0.0000000000	-0.0069000000
0.0000000000	-0.0062000000
0.0000000000	-0.0055000000
0.0000000000	-0.0048000000
0.0000000000	-0.0043000000
0.0000000000	-0.0037000000
0.0000000000	-0.0033000000
0.0000000000	-0.0028000000
0.0000000000	-0.0023000000
0.0000000000	-0.0018000000
0.0000000000	-0.0014000000
0.0000000000	-0.0010000000
0.0000000000	-0.0007300000
0.0000000000	-0.0005330000
0.0000000000	-0.0004340000
0.0000000000	-0.0004540000
0.0000000000	-0.0004540000
0.0000000000	-0.0004540000
0.0000000000	-0.0004540000
0.0000000000	-0.0004540000
0.0000000000	-0.0004540000
0.0000000000	-0.0004540000
0.0000000000	-0.0004540000
0.0000000000	-0.0004540000
0.0000000000	-0.0004540000
0.0000000000	-0.0004540000
0.0000000000	-0.0003550000
0.0000000000	-0.0000000000
0.0000000000	0.0000197000
0.0000000000	0.0000395000
0.0000000000	0.0000789000
0.0000000000	0.0000986000
0.0000000000	0.0000986000
0.0000000000	0.0001180000
0.0000000000	0.0001180000
0.0000000000	0.0001180000
0.0000000000	0.0001180000
0.0000000000	0.0000986000
0.0000000000	0.0000986000
0.0000000000	0.0000592000
0.0000000000	-0.0000197000
0.0000000000	-0.0000197000
0.0000000000	-0.0000197000
0.0000000000	-0.0000197000
0.0000000000	-0.0000197000
0.0000000000	-0.0000197000
0.0000000000	-0.0000197000
0.0000000000	-0.0000197000
0.0000000000	-0.0000197000
0.0000000000	-0.0000197000
0.0000000000	-0.0000197000
0.0000000000	-0.0000197000
0.0000000000	-0.0000197000
0.0000000000	-0.0000197000
0.0000000000	-0.0000197000
0.0000000000	-0.0000197000
0.0000000000	-0.0000197000
0.0000000000	-0.0000197000
0.0000000000	-0.0000197000
0.0000000000	-0.0000197000
0.0000000000	-0.0000197000
0.0000000000	-0.0000197000
0.0000000000	-0.0000197000
0.0000000000	-0.0000197000
0.0000000000	-0.0000197000
0.0000000000	-0.0000197000
0.0000000000	-0.0000197000
0.0000000000	-0.0000197000
0.0000000000	-0.0000197000
0.0000000000	-0.0000197000
0.0000000000	-0.0000197000
0.0000000000	-0.0000197000
0.0000000000	-0.0000197000
0.0000000000	-0.0000197000
0.0000000000	-0.0000197000
0.0000000000	-0.0000197000
0.0000000000	-0.0000197000
0.0000000000	-0.0000197000
0.0000000000	-0.0000197000
0.0000000000	-0.0000197000
0.0000000000	-0.0000197000
0.0000000000	-0.0000197000
0.0000000000	-0.0000197000
0.0000000000	-0.0000197000
0.0000000000	-0.0000197000
0.0000000000	-0.0000197000
0.0000000000	-0.0000197000
0.0000000000	-0.0000197000
0.0000000000	-0.0000197000
0.0000000000	-0.0000197000
0.0000000000	-0.0000197000
0.0000000000	-0.0000197000
0.0000000000	-0.0000197000
0.0000000000	-0.0000197000
0.0000000000	-0.0000197000
0.0000000000	-0.0000197000
0.0000000000	-0.0000197000
0.0000000000	-0.0000197000
0.0000000000	-0.0000197000
0.0000000000	-0.0000197000
0.0000000000	-0.0000197000
0.0000000000	-0.0000197000
0.0000000000	-0.0000197000
0.0000000000	-0.0000197000
0.0000000000	-0.0000197000
0.0000000000	-0.0000197000
0.0000000000	-0.0000197000
0.0000000000	-0.0000197000
0.0000000000	-0.0000197000
0.0000000000	-0.0000197000
0.0000000000	-0.0000197000
0.0000000000	-0.0000197000
0.0000000000	-0.0000197000
0.0000000000	-0.0000197000
0.0000000000	-0.0000197000
0.0000000000	-0.0000197000
0.0000000000	-0.0000197000
0.0000000000	-0.0000197000
0.0000000000	-0.0000197000
0.0000000000	-0.0000197000
0.0000000000	-0.0000197000
0.0000000000	-0.0000197000
0.0000000000	-0.0000197000
0.0000000000	-0.0000197000
0.0000000000	-0.0000197000
0.0000000000	-0.0000197000
0.0000000000	-0.0000197000
0.0000000000	-0.0000197000
0.0000000000	-0.0000197000
0.0000000000	-0.0000197000
0.0000000000	-0.0000197000
0.0000000000	-0.0000197000
0.0000000000	-0.0000197000
0.0000000000	-0.0000197000
0.0000000000	-0.0000197000
0.0000000000	-0.0000197000
0.0000000000	-0.0000197000
0.0000000000	-0.0000197000
0.0000000000	-0.0000197000
0.0000000000	-0.0000197000
0.0000000000	-0.0000197000
0.0000000000	-0.0000197000
0.0000000000	-0.0000197000
