Light Intensity (% of scale max) Alessio_0.02_1.0_candela	Position (m) Alessio_0.02_1.0_candela
1.0000000000	0.0000000000
1.0000000000	0.0000000000
1.0000000000	0.0000000000
1.0000000000	0.0000000000
1.0000000000	0.0000000000
1.1000000000	0.0000000000
1.1000000000	0.0000000000
1.0000000000	0.0000000000
1.0000000000	0.0000000000
1.0000000000	0.0000000000
1.0000000000	0.0000000000
1.0000000000	0.0000000000
1.0000000000	0.0000000000
1.1000000000	0.0000000000
1.1000000000	0.0000000000
1.0000000000	0.0000000000
1.0000000000	0.0000000000
1.0000000000	0.0000000000
1.0000000000	0.0000000000
1.0000000000	0.0000000000
1.0000000000	0.0000000000
1.1000000000	0.0000000000
1.1000000000	0.0000000000
1.0000000000	0.0000000000
1.0000000000	0.0000000000
1.0000000000	0.0000000000
1.0000000000	0.0000000000
1.0000000000	-0.0000197000
1.1000000000	-0.0000197000
1.1000000000	-0.0000197000
1.1000000000	-0.0000197000
1.0000000000	-0.0000197000
1.0000000000	-0.0000197000
1.0000000000	-0.0000197000
1.0000000000	-0.0000197000
1.0000000000	-0.0000395000
1.1000000000	-0.0000395000
1.1000000000	-0.0000395000
1.1000000000	-0.0000395000
1.0000000000	-0.0000395000
1.0000000000	-0.0000395000
1.0000000000	-0.0000395000
1.0000000000	-0.0000395000
1.0000000000	-0.0000395000
1.1000000000	-0.0000592000
1.1000000000	-0.0000592000
1.0000000000	-0.0003160000
1.0000000000	-0.0004340000
1.0000000000	-0.0004340000
1.0000000000	-0.0004340000
1.0000000000	-0.0006900000
1.0000000000	-0.0008480000
1.1000000000	-0.0008880000
1.1000000000	-0.0011000000
1.0000000000	-0.0014000000
1.0000000000	-0.0020000000
1.0000000000	-0.0022000000
1.0000000000	-0.0022000000
1.0000000000	-0.0022000000
1.0000000000	-0.0025000000
1.1000000000	-0.0027000000
1.1000000000	-0.0027000000
1.0000000000	-0.0027000000
1.0000000000	-0.0027000000
1.0000000000	-0.0027000000
1.0000000000	-0.0027000000
1.0000000000	-0.0027000000
1.0000000000	-0.0027000000
1.1000000000	-0.0027000000
1.1000000000	-0.0027000000
1.0000000000	-0.0027000000
1.0000000000	-0.0027000000
1.0000000000	-0.0027000000
1.0000000000	-0.0027000000
1.0000000000	-0.0028000000
1.0000000000	-0.0036000000
1.1000000000	-0.0043000000
1.1000000000	-0.0043000000
1.0000000000	-0.0043000000
1.0000000000	-0.0044000000
1.0000000000	-0.0047000000
1.0000000000	-0.0049000000
1.0000000000	-0.0049000000
1.1000000000	-0.0051000000
1.1000000000	-0.0054000000
1.1000000000	-0.0058000000
1.0000000000	-0.0060000000
1.0000000000	-0.0060000000
1.0000000000	-0.0060000000
1.0000000000	-0.0060000000
1.0000000000	-0.0060000000
1.1000000000	-0.0060000000
1.1000000000	-0.0060000000
1.0000000000	-0.0060000000
1.0000000000	-0.0060000000
1.0000000000	-0.0060000000
1.0000000000	-0.0060000000
1.0000000000	-0.0060000000
1.0000000000	-0.0060000000
1.1000000000	-0.0063000000
1.1000000000	-0.0069000000
1.1000000000	-0.0071000000
1.0000000000	-0.0071000000
1.0000000000	-0.0072000000
1.0000000000	-0.0076000000
1.0000000000	-0.0078000000
1.1000000000	-0.0079000000
1.1000000000	-0.0082000000
1.1000000000	-0.0083000000
1.1000000000	-0.0087000000
1.0000000000	-0.0091000000
1.0000000000	-0.0093000000
1.1000000000	-0.0094000000
1.1000000000	-0.0094000000
1.1000000000	-0.0094000000
1.2000000000	-0.0094000000
1.1000000000	-0.0094000000
1.1000000000	-0.0094000000
1.1000000000	-0.0094000000
1.0000000000	-0.0094000000
1.1000000000	-0.0094000000
1.1000000000	-0.0094000000
1.1000000000	-0.0094000000
1.2000000000	-0.0094000000
1.1000000000	-0.0094000000
1.1000000000	-0.0095000000
1.1000000000	-0.0096000000
1.0000000000	-0.0096000000
1.1000000000	-0.0097000000
1.1000000000	-0.0099000000
1.1000000000	-0.0106000000
1.2000000000	-0.0108000000
1.1000000000	-0.0109000000
1.1000000000	-0.0112000000
1.0000000000	-0.0114000000
1.0000000000	-0.0116000000
1.1000000000	-0.0118000000
1.1000000000	-0.0122000000
1.2000000000	-0.0124000000
1.2000000000	-0.0124000000
1.2000000000	-0.0127000000
1.1000000000	-0.0131000000
1.1000000000	-0.0131000000
1.1000000000	-0.0131000000
1.2000000000	-0.0131000000
1.2000000000	-0.0131000000
1.2000000000	-0.0131000000
1.2000000000	-0.0131000000
1.2000000000	-0.0131000000
1.2000000000	-0.0131000000
1.1000000000	-0.0131000000
1.1000000000	-0.0131000000
1.2000000000	-0.0131000000
1.2000000000	-0.0131000000
1.2000000000	-0.0131000000
1.2000000000	-0.0133000000
1.2000000000	-0.0137000000
1.1000000000	-0.0139000000
1.1000000000	-0.0139000000
1.1000000000	-0.0141000000
1.2000000000	-0.0144000000
1.2000000000	-0.0146000000
1.3000000000	-0.0149000000
1.3000000000	-0.0151000000
1.3000000000	-0.0155000000
1.2000000000	-0.0157000000
1.2000000000	-0.0157000000
1.2000000000	-0.0159000000
1.2000000000	-0.0162000000
1.2000000000	-0.0166000000
1.3000000000	-0.0166000000
1.3000000000	-0.0166000000
1.2000000000	-0.0166000000
1.2000000000	-0.0166000000
1.2000000000	-0.0166000000
1.2000000000	-0.0166000000
1.2000000000	-0.0166000000
1.2000000000	-0.0166000000
1.3000000000	-0.0166000000
1.3000000000	-0.0166000000
1.2000000000	-0.0166000000
1.2000000000	-0.0166000000
1.2000000000	-0.0166000000
1.2000000000	-0.0172000000
1.2000000000	-0.0173000000
1.2000000000	-0.0174000000
1.3000000000	-0.0177000000
1.3000000000	-0.0179000000
1.2000000000	-0.0181000000
1.2000000000	-0.0185000000
1.2000000000	-0.0187000000
1.2000000000	-0.0191000000
1.2000000000	-0.0196000000
1.2000000000	-0.0197000000
1.3000000000	-0.0201000000
1.2000000000	-0.0204000000
1.2000000000	-0.0205000000
1.1000000000	-0.0205000000
1.1000000000	-0.0205000000
1.2000000000	-0.0205000000
1.2000000000	-0.0205000000
1.2000000000	-0.0205000000
1.2000000000	-0.0205000000
1.2000000000	-0.0205000000
1.2000000000	-0.0205000000
1.1000000000	-0.0205000000
1.1000000000	-0.0205000000
1.2000000000	-0.0205000000
1.2000000000	-0.0205000000
1.2000000000	-0.0207000000
1.3000000000	-0.0214000000
1.3000000000	-0.0215000000
1.2000000000	-0.0217000000
1.2000000000	-0.0222000000
1.2000000000	-0.0223000000
1.2000000000	-0.0226000000
1.2000000000	-0.0230000000
1.2000000000	-0.0231000000
1.2000000000	-0.0234000000
1.2000000000	-0.0237000000
1.1000000000	-0.0238000000
1.1000000000	-0.0241000000
1.1000000000	-0.0244000000
1.1000000000	-0.0244000000
1.2000000000	-0.0244000000
1.2000000000	-0.0244000000
1.2000000000	-0.0244000000
1.2000000000	-0.0244000000
1.1000000000	-0.0244000000
1.1000000000	-0.0244000000
1.1000000000	-0.0244000000
1.1000000000	-0.0244000000
1.2000000000	-0.0244000000
1.2000000000	-0.0244000000
1.2000000000	-0.0244000000
1.2000000000	-0.0247000000
1.1000000000	-0.0256000000
1.1000000000	-0.0257000000
1.1000000000	-0.0257000000
1.1000000000	-0.0257000000
1.1000000000	-0.0260000000
1.2000000000	-0.0263000000
1.1000000000	-0.0264000000
1.1000000000	-0.0266000000
1.0000000000	-0.0270000000
1.0000000000	-0.0271000000
1.0000000000	-0.0274000000
1.0000000000	-0.0277000000
1.1000000000	-0.0278000000
1.1000000000	-0.0279000000
1.1000000000	-0.0279000000
1.1000000000	-0.0279000000
1.0000000000	-0.0279000000
1.0000000000	-0.0279000000
1.0000000000	-0.0279000000
1.0000000000	-0.0279000000
1.1000000000	-0.0279000000
1.1000000000	-0.0279000000
1.1000000000	-0.0279000000
1.0000000000	-0.0279000000
1.0000000000	-0.0279000000
1.0000000000	-0.0282000000
1.0000000000	-0.0288000000
1.0000000000	-0.0289000000
1.1000000000	-0.0291000000
1.1000000000	-0.0292000000
1.0000000000	-0.0294000000
1.0000000000	-0.0296000000
0.9000000000	-0.0299000000
0.9000000000	-0.0302000000
0.9000000000	-0.0305000000
1.0000000000	-0.0309000000
1.0000000000	-0.0313000000
1.0000000000	-0.0315000000
1.0000000000	-0.0318000000
1.0000000000	-0.0320000000
0.9000000000	-0.0321000000
0.9000000000	-0.0321000000
0.9000000000	-0.0321000000
1.0000000000	-0.0321000000
1.0000000000	-0.0321000000
1.0000000000	-0.0321000000
1.0000000000	-0.0321000000
1.0000000000	-0.0321000000
0.9000000000	-0.0321000000
0.9000000000	-0.0321000000
0.9000000000	-0.0321000000
0.9000000000	-0.0323000000
1.0000000000	-0.0329000000
1.0000000000	-0.0330000000
1.0000000000	-0.0332000000
0.9000000000	-0.0335000000
0.9000000000	-0.0336000000
0.9000000000	-0.0341000000
0.9000000000	-0.0345000000
0.9000000000	-0.0348000000
1.0000000000	-0.0352000000
1.0000000000	-0.0354000000
1.0000000000	-0.0356000000
1.0000000000	-0.0358000000
1.0000000000	-0.0361000000
1.0000000000	-0.0361000000
1.0000000000	-0.0361000000
1.0000000000	-0.0361000000
1.0000000000	-0.0361000000
1.1000000000	-0.0361000000
1.1000000000	-0.0361000000
1.0000000000	-0.0361000000
1.0000000000	-0.0361000000
1.0000000000	-0.0361000000
1.0000000000	-0.0361000000
1.0000000000	-0.0361000000
1.0000000000	-0.0361000000
1.1000000000	-0.0361000000
1.1000000000	-0.0362000000
1.1000000000	-0.0366000000
1.1000000000	-0.0369000000
1.0000000000	-0.0370000000
1.1000000000	-0.0374000000
1.1000000000	-0.0379000000
1.1000000000	-0.0380000000
1.2000000000	-0.0385000000
1.2000000000	-0.0388000000
1.2000000000	-0.0391000000
1.2000000000	-0.0395000000
1.1000000000	-0.0395000000
1.2000000000	-0.0399000000
1.3000000000	-0.0400000000
1.3000000000	-0.0400000000
1.4000000000	-0.0399000000
1.3000000000	-0.0399000000
1.3000000000	-0.0399000000
1.3000000000	-0.0399000000
1.2000000000	-0.0399000000
1.3000000000	-0.0399000000
1.3000000000	-0.0399000000
1.4000000000	-0.0399000000
1.4000000000	-0.0399000000
1.3000000000	-0.0399000000
1.3000000000	-0.0400000000
1.3000000000	-0.0400000000
1.3000000000	-0.0400000000
1.4000000000	-0.0404000000
1.5000000000	-0.0406000000
1.6000000000	-0.0407000000
1.6000000000	-0.0409000000
1.6000000000	-0.0412000000
1.5000000000	-0.0413000000
1.5000000000	-0.0416000000
1.5000000000	-0.0419000000
1.5000000000	-0.0423000000
1.6000000000	-0.0425000000
1.6000000000	-0.0429000000
1.5000000000	-0.0433000000
1.5000000000	-0.0436000000
1.5000000000	-0.0438000000
1.5000000000	-0.0438000000
1.6000000000	-0.0438000000
1.6000000000	-0.0438000000
1.7000000000	-0.0438000000
1.6000000000	-0.0438000000
1.6000000000	-0.0438000000
1.5000000000	-0.0438000000
1.5000000000	-0.0438000000
1.6000000000	-0.0438000000
1.6000000000	-0.0438000000
1.6000000000	-0.0438000000
1.7000000000	-0.0438000000
1.6000000000	-0.0438000000
1.6000000000	-0.0440000000
1.6000000000	-0.0443000000
1.8000000000	-0.0445000000
1.9000000000	-0.0448000000
2.1000000000	-0.0451000000
2.2000000000	-0.0453000000
2.4000000000	-0.0456000000
2.4000000000	-0.0458000000
2.4000000000	-0.0462000000
2.3000000000	-0.0464000000
2.3000000000	-0.0467000000
2.3000000000	-0.0469000000
2.3000000000	-0.0471000000
2.2000000000	-0.0473000000
2.1000000000	-0.0475000000
2.0000000000	-0.0478000000
2.0000000000	-0.0479000000
2.0000000000	-0.0479000000
2.1000000000	-0.0479000000
2.1000000000	-0.0479000000
2.1000000000	-0.0479000000
2.1000000000	-0.0479000000
2.0000000000	-0.0479000000
2.0000000000	-0.0479000000
2.1000000000	-0.0479000000
2.1000000000	-0.0479000000
2.2000000000	-0.0479000000
2.2000000000	-0.0479000000
2.1000000000	-0.0480000000
2.0000000000	-0.0484000000
2.0000000000	-0.0485000000
2.0000000000	-0.0487000000
2.1000000000	-0.0490000000
2.2000000000	-0.0493000000
2.3000000000	-0.0496000000
2.4000000000	-0.0500000000
2.4000000000	-0.0502000000
2.5000000000	-0.0504000000
2.7000000000	-0.0506000000
2.8000000000	-0.0507000000
2.9000000000	-0.0509000000
3.0000000000	-0.0511000000
2.9000000000	-0.0515000000
2.9000000000	-0.0517000000
2.8000000000	-0.0517000000
2.9000000000	-0.0516000000
2.9000000000	-0.0516000000
2.9000000000	-0.0516000000
3.0000000000	-0.0516000000
2.9000000000	-0.0516000000
2.8000000000	-0.0516000000
2.9000000000	-0.0516000000
2.9000000000	-0.0516000000
3.0000000000	-0.0517000000
3.0000000000	-0.0517000000
3.0000000000	-0.0517000000
2.7000000000	-0.0523000000
2.4000000000	-0.0529000000
2.4000000000	-0.0530000000
2.3000000000	-0.0533000000
2.3000000000	-0.0535000000
2.2000000000	-0.0537000000
2.1000000000	-0.0541000000
2.0000000000	-0.0542000000
2.0000000000	-0.0545000000
2.0000000000	-0.0546000000
2.1000000000	-0.0548000000
2.1000000000	-0.0550000000
2.1000000000	-0.0552000000
2.1000000000	-0.0554000000
2.1000000000	-0.0554000000
2.0000000000	-0.0554000000
2.0000000000	-0.0554000000
2.1000000000	-0.0553000000
2.1000000000	-0.0553000000
2.1000000000	-0.0553000000
2.1000000000	-0.0553000000
2.1000000000	-0.0553000000
2.0000000000	-0.0553000000
2.0000000000	-0.0554000000
2.1000000000	-0.0554000000
2.1000000000	-0.0554000000
2.2000000000	-0.0554000000
2.2000000000	-0.0557000000
2.2000000000	-0.0561000000
2.2000000000	-0.0562000000
2.2000000000	-0.0564000000
2.3000000000	-0.0566000000
2.3000000000	-0.0567000000
2.3000000000	-0.0572000000
2.3000000000	-0.0577000000
2.1000000000	-0.0582000000
2.0000000000	-0.0584000000
2.0000000000	-0.0585000000
1.9000000000	-0.0588000000
1.9000000000	-0.0589000000
2.0000000000	-0.0589000000
2.0000000000	-0.0589000000
1.9000000000	-0.0589000000
1.9000000000	-0.0588000000
1.8000000000	-0.0588000000
1.9000000000	-0.0588000000
1.9000000000	-0.0588000000
2.0000000000	-0.0588000000
2.0000000000	-0.0588000000
1.9000000000	-0.0588000000
1.9000000000	-0.0589000000
1.8000000000	-0.0589000000
1.9000000000	-0.0589000000
1.8000000000	-0.0591000000
1.7000000000	-0.0596000000
1.7000000000	-0.0598000000
1.7000000000	-0.0598000000
1.6000000000	-0.0598000000
1.5000000000	-0.0602000000
1.4000000000	-0.0606000000
1.3000000000	-0.0608000000
1.3000000000	-0.0613000000
1.3000000000	-0.0616000000
1.3000000000	-0.0618000000
1.2000000000	-0.0620000000
1.2000000000	-0.0620000000
1.2000000000	-0.0620000000
1.1000000000	-0.0620000000
1.2000000000	-0.0620000000
1.2000000000	-0.0620000000
1.2000000000	-0.0620000000
1.3000000000	-0.0620000000
1.2000000000	-0.0620000000
1.2000000000	-0.0620000000
1.1000000000	-0.0620000000
1.1000000000	-0.0620000000
1.1000000000	-0.0620000000
1.2000000000	-0.0620000000
1.2000000000	-0.0620000000
1.3000000000	-0.0620000000
1.2000000000	-0.0621000000
1.1000000000	-0.0624000000
1.1000000000	-0.0629000000
1.1000000000	-0.0631000000
1.1000000000	-0.0634000000
1.1000000000	-0.0635000000
1.1000000000	-0.0638000000
1.1000000000	-0.0643000000
1.1000000000	-0.0644000000
1.0000000000	-0.0647000000
1.0000000000	-0.0648000000
1.0000000000	-0.0649000000
1.1000000000	-0.0652000000
1.1000000000	-0.0653000000
1.2000000000	-0.0653000000
1.2000000000	-0.0653000000
1.2000000000	-0.0653000000
1.1000000000	-0.0653000000
1.1000000000	-0.0653000000
1.1000000000	-0.0653000000
1.1000000000	-0.0653000000
1.1000000000	-0.0653000000
1.2000000000	-0.0653000000
1.2000000000	-0.0653000000
1.2000000000	-0.0653000000
1.1000000000	-0.0653000000
1.1000000000	-0.0653000000
1.1000000000	-0.0653000000
1.2000000000	-0.0657000000
1.3000000000	-0.0662000000
1.4000000000	-0.0663000000
1.4000000000	-0.0667000000
1.5000000000	-0.0670000000
1.4000000000	-0.0671000000
1.5000000000	-0.0675000000
1.6000000000	-0.0676000000
1.7000000000	-0.0678000000
1.8000000000	-0.0681000000
1.9000000000	-0.0682000000
1.9000000000	-0.0683000000
1.8000000000	-0.0683000000
1.8000000000	-0.0683000000
1.8000000000	-0.0683000000
1.8000000000	-0.0683000000
1.9000000000	-0.0683000000
1.9000000000	-0.0683000000
1.9000000000	-0.0683000000
1.9000000000	-0.0683000000
1.8000000000	-0.0683000000
1.8000000000	-0.0683000000
1.8000000000	-0.0683000000
1.8000000000	-0.0683000000
1.9000000000	-0.0683000000
1.9000000000	-0.0683000000
1.9000000000	-0.0683000000
1.8000000000	-0.0684000000
1.9000000000	-0.0689000000
2.0000000000	-0.0692000000
2.1000000000	-0.0692000000
2.3000000000	-0.0695000000
2.4000000000	-0.0697000000
2.4000000000	-0.0697000000
2.4000000000	-0.0700000000
2.5000000000	-0.0703000000
2.6000000000	-0.0704000000
2.8000000000	-0.0706000000
3.0000000000	-0.0709000000
3.1000000000	-0.0710000000
3.2000000000	-0.0712000000
3.3000000000	-0.0713000000
3.2000000000	-0.0713000000
3.3000000000	-0.0713000000
3.4000000000	-0.0713000000
3.4000000000	-0.0713000000
3.3000000000	-0.0713000000
3.3000000000	-0.0713000000
3.2000000000	-0.0713000000
3.3000000000	-0.0713000000
3.4000000000	-0.0713000000
3.4000000000	-0.0713000000
3.4000000000	-0.0713000000
3.3000000000	-0.0713000000
3.3000000000	-0.0713000000
3.6000000000	-0.0716000000
3.8000000000	-0.0718000000
3.9000000000	-0.0718000000
3.9000000000	-0.0720000000
4.1000000000	-0.0723000000
4.4000000000	-0.0725000000
4.9000000000	-0.0727000000
5.5000000000	-0.0731000000
5.9000000000	-0.0734000000
6.2000000000	-0.0736000000
6.4000000000	-0.0738000000
7.1000000000	-0.0740000000
7.6000000000	-0.0742000000
7.7000000000	-0.0742000000
7.8000000000	-0.0743000000
8.1000000000	-0.0744000000
8.2000000000	-0.0744000000
8.2000000000	-0.0744000000
8.1000000000	-0.0744000000
8.1000000000	-0.0744000000
8.1000000000	-0.0744000000
8.1000000000	-0.0744000000
8.1000000000	-0.0744000000
7.9000000000	-0.0744000000
7.9000000000	-0.0744000000
8.1000000000	-0.0744000000
8.1000000000	-0.0744000000
8.2000000000	-0.0745000000
9.5000000000	-0.0752000000
10.5000000000	-0.0754000000
11.3000000000	-0.0756000000
12.2000000000	-0.0759000000
12.5000000000	-0.0760000000
13.5000000000	-0.0763000000
14.3000000000	-0.0764000000
15.4000000000	-0.0767000000
17.0000000000	-0.0771000000
17.2000000000	-0.0772000000
17.8000000000	-0.0773000000
18.3000000000	-0.0773000000
18.2000000000	-0.0773000000
17.9000000000	-0.0773000000
18.0000000000	-0.0773000000
18.2000000000	-0.0773000000
18.2000000000	-0.0773000000
18.0000000000	-0.0773000000
18.2000000000	-0.0773000000
18.4000000000	-0.0773000000
18.2000000000	-0.0773000000
18.1000000000	-0.0773000000
18.2000000000	-0.0773000000
18.3000000000	-0.0773000000
18.2000000000	-0.0774000000
19.0000000000	-0.0780000000
20.1000000000	-0.0784000000
20.9000000000	-0.0784000000
21.5000000000	-0.0785000000
21.7000000000	-0.0788000000
22.3000000000	-0.0791000000
22.7000000000	-0.0793000000
23.3000000000	-0.0795000000
23.4000000000	-0.0798000000
23.6000000000	-0.0800000000
24.2000000000	-0.0804000000
24.8000000000	-0.0804000000
25.0000000000	-0.0804000000
24.9000000000	-0.0804000000
24.8000000000	-0.0804000000
25.1000000000	-0.0804000000
25.1000000000	-0.0804000000
25.2000000000	-0.0804000000
25.3000000000	-0.0804000000
25.3000000000	-0.0804000000
25.0000000000	-0.0804000000
25.0000000000	-0.0804000000
25.7000000000	-0.0804000000
26.0000000000	-0.0804000000
25.6000000000	-0.0804000000
25.5000000000	-0.0805000000
25.8000000000	-0.0809000000
26.2000000000	-0.0812000000
26.2000000000	-0.0813000000
26.9000000000	-0.0816000000
27.1000000000	-0.0820000000
27.3000000000	-0.0824000000
28.3000000000	-0.0828000000
28.8000000000	-0.0829000000
28.9000000000	-0.0831000000
29.1000000000	-0.0833000000
29.3000000000	-0.0833000000
29.3000000000	-0.0836000000
29.5000000000	-0.0837000000
30.0000000000	-0.0838000000
30.1000000000	-0.0838000000
30.1000000000	-0.0837000000
30.4000000000	-0.0837000000
30.6000000000	-0.0837000000
30.2000000000	-0.0837000000
30.3000000000	-0.0837000000
30.8000000000	-0.0837000000
30.6000000000	-0.0837000000
30.3000000000	-0.0837000000
30.5000000000	-0.0837000000
30.7000000000	-0.0837000000
30.7000000000	-0.0837000000
30.4000000000	-0.0837000000
30.5000000000	-0.0839000000
31.2000000000	-0.0850000000
32.0000000000	-0.0853000000
32.7000000000	-0.0854000000
32.8000000000	-0.0859000000
32.5000000000	-0.0861000000
32.8000000000	-0.0864000000
33.8000000000	-0.0866000000
34.0000000000	-0.0867000000
34.2000000000	-0.0869000000
34.5000000000	-0.0870000000
35.4000000000	-0.0873000000
35.8000000000	-0.0873000000
35.9000000000	-0.0873000000
36.2000000000	-0.0873000000
36.4000000000	-0.0873000000
36.5000000000	-0.0873000000
36.1000000000	-0.0873000000
36.3000000000	-0.0873000000
36.5000000000	-0.0873000000
36.3000000000	-0.0873000000
36.3000000000	-0.0873000000
36.3000000000	-0.0873000000
35.9000000000	-0.0873000000
35.4000000000	-0.0874000000
36.4000000000	-0.0879000000
36.9000000000	-0.0883000000
37.1000000000	-0.0883000000
37.3000000000	-0.0883000000
37.2000000000	-0.0883000000
36.9000000000	-0.0885000000
37.1000000000	-0.0888000000
38.7000000000	-0.0892000000
39.2000000000	-0.0893000000
39.4000000000	-0.0895000000
39.8000000000	-0.0900000000
40.8000000000	-0.0901000000
41.2000000000	-0.0903000000
41.3000000000	-0.0906000000
41.7000000000	-0.0907000000
42.2000000000	-0.0907000000
42.0000000000	-0.0906000000
41.9000000000	-0.0906000000
42.3000000000	-0.0906000000
42.3000000000	-0.0906000000
42.3000000000	-0.0906000000
42.3000000000	-0.0906000000
42.2000000000	-0.0906000000
41.9000000000	-0.0906000000
41.9000000000	-0.0906000000
41.9000000000	-0.0906000000
42.1000000000	-0.0907000000
42.2000000000	-0.0911000000
43.4000000000	-0.0919000000
44.0000000000	-0.0921000000
44.5000000000	-0.0923000000
44.6000000000	-0.0927000000
44.8000000000	-0.0930000000
45.9000000000	-0.0931000000
46.3000000000	-0.0934000000
46.4000000000	-0.0937000000
46.9000000000	-0.0938000000
47.1000000000	-0.0938000000
47.0000000000	-0.0938000000
47.2000000000	-0.0937000000
47.5000000000	-0.0937000000
47.8000000000	-0.0937000000
48.3000000000	-0.0937000000
48.2000000000	-0.0937000000
47.9000000000	-0.0937000000
47.7000000000	-0.0937000000
47.6000000000	-0.0937000000
47.5000000000	-0.0937000000
47.7000000000	-0.0938000000
47.9000000000	-0.0938000000
47.8000000000	-0.0938000000
47.3000000000	-0.0940000000
47.5000000000	-0.0944000000
48.1000000000	-0.0945000000
48.5000000000	-0.0947000000
49.1000000000	-0.0949000000
49.9000000000	-0.0951000000
52.4000000000	-0.0958000000
53.5000000000	-0.0962000000
53.8000000000	-0.0963000000
54.3000000000	-0.0967000000
54.5000000000	-0.0971000000
55.0000000000	-0.0972000000
55.7000000000	-0.0972000000
55.3000000000	-0.0972000000
55.0000000000	-0.0972000000
55.3000000000	-0.0972000000
55.5000000000	-0.0972000000
55.2000000000	-0.0972000000
55.7000000000	-0.0972000000
55.5000000000	-0.0972000000
55.4000000000	-0.0972000000
55.6000000000	-0.0972000000
55.3000000000	-0.0972000000
55.3000000000	-0.0972000000
55.6000000000	-0.0972000000
55.5000000000	-0.0976000000
56.6000000000	-0.0981000000
57.5000000000	-0.0981000000
57.8000000000	-0.0983000000
58.3000000000	-0.0987000000
59.1000000000	-0.0989000000
59.6000000000	-0.0992000000
60.4000000000	-0.0997000000
61.7000000000	-0.0998000000
62.0000000000	-0.1001000000
62.9000000000	-0.1004000000
64.3000000000	-0.1005000000
64.9000000000	-0.1006000000
64.7000000000	-0.1006000000
64.5000000000	-0.1006000000
64.4000000000	-0.1006000000
64.2000000000	-0.1006000000
64.4000000000	-0.1006000000
64.6000000000	-0.1006000000
64.4000000000	-0.1006000000
64.4000000000	-0.1006000000
64.1000000000	-0.1006000000
64.0000000000	-0.1006000000
63.7000000000	-0.1006000000
63.8000000000	-0.1006000000
63.8000000000	-0.1006000000
64.2000000000	-0.1011000000
64.4000000000	-0.1013000000
64.2000000000	-0.1014000000
63.6000000000	-0.1019000000
63.2000000000	-0.1023000000
62.5000000000	-0.1026000000
61.2000000000	-0.1031000000
58.8000000000	-0.1036000000
57.5000000000	-0.1039000000
55.5000000000	-0.1043000000
54.5000000000	-0.1044000000
54.1000000000	-0.1044000000
54.1000000000	-0.1044000000
54.5000000000	-0.1044000000
54.1000000000	-0.1044000000
53.8000000000	-0.1044000000
53.8000000000	-0.1044000000
53.9000000000	-0.1044000000
53.9000000000	-0.1044000000
53.9000000000	-0.1044000000
53.7000000000	-0.1044000000
53.5000000000	-0.1044000000
54.0000000000	-0.1044000000
54.1000000000	-0.1044000000
54.1000000000	-0.1046000000
48.1000000000	-0.1052000000
45.9000000000	-0.1055000000
44.3000000000	-0.1057000000
41.7000000000	-0.1059000000
40.8000000000	-0.1060000000
38.5000000000	-0.1064000000
37.0000000000	-0.1066000000
36.0000000000	-0.1067000000
34.4000000000	-0.1070000000
33.7000000000	-0.1071000000
32.3000000000	-0.1073000000
30.6000000000	-0.1076000000
29.7000000000	-0.1077000000
29.6000000000	-0.1078000000
30.0000000000	-0.1078000000
29.8000000000	-0.1078000000
29.5000000000	-0.1077000000
29.7000000000	-0.1077000000
29.8000000000	-0.1077000000
29.7000000000	-0.1077000000
29.7000000000	-0.1077000000
29.8000000000	-0.1077000000
29.6000000000	-0.1077000000
29.5000000000	-0.1078000000
30.0000000000	-0.1078000000
29.6000000000	-0.1079000000
26.9000000000	-0.1084000000
25.9000000000	-0.1087000000
25.5000000000	-0.1088000000
24.7000000000	-0.1090000000
24.0000000000	-0.1093000000
23.3000000000	-0.1096000000
22.4000000000	-0.1099000000
22.1000000000	-0.1101000000
21.8000000000	-0.1103000000
21.6000000000	-0.1105000000
21.5000000000	-0.1107000000
21.6000000000	-0.1108000000
21.5000000000	-0.1108000000
21.4000000000	-0.1107000000
21.4000000000	-0.1107000000
21.5000000000	-0.1107000000
21.3000000000	-0.1107000000
21.2000000000	-0.1107000000
21.3000000000	-0.1107000000
21.3000000000	-0.1107000000
21.3000000000	-0.1107000000
21.1000000000	-0.1108000000
21.1000000000	-0.1108000000
21.4000000000	-0.1108000000
21.3000000000	-0.1108000000
20.7000000000	-0.1113000000
20.4000000000	-0.1119000000
20.8000000000	-0.1121000000
21.0000000000	-0.1124000000
21.1000000000	-0.1126000000
21.2000000000	-0.1129000000
21.4000000000	-0.1132000000
21.6000000000	-0.1135000000
21.5000000000	-0.1138000000
21.5000000000	-0.1140000000
21.4000000000	-0.1141000000
21.1000000000	-0.1143000000
20.8000000000	-0.1145000000
20.5000000000	-0.1146000000
20.5000000000	-0.1146000000
20.6000000000	-0.1146000000
20.7000000000	-0.1146000000
20.6000000000	-0.1146000000
20.6000000000	-0.1146000000
20.6000000000	-0.1146000000
20.8000000000	-0.1146000000
20.7000000000	-0.1146000000
20.5000000000	-0.1146000000
20.6000000000	-0.1146000000
20.9000000000	-0.1146000000
20.8000000000	-0.1146000000
20.3000000000	-0.1148000000
18.2000000000	-0.1153000000
16.3000000000	-0.1156000000
14.6000000000	-0.1160000000
13.2000000000	-0.1163000000
12.4000000000	-0.1165000000
10.7000000000	-0.1169000000
10.0000000000	-0.1170000000
9.9000000000	-0.1170000000
9.1000000000	-0.1173000000
8.4000000000	-0.1175000000
7.9000000000	-0.1177000000
7.3000000000	-0.1179000000
7.2000000000	-0.1179000000
7.1000000000	-0.1179000000
7.2000000000	-0.1179000000
7.3000000000	-0.1179000000
7.3000000000	-0.1179000000
7.2000000000	-0.1179000000
7.2000000000	-0.1179000000
7.3000000000	-0.1179000000
7.4000000000	-0.1179000000
7.3000000000	-0.1179000000
7.3000000000	-0.1179000000
7.3000000000	-0.1179000000
6.7000000000	-0.1183000000
5.6000000000	-0.1190000000
5.3000000000	-0.1192000000
5.3000000000	-0.1192000000
5.3000000000	-0.1193000000
5.1000000000	-0.1197000000
4.7000000000	-0.1202000000
4.5000000000	-0.1205000000
4.3000000000	-0.1208000000
4.1000000000	-0.1211000000
4.2000000000	-0.1212000000
4.1000000000	-0.1214000000
4.0000000000	-0.1218000000
3.9000000000	-0.1220000000
3.8000000000	-0.1220000000
3.8000000000	-0.1220000000
3.9000000000	-0.1220000000
4.0000000000	-0.1219000000
3.9000000000	-0.1219000000
3.9000000000	-0.1219000000
3.8000000000	-0.1219000000
3.8000000000	-0.1219000000
3.9000000000	-0.1219000000
4.0000000000	-0.1219000000
3.9000000000	-0.1219000000
3.8000000000	-0.1220000000
3.8000000000	-0.1220000000
3.8000000000	-0.1222000000
3.0000000000	-0.1229000000
2.9000000000	-0.1231000000
2.6000000000	-0.1233000000
2.1000000000	-0.1238000000
1.8000000000	-0.1241000000
1.6000000000	-0.1244000000
1.6000000000	-0.1245000000
1.6000000000	-0.1245000000
1.6000000000	-0.1247000000
1.4000000000	-0.1250000000
1.3000000000	-0.1251000000
1.3000000000	-0.1251000000
1.3000000000	-0.1251000000
1.3000000000	-0.1251000000
1.3000000000	-0.1251000000
1.4000000000	-0.1251000000
1.4000000000	-0.1251000000
1.3000000000	-0.1251000000
1.3000000000	-0.1251000000
1.2000000000	-0.1251000000
1.2000000000	-0.1251000000
1.3000000000	-0.1251000000
1.3000000000	-0.1251000000
1.3000000000	-0.1251000000
1.3000000000	-0.1252000000
1.2000000000	-0.1255000000
1.1000000000	-0.1259000000
1.0000000000	-0.1261000000
1.0000000000	-0.1262000000
1.0000000000	-0.1264000000
1.0000000000	-0.1267000000
1.0000000000	-0.1270000000
1.0000000000	-0.1274000000
1.0000000000	-0.1278000000
1.0000000000	-0.1281000000
1.0000000000	-0.1281000000
1.0000000000	-0.1285000000
1.1000000000	-0.1287000000
1.1000000000	-0.1287000000
1.2000000000	-0.1287000000
1.2000000000	-0.1286000000
1.2000000000	-0.1286000000
1.1000000000	-0.1286000000
1.1000000000	-0.1286000000
1.1000000000	-0.1286000000
1.1000000000	-0.1286000000
1.1000000000	-0.1286000000
1.2000000000	-0.1286000000
1.2000000000	-0.1287000000
1.2000000000	-0.1287000000
1.2000000000	-0.1291000000
1.3000000000	-0.1300000000
1.3000000000	-0.1302000000
1.3000000000	-0.1304000000
1.4000000000	-0.1306000000
1.5000000000	-0.1307000000
1.5000000000	-0.1310000000
1.5000000000	-0.1313000000
1.5000000000	-0.1316000000
1.5000000000	-0.1319000000
1.6000000000	-0.1322000000
1.7000000000	-0.1323000000
1.8000000000	-0.1324000000
1.9000000000	-0.1326000000
1.9000000000	-0.1327000000
1.8000000000	-0.1327000000
1.8000000000	-0.1327000000
1.8000000000	-0.1327000000
1.8000000000	-0.1327000000
1.8000000000	-0.1327000000
1.9000000000	-0.1327000000
1.9000000000	-0.1327000000
1.9000000000	-0.1327000000
1.8000000000	-0.1327000000
1.8000000000	-0.1327000000
1.8000000000	-0.1327000000
1.9000000000	-0.1327000000
2.0000000000	-0.1328000000
2.4000000000	-0.1334000000
2.7000000000	-0.1340000000
2.8000000000	-0.1341000000
2.9000000000	-0.1344000000
3.0000000000	-0.1346000000
3.1000000000	-0.1348000000
3.1000000000	-0.1352000000
3.1000000000	-0.1352000000
2.9000000000	-0.1356000000
2.8000000000	-0.1357000000
2.8000000000	-0.1358000000
2.7000000000	-0.1362000000
2.8000000000	-0.1362000000
2.8000000000	-0.1362000000
2.7000000000	-0.1362000000
2.7000000000	-0.1362000000
2.6000000000	-0.1361000000
2.6000000000	-0.1361000000
2.7000000000	-0.1361000000
2.8000000000	-0.1361000000
2.8000000000	-0.1361000000
2.7000000000	-0.1362000000
2.7000000000	-0.1362000000
2.6000000000	-0.1362000000
2.7000000000	-0.1363000000
2.7000000000	-0.1370000000
2.9000000000	-0.1372000000
2.9000000000	-0.1374000000
3.1000000000	-0.1378000000
3.2000000000	-0.1381000000
3.5000000000	-0.1384000000
3.7000000000	-0.1385000000
4.1000000000	-0.1388000000
4.2000000000	-0.1390000000
4.3000000000	-0.1394000000
4.1000000000	-0.1397000000
4.1000000000	-0.1399000000
4.0000000000	-0.1400000000
3.8000000000	-0.1403000000
3.5000000000	-0.1405000000
3.3000000000	-0.1407000000
3.3000000000	-0.1407000000
3.4000000000	-0.1407000000
3.5000000000	-0.1406000000
3.4000000000	-0.1406000000
3.4000000000	-0.1406000000
3.3000000000	-0.1406000000
3.3000000000	-0.1406000000
3.4000000000	-0.1407000000
3.5000000000	-0.1407000000
3.5000000000	-0.1407000000
3.3000000000	-0.1408000000
3.0000000000	-0.1413000000
3.0000000000	-0.1416000000
3.1000000000	-0.1418000000
3.2000000000	-0.1420000000
3.3000000000	-0.1422000000
3.3000000000	-0.1423000000
3.3000000000	-0.1426000000
3.6000000000	-0.1429000000
3.8000000000	-0.1431000000
4.2000000000	-0.1435000000
4.2000000000	-0.1437000000
4.1000000000	-0.1438000000
3.8000000000	-0.1442000000
3.8000000000	-0.1442000000
3.9000000000	-0.1442000000
3.9000000000	-0.1442000000
3.9000000000	-0.1442000000
3.8000000000	-0.1442000000
3.8000000000	-0.1442000000
3.9000000000	-0.1442000000
3.9000000000	-0.1442000000
3.9000000000	-0.1442000000
3.8000000000	-0.1442000000
3.8000000000	-0.1442000000
3.8000000000	-0.1442000000
3.9000000000	-0.1442000000
3.2000000000	-0.1449000000
2.8000000000	-0.1455000000
2.7000000000	-0.1456000000
2.6000000000	-0.1460000000
2.6000000000	-0.1461000000
2.7000000000	-0.1463000000
2.9000000000	-0.1466000000
3.0000000000	-0.1469000000
3.0000000000	-0.1470000000
3.0000000000	-0.1472000000
3.1000000000	-0.1474000000
3.2000000000	-0.1475000000
3.2000000000	-0.1478000000
3.2000000000	-0.1479000000
3.0000000000	-0.1483000000
2.7000000000	-0.1485000000
2.6000000000	-0.1485000000
2.7000000000	-0.1485000000
2.7000000000	-0.1485000000
2.7000000000	-0.1483000000
2.7000000000	-0.1483000000
2.6000000000	-0.1483000000
2.6000000000	-0.1483000000
2.6000000000	-0.1483000000
2.6000000000	-0.1483000000
2.7000000000	-0.1483000000
2.9000000000	-0.1485000000
2.5000000000	-0.1487000000
2.1000000000	-0.1495000000
1.9000000000	-0.1500000000
1.9000000000	-0.1503000000
2.0000000000	-0.1504000000
2.0000000000	-0.1504000000
2.1000000000	-0.1506000000
2.2000000000	-0.1510000000
2.1000000000	-0.1512000000
2.1000000000	-0.1515000000
2.0000000000	-0.1518000000
1.9000000000	-0.1521000000
1.8000000000	-0.1525000000
1.7000000000	-0.1527000000
1.7000000000	-0.1527000000
1.6000000000	-0.1527000000
1.6000000000	-0.1527000000
1.5000000000	-0.1527000000
1.5000000000	-0.1524000000
1.5000000000	-0.1523000000
1.6000000000	-0.1523000000
1.6000000000	-0.1523000000
1.6000000000	-0.1523000000
1.6000000000	-0.1523000000
1.6000000000	-0.1526000000
1.6000000000	-0.1526000000
1.5000000000	-0.1528000000
1.5000000000	-0.1532000000
1.5000000000	-0.1538000000
1.4000000000	-0.1543000000
1.4000000000	-0.1545000000
1.3000000000	-0.1548000000
1.3000000000	-0.1552000000
1.2000000000	-0.1556000000
1.2000000000	-0.1559000000
1.2000000000	-0.1561000000
1.2000000000	-0.1567000000
1.1000000000	-0.1569000000
1.1000000000	-0.1569000000
1.1000000000	-0.1570000000
1.0000000000	-0.1570000000
1.0000000000	-0.1570000000
1.1000000000	-0.1570000000
1.1000000000	-0.1568000000
1.1000000000	-0.1568000000
1.1000000000	-0.1568000000
1.0000000000	-0.1568000000
1.0000000000	-0.1568000000
1.0000000000	-0.1568000000
0.9000000000	-0.1568000000
1.0000000000	-0.1569000000
1.0000000000	-0.1575000000
1.0000000000	-0.1581000000
1.0000000000	-0.1582000000
1.0000000000	-0.1583000000
0.9000000000	-0.1584000000
0.9000000000	-0.1587000000
0.9000000000	-0.1592000000
0.9000000000	-0.1595000000
0.9000000000	-0.1598000000
1.0000000000	-0.1603000000
1.0000000000	-0.1608000000
1.0000000000	-0.1611000000
1.0000000000	-0.1615000000
1.0000000000	-0.1616000000
1.0000000000	-0.1616000000
1.0000000000	-0.1616000000
1.1000000000	-0.1616000000
1.2000000000	-0.1616000000
1.1000000000	-0.1616000000
1.1000000000	-0.1616000000
1.1000000000	-0.1616000000
1.0000000000	-0.1616000000
1.1000000000	-0.1616000000
1.1000000000	-0.1616000000
1.1000000000	-0.1616000000
1.2000000000	-0.1616000000
1.2000000000	-0.1616000000
1.1000000000	-0.1616000000
1.1000000000	-0.1617000000
1.1000000000	-0.1624000000
1.1000000000	-0.1631000000
1.2000000000	-0.1632000000
1.2000000000	-0.1635000000
1.3000000000	-0.1637000000
1.3000000000	-0.1638000000
1.3000000000	-0.1642000000
1.3000000000	-0.1646000000
1.3000000000	-0.1647000000
1.4000000000	-0.1650000000
1.4000000000	-0.1653000000
1.4000000000	-0.1654000000
1.4000000000	-0.1659000000
1.3000000000	-0.1661000000
1.3000000000	-0.1663000000
1.3000000000	-0.1665000000
1.3000000000	-0.1665000000
1.3000000000	-0.1665000000
1.4000000000	-0.1663000000
1.5000000000	-0.1663000000
1.4000000000	-0.1663000000
1.4000000000	-0.1663000000
1.4000000000	-0.1663000000
1.4000000000	-0.1664000000
1.4000000000	-0.1664000000
1.4000000000	-0.1664000000
1.5000000000	-0.1665000000
1.5000000000	-0.1665000000
1.6000000000	-0.1670000000
1.6000000000	-0.1672000000
1.6000000000	-0.1673000000
1.7000000000	-0.1676000000
1.8000000000	-0.1678000000
1.8000000000	-0.1682000000
1.8000000000	-0.1684000000
1.7000000000	-0.1685000000
1.6000000000	-0.1688000000
1.6000000000	-0.1693000000
1.7000000000	-0.1695000000
1.8000000000	-0.1699000000
2.0000000000	-0.1701000000
2.1000000000	-0.1702000000
2.2000000000	-0.1705000000
2.1000000000	-0.1708000000
2.0000000000	-0.1708000000
2.0000000000	-0.1708000000
2.0000000000	-0.1708000000
2.0000000000	-0.1708000000
2.1000000000	-0.1707000000
2.0000000000	-0.1707000000
2.0000000000	-0.1707000000
2.0000000000	-0.1707000000
2.0000000000	-0.1707000000
2.0000000000	-0.1707000000
2.1000000000	-0.1708000000
2.0000000000	-0.1710000000
1.9000000000	-0.1716000000
1.9000000000	-0.1721000000
1.9000000000	-0.1721000000
1.9000000000	-0.1725000000
2.1000000000	-0.1730000000
2.2000000000	-0.1733000000
2.2000000000	-0.1738000000
2.0000000000	-0.1744000000
2.0000000000	-0.1747000000
2.0000000000	-0.1752000000
2.1000000000	-0.1758000000
2.1000000000	-0.1760000000
2.1000000000	-0.1762000000
2.1000000000	-0.1762000000
2.2000000000	-0.1762000000
2.2000000000	-0.1762000000
2.2000000000	-0.1762000000
2.1000000000	-0.1762000000
2.1000000000	-0.1762000000
2.1000000000	-0.1762000000
2.1000000000	-0.1762000000
2.1000000000	-0.1762000000
2.2000000000	-0.1762000000
2.2000000000	-0.1762000000
2.1000000000	-0.1762000000
1.9000000000	-0.1766000000
1.7000000000	-0.1774000000
1.8000000000	-0.1779000000
2.0000000000	-0.1783000000
2.0000000000	-0.1785000000
2.0000000000	-0.1787000000
1.9000000000	-0.1790000000
1.7000000000	-0.1793000000
1.5000000000	-0.1797000000
1.5000000000	-0.1798000000
1.5000000000	-0.1798000000
1.6000000000	-0.1798000000
1.6000000000	-0.1798000000
1.6000000000	-0.1798000000
1.5000000000	-0.1798000000
1.4000000000	-0.1798000000
1.4000000000	-0.1798000000
1.4000000000	-0.1798000000
1.4000000000	-0.1798000000
1.4000000000	-0.1798000000
1.5000000000	-0.1798000000
1.4000000000	-0.1798000000
1.4000000000	-0.1795000000
1.4000000000	-0.1794000000
1.4000000000	-0.1794000000
1.4000000000	-0.1794000000
1.5000000000	-0.1793000000
1.6000000000	-0.1791000000
1.6000000000	-0.1789000000
1.6000000000	-0.1786000000
1.8000000000	-0.1782000000
1.9000000000	-0.1779000000
1.9000000000	-0.1778000000
1.9000000000	-0.1775000000
1.9000000000	-0.1775000000
1.9000000000	-0.1771000000
1.7000000000	-0.1767000000
1.7000000000	-0.1766000000
1.6000000000	-0.1763000000
1.8000000000	-0.1759000000
1.9000000000	-0.1758000000
2.0000000000	-0.1756000000
2.1000000000	-0.1755000000
2.1000000000	-0.1755000000
2.0000000000	-0.1755000000
2.0000000000	-0.1755000000
2.0000000000	-0.1755000000
2.0000000000	-0.1755000000
2.1000000000	-0.1755000000
2.1000000000	-0.1755000000
2.1000000000	-0.1755000000
2.0000000000	-0.1755000000
2.0000000000	-0.1755000000
2.0000000000	-0.1754000000
2.0000000000	-0.1751000000
2.0000000000	-0.1748000000
1.9000000000	-0.1746000000
1.8000000000	-0.1741000000
1.8000000000	-0.1737000000
1.7000000000	-0.1737000000
1.8000000000	-0.1734000000
1.9000000000	-0.1731000000
2.0000000000	-0.1731000000
2.1000000000	-0.1728000000
2.1000000000	-0.1727000000
2.1000000000	-0.1725000000
1.9000000000	-0.1722000000
1.8000000000	-0.1720000000
1.7000000000	-0.1718000000
1.7000000000	-0.1717000000
1.7000000000	-0.1717000000
1.7000000000	-0.1718000000
1.7000000000	-0.1718000000
1.7000000000	-0.1718000000
1.6000000000	-0.1718000000
1.6000000000	-0.1718000000
1.6000000000	-0.1718000000
1.7000000000	-0.1718000000
1.7000000000	-0.1716000000
1.7000000000	-0.1711000000
1.9000000000	-0.1706000000
2.0000000000	-0.1703000000
2.0000000000	-0.1702000000
2.0000000000	-0.1700000000
2.0000000000	-0.1697000000
2.0000000000	-0.1696000000
1.8000000000	-0.1690000000
1.7000000000	-0.1686000000
1.7000000000	-0.1685000000
1.7000000000	-0.1679000000
1.7000000000	-0.1678000000
1.7000000000	-0.1678000000
1.7000000000	-0.1677000000
1.8000000000	-0.1678000000
1.8000000000	-0.1678000000
1.8000000000	-0.1678000000
1.8000000000	-0.1679000000
1.7000000000	-0.1679000000
1.7000000000	-0.1679000000
1.7000000000	-0.1679000000
1.8000000000	-0.1679000000
1.8000000000	-0.1677000000
1.8000000000	-0.1677000000
1.8000000000	-0.1675000000
1.7000000000	-0.1668000000
1.5000000000	-0.1664000000
1.5000000000	-0.1660000000
1.4000000000	-0.1654000000
1.4000000000	-0.1653000000
1.5000000000	-0.1651000000
1.5000000000	-0.1647000000
1.5000000000	-0.1645000000
1.4000000000	-0.1643000000
1.4000000000	-0.1640000000
1.4000000000	-0.1640000000
1.4000000000	-0.1640000000
1.5000000000	-0.1640000000
1.5000000000	-0.1641000000
1.4000000000	-0.1643000000
1.4000000000	-0.1643000000
1.3000000000	-0.1643000000
1.3000000000	-0.1643000000
1.4000000000	-0.1643000000
1.4000000000	-0.1642000000
1.5000000000	-0.1639000000
1.5000000000	-0.1638000000
1.3000000000	-0.1634000000
1.2000000000	-0.1629000000
1.2000000000	-0.1628000000
1.2000000000	-0.1623000000
1.2000000000	-0.1620000000
1.2000000000	-0.1619000000
1.3000000000	-0.1615000000
1.2000000000	-0.1613000000
1.2000000000	-0.1611000000
1.1000000000	-0.1610000000
1.1000000000	-0.1608000000
1.1000000000	-0.1604000000
1.1000000000	-0.1603000000
1.1000000000	-0.1603000000
1.2000000000	-0.1603000000
1.1000000000	-0.1604000000
1.1000000000	-0.1606000000
1.1000000000	-0.1606000000
1.0000000000	-0.1606000000
1.0000000000	-0.1606000000
1.1000000000	-0.1605000000
1.1000000000	-0.1605000000
1.2000000000	-0.1602000000
1.1000000000	-0.1600000000
1.1000000000	-0.1597000000
1.0000000000	-0.1588000000
1.0000000000	-0.1585000000
1.0000000000	-0.1583000000
1.1000000000	-0.1577000000
1.1000000000	-0.1577000000
1.2000000000	-0.1574000000
1.1000000000	-0.1573000000
1.1000000000	-0.1573000000
1.1000000000	-0.1571000000
1.0000000000	-0.1568000000
1.1000000000	-0.1566000000
1.1000000000	-0.1565000000
1.1000000000	-0.1565000000
1.2000000000	-0.1566000000
1.1000000000	-0.1568000000
1.1000000000	-0.1568000000
1.1000000000	-0.1568000000
1.0000000000	-0.1568000000
1.1000000000	-0.1568000000
1.1000000000	-0.1568000000
1.1000000000	-0.1567000000
1.2000000000	-0.1566000000
1.1000000000	-0.1565000000
1.2000000000	-0.1557000000
1.2000000000	-0.1553000000
1.2000000000	-0.1549000000
1.3000000000	-0.1545000000
1.4000000000	-0.1543000000
1.5000000000	-0.1537000000
1.5000000000	-0.1533000000
1.4000000000	-0.1533000000
1.4000000000	-0.1531000000
1.4000000000	-0.1530000000
1.4000000000	-0.1528000000
1.4000000000	-0.1527000000
1.5000000000	-0.1527000000
1.5000000000	-0.1527000000
1.5000000000	-0.1528000000
1.5000000000	-0.1529000000
1.4000000000	-0.1529000000
1.4000000000	-0.1529000000
1.4000000000	-0.1529000000
1.4000000000	-0.1529000000
1.5000000000	-0.1529000000
1.5000000000	-0.1526000000
1.5000000000	-0.1523000000
1.6000000000	-0.1519000000
1.8000000000	-0.1515000000
1.9000000000	-0.1514000000
2.1000000000	-0.1510000000
2.2000000000	-0.1505000000
2.2000000000	-0.1499000000
2.1000000000	-0.1495000000
2.0000000000	-0.1493000000
2.0000000000	-0.1488000000
2.2000000000	-0.1483000000
2.5000000000	-0.1480000000
2.7000000000	-0.1477000000
2.9000000000	-0.1476000000
2.9000000000	-0.1476000000
2.8000000000	-0.1476000000
2.9000000000	-0.1477000000
2.9000000000	-0.1477000000
3.0000000000	-0.1477000000
3.0000000000	-0.1477000000
3.0000000000	-0.1477000000
2.9000000000	-0.1477000000
2.9000000000	-0.1475000000
3.1000000000	-0.1470000000
3.1000000000	-0.1466000000
3.1000000000	-0.1463000000
2.8000000000	-0.1458000000
2.6000000000	-0.1454000000
2.6000000000	-0.1451000000
2.6000000000	-0.1448000000
2.8000000000	-0.1444000000
3.1000000000	-0.1441000000
3.6000000000	-0.1436000000
3.9000000000	-0.1433000000
3.9000000000	-0.1433000000
3.9000000000	-0.1433000000
3.9000000000	-0.1433000000
4.0000000000	-0.1434000000
4.2000000000	-0.1435000000
4.1000000000	-0.1435000000
4.0000000000	-0.1435000000
4.1000000000	-0.1435000000
4.2000000000	-0.1435000000
4.2000000000	-0.1435000000
4.2000000000	-0.1434000000
4.1000000000	-0.1433000000
4.1000000000	-0.1430000000
3.9000000000	-0.1423000000
3.6000000000	-0.1418000000
3.3000000000	-0.1415000000
3.2000000000	-0.1412000000
3.1000000000	-0.1410000000
3.0000000000	-0.1406000000
3.2000000000	-0.1403000000
3.3000000000	-0.1400000000
3.5000000000	-0.1398000000
3.8000000000	-0.1395000000
3.9000000000	-0.1394000000
4.0000000000	-0.1392000000
4.1000000000	-0.1392000000
4.1000000000	-0.1392000000
4.2000000000	-0.1393000000
4.2000000000	-0.1393000000
4.1000000000	-0.1393000000
4.2000000000	-0.1393000000
4.2000000000	-0.1393000000
4.3000000000	-0.1393000000
4.2000000000	-0.1392000000
4.1000000000	-0.1392000000
4.1000000000	-0.1386000000
3.8000000000	-0.1382000000
3.7000000000	-0.1379000000
3.1000000000	-0.1374000000
2.9000000000	-0.1372000000
2.7000000000	-0.1369000000
2.7000000000	-0.1365000000
2.7000000000	-0.1364000000
2.7000000000	-0.1362000000
2.8000000000	-0.1360000000
2.9000000000	-0.1356000000
3.0000000000	-0.1350000000
3.0000000000	-0.1348000000
3.1000000000	-0.1348000000
3.1000000000	-0.1348000000
3.2000000000	-0.1349000000
3.1000000000	-0.1349000000
3.1000000000	-0.1349000000
3.0000000000	-0.1349000000
3.1000000000	-0.1349000000
3.1000000000	-0.1349000000
3.2000000000	-0.1349000000
3.2000000000	-0.1349000000
3.1000000000	-0.1348000000
3.1000000000	-0.1348000000
3.1000000000	-0.1346000000
3.1000000000	-0.1341000000
3.0000000000	-0.1339000000
2.8000000000	-0.1334000000
2.4000000000	-0.1331000000
2.2000000000	-0.1329000000
2.0000000000	-0.1327000000
2.0000000000	-0.1325000000
1.9000000000	-0.1322000000
1.8000000000	-0.1320000000
1.8000000000	-0.1318000000
1.7000000000	-0.1316000000
1.6000000000	-0.1314000000
1.5000000000	-0.1312000000
1.5000000000	-0.1309000000
1.5000000000	-0.1307000000
1.5000000000	-0.1307000000
1.6000000000	-0.1307000000
1.6000000000	-0.1308000000
1.5000000000	-0.1308000000
1.5000000000	-0.1308000000
1.4000000000	-0.1308000000
1.5000000000	-0.1307000000
1.5000000000	-0.1307000000
1.5000000000	-0.1307000000
1.6000000000	-0.1307000000
1.5000000000	-0.1307000000
1.5000000000	-0.1304000000
1.4000000000	-0.1301000000
1.3000000000	-0.1299000000
1.3000000000	-0.1297000000
1.3000000000	-0.1294000000
1.3000000000	-0.1292000000
1.3000000000	-0.1289000000
1.2000000000	-0.1287000000
1.1000000000	-0.1286000000
1.0000000000	-0.1284000000
1.0000000000	-0.1281000000
1.0000000000	-0.1278000000
1.0000000000	-0.1276000000
1.0000000000	-0.1274000000
1.0000000000	-0.1273000000
1.0000000000	-0.1271000000
0.9000000000	-0.1271000000
0.9000000000	-0.1271000000
0.9000000000	-0.1271000000
0.9000000000	-0.1272000000
1.0000000000	-0.1271000000
1.0000000000	-0.1271000000
1.1000000000	-0.1271000000
1.0000000000	-0.1271000000
1.0000000000	-0.1271000000
1.0000000000	-0.1271000000
1.0000000000	-0.1270000000
1.0000000000	-0.1266000000
1.0000000000	-0.1264000000
1.1000000000	-0.1260000000
1.2000000000	-0.1254000000
1.4000000000	-0.1249000000
1.4000000000	-0.1247000000
1.5000000000	-0.1245000000
1.6000000000	-0.1242000000
1.8000000000	-0.1241000000
1.9000000000	-0.1239000000
2.1000000000	-0.1237000000
2.2000000000	-0.1236000000
2.2000000000	-0.1234000000
2.2000000000	-0.1233000000
2.2000000000	-0.1233000000
2.2000000000	-0.1233000000
2.5000000000	-0.1234000000
2.5000000000	-0.1234000000
2.6000000000	-0.1234000000
2.5000000000	-0.1234000000
2.4000000000	-0.1234000000
2.4000000000	-0.1234000000
2.5000000000	-0.1234000000
2.5000000000	-0.1233000000
2.7000000000	-0.1229000000
3.1000000000	-0.1227000000
3.2000000000	-0.1225000000
3.5000000000	-0.1222000000
3.6000000000	-0.1220000000
3.8000000000	-0.1218000000
4.0000000000	-0.1215000000
4.1000000000	-0.1213000000
4.1000000000	-0.1211000000
4.2000000000	-0.1208000000
4.3000000000	-0.1206000000
4.4000000000	-0.1204000000
4.6000000000	-0.1203000000
4.5000000000	-0.1203000000
4.4000000000	-0.1203000000
4.4000000000	-0.1203000000
4.5000000000	-0.1203000000
4.5000000000	-0.1203000000
4.6000000000	-0.1203000000
4.5000000000	-0.1203000000
4.4000000000	-0.1203000000
4.5000000000	-0.1203000000
4.5000000000	-0.1203000000
4.6000000000	-0.1203000000
4.6000000000	-0.1203000000
4.5000000000	-0.1203000000
4.7000000000	-0.1199000000
4.8000000000	-0.1198000000
5.0000000000	-0.1196000000
5.4000000000	-0.1192000000
5.7000000000	-0.1190000000
6.0000000000	-0.1187000000
6.3000000000	-0.1185000000
6.8000000000	-0.1182000000
7.5000000000	-0.1179000000
8.8000000000	-0.1175000000
9.8000000000	-0.1171000000
10.2000000000	-0.1170000000
10.4000000000	-0.1170000000
10.4000000000	-0.1170000000
10.3000000000	-0.1170000000
10.3000000000	-0.1170000000
10.3000000000	-0.1170000000
10.3000000000	-0.1170000000
10.3000000000	-0.1170000000
10.3000000000	-0.1170000000
10.3000000000	-0.1170000000
10.2000000000	-0.1170000000
10.3000000000	-0.1170000000
10.4000000000	-0.1169000000
12.3000000000	-0.1165000000
14.6000000000	-0.1160000000
16.1000000000	-0.1157000000
17.6000000000	-0.1154000000
19.6000000000	-0.1150000000
20.0000000000	-0.1148000000
20.7000000000	-0.1145000000
21.1000000000	-0.1143000000
21.3000000000	-0.1141000000
21.5000000000	-0.1140000000
21.6000000000	-0.1139000000
21.9000000000	-0.1137000000
22.1000000000	-0.1135000000
21.9000000000	-0.1135000000
21.6000000000	-0.1135000000
21.4000000000	-0.1136000000
21.5000000000	-0.1136000000
21.6000000000	-0.1136000000
21.5000000000	-0.1136000000
21.4000000000	-0.1136000000
21.4000000000	-0.1136000000
21.4000000000	-0.1136000000
21.5000000000	-0.1133000000
21.3000000000	-0.1129000000
21.3000000000	-0.1126000000
21.4000000000	-0.1123000000
21.2000000000	-0.1120000000
20.7000000000	-0.1116000000
20.6000000000	-0.1113000000
20.7000000000	-0.1110000000
21.1000000000	-0.1108000000
21.2000000000	-0.1106000000
21.4000000000	-0.1104000000
21.9000000000	-0.1100000000
22.3000000000	-0.1097000000
22.9000000000	-0.1095000000
23.5000000000	-0.1092000000
23.4000000000	-0.1092000000
23.3000000000	-0.1092000000
23.7000000000	-0.1092000000
23.9000000000	-0.1092000000
23.5000000000	-0.1092000000
23.6000000000	-0.1092000000
23.7000000000	-0.1092000000
23.8000000000	-0.1092000000
23.6000000000	-0.1092000000
23.7000000000	-0.1092000000
23.8000000000	-0.1091000000
26.0000000000	-0.1086000000
27.5000000000	-0.1082000000
29.5000000000	-0.1078000000
30.9000000000	-0.1075000000
31.7000000000	-0.1072000000
33.3000000000	-0.1069000000
34.9000000000	-0.1066000000
36.5000000000	-0.1064000000
38.5000000000	-0.1061000000
40.3000000000	-0.1059000000
42.4000000000	-0.1056000000
45.6000000000	-0.1053000000
46.4000000000	-0.1052000000
49.3000000000	-0.1048000000
51.6000000000	-0.1047000000
50.8000000000	-0.1047000000
50.7000000000	-0.1047000000
51.1000000000	-0.1047000000
50.9000000000	-0.1047000000
50.1000000000	-0.1047000000
50.3000000000	-0.1047000000
50.4000000000	-0.1047000000
50.5000000000	-0.1047000000
50.8000000000	-0.1047000000
51.1000000000	-0.1047000000
51.5000000000	-0.1047000000
51.8000000000	-0.1047000000
54.3000000000	-0.1043000000
56.0000000000	-0.1040000000
57.7000000000	-0.1036000000
60.6000000000	-0.1031000000
62.2000000000	-0.1026000000
62.4000000000	-0.1025000000
62.8000000000	-0.1022000000
63.7000000000	-0.1019000000
64.1000000000	-0.1017000000
64.1000000000	-0.1014000000
63.8000000000	-0.1010000000
63.6000000000	-0.1008000000
63.9000000000	-0.1005000000
64.0000000000	-0.1001000000
63.2000000000	-0.0998000000
61.4000000000	-0.0995000000
60.5000000000	-0.0994000000
60.0000000000	-0.0994000000
58.3000000000	-0.0994000000
58.3000000000	-0.0994000000
59.0000000000	-0.0994000000
58.2000000000	-0.0994000000
57.9000000000	-0.0994000000
57.4000000000	-0.0994000000
56.8000000000	-0.0994000000
56.8000000000	-0.0994000000
58.0000000000	-0.0994000000
58.1000000000	-0.0993000000
57.6000000000	-0.0989000000
57.7000000000	-0.0988000000
57.1000000000	-0.0984000000
56.8000000000	-0.0982000000
56.1000000000	-0.0979000000
55.4000000000	-0.0974000000
55.8000000000	-0.0972000000
56.0000000000	-0.0970000000
54.3000000000	-0.0967000000
53.7000000000	-0.0962000000
52.3000000000	-0.0955000000
49.5000000000	-0.0953000000
48.8000000000	-0.0952000000
48.3000000000	-0.0951000000
48.1000000000	-0.0951000000
47.4000000000	-0.0951000000
47.3000000000	-0.0951000000
47.3000000000	-0.0951000000
47.4000000000	-0.0951000000
47.3000000000	-0.0951000000
47.0000000000	-0.0951000000
46.8000000000	-0.0951000000
46.5000000000	-0.0951000000
47.0000000000	-0.0951000000
47.6000000000	-0.0951000000
47.8000000000	-0.0951000000
46.8000000000	-0.0944000000
45.8000000000	-0.0940000000
44.7000000000	-0.0935000000
44.0000000000	-0.0932000000
43.7000000000	-0.0928000000
42.9000000000	-0.0925000000
42.7000000000	-0.0923000000
42.8000000000	-0.0918000000
42.2000000000	-0.0915000000
41.6000000000	-0.0912000000
40.9000000000	-0.0909000000
40.8000000000	-0.0907000000
40.5000000000	-0.0905000000
39.9000000000	-0.0905000000
39.7000000000	-0.0905000000
39.2000000000	-0.0905000000
38.5000000000	-0.0906000000
38.8000000000	-0.0905000000
38.7000000000	-0.0905000000
39.1000000000	-0.0905000000
38.5000000000	-0.0905000000
38.4000000000	-0.0905000000
38.8000000000	-0.0905000000
39.8000000000	-0.0905000000
38.6000000000	-0.0897000000
36.7000000000	-0.0890000000
36.3000000000	-0.0887000000
35.2000000000	-0.0879000000
34.6000000000	-0.0875000000
34.4000000000	-0.0872000000
33.6000000000	-0.0868000000
32.8000000000	-0.0864000000
31.7000000000	-0.0861000000
31.6000000000	-0.0859000000
31.7000000000	-0.0858000000
31.3000000000	-0.0858000000
31.0000000000	-0.0858000000
30.8000000000	-0.0858000000
30.9000000000	-0.0858000000
30.6000000000	-0.0858000000
30.8000000000	-0.0858000000
30.3000000000	-0.0858000000
30.1000000000	-0.0858000000
30.3000000000	-0.0858000000
30.5000000000	-0.0858000000
30.7000000000	-0.0858000000
31.1000000000	-0.0858000000
31.4000000000	-0.0858000000
30.6000000000	-0.0851000000
30.0000000000	-0.0847000000
30.1000000000	-0.0846000000
29.9000000000	-0.0844000000
29.5000000000	-0.0842000000
29.2000000000	-0.0839000000
28.9000000000	-0.0836000000
27.8000000000	-0.0832000000
27.4000000000	-0.0828000000
26.9000000000	-0.0824000000
26.5000000000	-0.0822000000
26.2000000000	-0.0821000000
26.2000000000	-0.0820000000
25.9000000000	-0.0820000000
25.3000000000	-0.0820000000
25.4000000000	-0.0820000000
25.7000000000	-0.0820000000
25.4000000000	-0.0820000000
25.2000000000	-0.0820000000
25.4000000000	-0.0820000000
25.5000000000	-0.0820000000
25.3000000000	-0.0820000000
25.4000000000	-0.0820000000
25.7000000000	-0.0820000000
26.0000000000	-0.0820000000
25.3000000000	-0.0814000000
25.0000000000	-0.0811000000
24.8000000000	-0.0811000000
25.1000000000	-0.0808000000
25.4000000000	-0.0806000000
25.8000000000	-0.0805000000
25.4000000000	-0.0802000000
23.8000000000	-0.0796000000
22.5000000000	-0.0793000000
21.7000000000	-0.0790000000
20.2000000000	-0.0788000000
19.7000000000	-0.0786000000
19.0000000000	-0.0784000000
19.0000000000	-0.0783000000
18.9000000000	-0.0783000000
18.4000000000	-0.0784000000
18.2000000000	-0.0784000000
18.6000000000	-0.0784000000
18.7000000000	-0.0784000000
18.1000000000	-0.0784000000
18.1000000000	-0.0784000000
18.1000000000	-0.0784000000
18.3000000000	-0.0784000000
18.5000000000	-0.0784000000
18.2000000000	-0.0784000000
18.5000000000	-0.0782000000
19.5000000000	-0.0778000000
18.9000000000	-0.0776000000
18.3000000000	-0.0775000000
16.5000000000	-0.0767000000
15.3000000000	-0.0764000000
13.9000000000	-0.0761000000
11.3000000000	-0.0756000000
10.6000000000	-0.0754000000
10.1000000000	-0.0752000000
9.5000000000	-0.0748000000
8.2000000000	-0.0745000000
6.9000000000	-0.0740000000
6.6000000000	-0.0739000000
6.7000000000	-0.0739000000
6.6000000000	-0.0739000000
6.1000000000	-0.0739000000
6.0000000000	-0.0739000000
6.1000000000	-0.0739000000
6.1000000000	-0.0739000000
6.2000000000	-0.0739000000
6.1000000000	-0.0739000000
6.0000000000	-0.0739000000
5.9000000000	-0.0739000000
6.0000000000	-0.0739000000
6.1000000000	-0.0739000000
6.2000000000	-0.0739000000
6.1000000000	-0.0739000000
6.1000000000	-0.0739000000
5.4000000000	-0.0734000000
5.2000000000	-0.0734000000
5.0000000000	-0.0731000000
4.3000000000	-0.0727000000
4.1000000000	-0.0726000000
3.8000000000	-0.0724000000
3.7000000000	-0.0723000000
3.6000000000	-0.0721000000
3.5000000000	-0.0719000000
3.0000000000	-0.0714000000
2.7000000000	-0.0709000000
2.6000000000	-0.0706000000
2.5000000000	-0.0702000000
2.2000000000	-0.0697000000
2.1000000000	-0.0694000000
2.1000000000	-0.0693000000
2.0000000000	-0.0693000000
1.9000000000	-0.0693000000
1.9000000000	-0.0693000000
1.9000000000	-0.0693000000
1.9000000000	-0.0693000000
2.0000000000	-0.0693000000
2.0000000000	-0.0693000000
2.0000000000	-0.0693000000
1.9000000000	-0.0693000000
1.9000000000	-0.0693000000
1.9000000000	-0.0693000000
1.8000000000	-0.0689000000
1.7000000000	-0.0682000000
1.6000000000	-0.0676000000
1.6000000000	-0.0674000000
1.4000000000	-0.0670000000
1.2000000000	-0.0665000000
1.2000000000	-0.0662000000
1.1000000000	-0.0658000000
1.1000000000	-0.0656000000
1.1000000000	-0.0654000000
1.1000000000	-0.0647000000
1.1000000000	-0.0642000000
1.1000000000	-0.0640000000
1.0000000000	-0.0638000000
1.0000000000	-0.0637000000
1.0000000000	-0.0637000000
1.1000000000	-0.0637000000
1.1000000000	-0.0638000000
1.1000000000	-0.0638000000
1.2000000000	-0.0638000000
1.1000000000	-0.0638000000
1.1000000000	-0.0638000000
1.1000000000	-0.0638000000
1.0000000000	-0.0637000000
1.1000000000	-0.0637000000
1.1000000000	-0.0637000000
1.1000000000	-0.0637000000
1.2000000000	-0.0632000000
1.2000000000	-0.0630000000
1.1000000000	-0.0628000000
1.1000000000	-0.0624000000
1.2000000000	-0.0621000000
1.2000000000	-0.0617000000
1.3000000000	-0.0613000000
1.3000000000	-0.0611000000
1.4000000000	-0.0610000000
1.4000000000	-0.0607000000
1.4000000000	-0.0605000000
1.4000000000	-0.0602000000
1.5000000000	-0.0598000000
1.6000000000	-0.0593000000
1.8000000000	-0.0587000000
1.9000000000	-0.0586000000
1.9000000000	-0.0586000000
1.8000000000	-0.0586000000
1.8000000000	-0.0586000000
1.8000000000	-0.0586000000
1.8000000000	-0.0586000000
1.9000000000	-0.0586000000
1.9000000000	-0.0586000000
1.9000000000	-0.0586000000
1.9000000000	-0.0586000000
1.8000000000	-0.0586000000
1.8000000000	-0.0586000000
1.8000000000	-0.0586000000
2.0000000000	-0.0580000000
2.1000000000	-0.0576000000
2.2000000000	-0.0572000000
2.0000000000	-0.0566000000
2.0000000000	-0.0563000000
1.9000000000	-0.0560000000
1.9000000000	-0.0557000000
1.9000000000	-0.0554000000
1.9000000000	-0.0550000000
1.9000000000	-0.0546000000
2.0000000000	-0.0544000000
1.9000000000	-0.0544000000
1.8000000000	-0.0544000000
1.8000000000	-0.0545000000
1.8000000000	-0.0545000000
1.9000000000	-0.0545000000
1.9000000000	-0.0545000000
1.9000000000	-0.0545000000
1.9000000000	-0.0545000000
1.9000000000	-0.0545000000
1.8000000000	-0.0544000000
1.8000000000	-0.0544000000
1.9000000000	-0.0543000000
2.0000000000	-0.0538000000
2.1000000000	-0.0533000000
2.3000000000	-0.0530000000
2.3000000000	-0.0527000000
2.4000000000	-0.0522000000
2.5000000000	-0.0518000000
2.6000000000	-0.0516000000
2.6000000000	-0.0514000000
2.7000000000	-0.0511000000
2.5000000000	-0.0508000000
2.3000000000	-0.0504000000
2.2000000000	-0.0501000000
2.1000000000	-0.0500000000
2.1000000000	-0.0500000000
2.1000000000	-0.0500000000
2.1000000000	-0.0501000000
2.2000000000	-0.0501000000
2.1000000000	-0.0501000000
2.1000000000	-0.0501000000
2.1000000000	-0.0501000000
2.1000000000	-0.0501000000
2.1000000000	-0.0500000000
2.1000000000	-0.0500000000
2.2000000000	-0.0499000000
1.9000000000	-0.0491000000
1.9000000000	-0.0485000000
1.8000000000	-0.0482000000
1.9000000000	-0.0480000000
1.9000000000	-0.0479000000
2.0000000000	-0.0476000000
2.1000000000	-0.0473000000
2.2000000000	-0.0470000000
2.2000000000	-0.0466000000
2.1000000000	-0.0461000000
2.1000000000	-0.0459000000
2.0000000000	-0.0454000000
1.9000000000	-0.0452000000
1.9000000000	-0.0451000000
1.9000000000	-0.0450000000
1.8000000000	-0.0451000000
1.8000000000	-0.0451000000
1.8000000000	-0.0451000000
1.8000000000	-0.0451000000
1.8000000000	-0.0451000000
1.8000000000	-0.0451000000
1.9000000000	-0.0451000000
1.9000000000	-0.0451000000
1.8000000000	-0.0451000000
1.7000000000	-0.0450000000
1.7000000000	-0.0447000000
1.6000000000	-0.0441000000
1.5000000000	-0.0433000000
1.5000000000	-0.0430000000
1.6000000000	-0.0427000000
1.5000000000	-0.0422000000
1.5000000000	-0.0419000000
1.5000000000	-0.0415000000
1.5000000000	-0.0412000000
1.5000000000	-0.0409000000
1.5000000000	-0.0404000000
1.4000000000	-0.0400000000
1.3000000000	-0.0398000000
1.3000000000	-0.0398000000
1.3000000000	-0.0398000000
1.3000000000	-0.0399000000
1.3000000000	-0.0399000000
1.3000000000	-0.0399000000
1.3000000000	-0.0399000000
1.4000000000	-0.0399000000
1.3000000000	-0.0399000000
1.3000000000	-0.0398000000
1.2000000000	-0.0398000000
1.3000000000	-0.0398000000
1.3000000000	-0.0396000000
1.3000000000	-0.0395000000
1.3000000000	-0.0394000000
1.3000000000	-0.0390000000
1.2000000000	-0.0386000000
1.2000000000	-0.0382000000
1.2000000000	-0.0380000000
1.2000000000	-0.0377000000
1.2000000000	-0.0372000000
1.2000000000	-0.0366000000
1.2000000000	-0.0360000000
1.2000000000	-0.0356000000
1.1000000000	-0.0356000000
1.1000000000	-0.0356000000
1.1000000000	-0.0357000000
1.1000000000	-0.0357000000
1.1000000000	-0.0357000000
1.1000000000	-0.0357000000
1.2000000000	-0.0357000000
1.2000000000	-0.0357000000
1.1000000000	-0.0357000000
1.1000000000	-0.0356000000
1.1000000000	-0.0356000000
1.1000000000	-0.0354000000
1.1000000000	-0.0350000000
1.1000000000	-0.0345000000
1.1000000000	-0.0340000000
1.1000000000	-0.0336000000
1.1000000000	-0.0330000000
1.1000000000	-0.0324000000
1.0000000000	-0.0321000000
1.0000000000	-0.0317000000
1.1000000000	-0.0314000000
1.1000000000	-0.0311000000
1.1000000000	-0.0308000000
1.2000000000	-0.0306000000
1.1000000000	-0.0306000000
1.1000000000	-0.0306000000
1.1000000000	-0.0306000000
1.1000000000	-0.0307000000
1.1000000000	-0.0306000000
1.1000000000	-0.0306000000
1.1000000000	-0.0306000000
1.2000000000	-0.0306000000
1.1000000000	-0.0306000000
1.1000000000	-0.0306000000
1.1000000000	-0.0306000000
1.0000000000	-0.0305000000
1.1000000000	-0.0302000000
1.1000000000	-0.0299000000
1.1000000000	-0.0295000000
1.2000000000	-0.0291000000
1.2000000000	-0.0289000000
1.1000000000	-0.0287000000
1.1000000000	-0.0286000000
1.1000000000	-0.0283000000
1.1000000000	-0.0281000000
1.1000000000	-0.0278000000
1.2000000000	-0.0273000000
1.2000000000	-0.0269000000
1.2000000000	-0.0265000000
1.2000000000	-0.0260000000
1.2000000000	-0.0257000000
1.2000000000	-0.0256000000
1.2000000000	-0.0256000000
1.2000000000	-0.0256000000
1.2000000000	-0.0256000000
1.3000000000	-0.0256000000
1.2000000000	-0.0256000000
1.2000000000	-0.0256000000
1.1000000000	-0.0256000000
1.2000000000	-0.0256000000
1.2000000000	-0.0256000000
1.2000000000	-0.0255000000
1.2000000000	-0.0249000000
1.3000000000	-0.0246000000
1.2000000000	-0.0240000000
1.1000000000	-0.0236000000
1.1000000000	-0.0235000000
1.1000000000	-0.0232000000
1.2000000000	-0.0229000000
1.2000000000	-0.0225000000
1.3000000000	-0.0222000000
1.3000000000	-0.0219000000
1.3000000000	-0.0218000000
1.2000000000	-0.0216000000
1.2000000000	-0.0213000000
1.2000000000	-0.0210000000
1.2000000000	-0.0207000000
1.2000000000	-0.0207000000
1.2000000000	-0.0207000000
1.3000000000	-0.0207000000
1.2000000000	-0.0207000000
1.2000000000	-0.0207000000
1.1000000000	-0.0207000000
1.1000000000	-0.0207000000
1.2000000000	-0.0207000000
1.2000000000	-0.0207000000
1.2000000000	-0.0207000000
1.3000000000	-0.0206000000
1.2000000000	-0.0202000000
1.2000000000	-0.0197000000
1.2000000000	-0.0193000000
1.2000000000	-0.0188000000
1.3000000000	-0.0184000000
1.3000000000	-0.0179000000
1.3000000000	-0.0179000000
1.3000000000	-0.0177000000
1.2000000000	-0.0173000000
1.2000000000	-0.0169000000
1.2000000000	-0.0167000000
1.2000000000	-0.0165000000
1.2000000000	-0.0165000000
1.2000000000	-0.0163000000
1.3000000000	-0.0161000000
1.3000000000	-0.0160000000
1.3000000000	-0.0160000000
1.3000000000	-0.0160000000
1.2000000000	-0.0160000000
1.2000000000	-0.0160000000
1.3000000000	-0.0160000000
1.3000000000	-0.0160000000
1.3000000000	-0.0160000000
1.4000000000	-0.0160000000
1.3000000000	-0.0160000000
1.3000000000	-0.0158000000
1.2000000000	-0.0150000000
1.2000000000	-0.0144000000
1.2000000000	-0.0138000000
1.3000000000	-0.0135000000
1.3000000000	-0.0131000000
1.3000000000	-0.0126000000
1.3000000000	-0.0121000000
1.2000000000	-0.0118000000
1.2000000000	-0.0116000000
1.2000000000	-0.0112000000
1.2000000000	-0.0108000000
1.2000000000	-0.0106000000
1.3000000000	-0.0105000000
1.3000000000	-0.0105000000
1.2000000000	-0.0105000000
1.2000000000	-0.0105000000
1.2000000000	-0.0105000000
1.2000000000	-0.0105000000
1.2000000000	-0.0105000000
1.2000000000	-0.0105000000
1.3000000000	-0.0105000000
1.3000000000	-0.0105000000
1.2000000000	-0.0105000000
1.2000000000	-0.0105000000
1.2000000000	-0.0101000000
1.2000000000	-0.0097000000
1.2000000000	-0.0090000000
1.2000000000	-0.0085000000
1.2000000000	-0.0081000000
1.2000000000	-0.0074000000
1.2000000000	-0.0071000000
1.1000000000	-0.0067000000
1.1000000000	-0.0063000000
1.1000000000	-0.0057000000
1.1000000000	-0.0051000000
1.2000000000	-0.0048000000
1.2000000000	-0.0045000000
1.2000000000	-0.0045000000
1.2000000000	-0.0045000000
1.2000000000	-0.0045000000
1.1000000000	-0.0045000000
1.2000000000	-0.0045000000
1.2000000000	-0.0045000000
1.2000000000	-0.0045000000
1.2000000000	-0.0045000000
1.3000000000	-0.0045000000
1.2000000000	-0.0044000000
1.2000000000	-0.0038000000
1.1000000000	-0.0032000000
1.1000000000	-0.0030000000
1.2000000000	-0.0023000000
1.2000000000	-0.0021000000
1.2000000000	-0.0017000000
1.3000000000	-0.0014000000
1.2000000000	-0.0011000000
1.2000000000	-0.0004540000
1.2000000000	0.0000197000
1.2000000000	0.0000197000
1.2000000000	0.0000197000
1.2000000000	0.0000197000
1.2000000000	0.0000197000
1.3000000000	0.0000197000
1.3000000000	0.0000197000
1.2000000000	0.0000395000
1.2000000000	0.0000395000
1.2000000000	0.0000789000
1.3000000000	0.0000789000
1.3000000000	0.0000789000
1.3000000000	0.0000789000
1.3000000000	0.0000592000
1.3000000000	0.0000395000
1.3000000000	0.0000000000
1.3000000000	0.0000000000
1.3000000000	0.0000000000
1.3000000000	0.0000000000
1.3000000000	0.0000000000
1.3000000000	0.0000000000
1.4000000000	0.0000000000
1.3000000000	0.0000000000
1.3000000000	0.0000000000
1.3000000000	0.0000000000
1.3000000000	0.0000000000
1.3000000000	0.0000000000
