Light Intensity (% of scale max) Alessio_0.08_1.5_lampadina	Position (m) Alessio_0.08_1.5_lampadina
0.0000000000	0.0000000000
0.0000000000	0.0000000000
0.0000000000	0.0000000000
0.0000000000	0.0000000000
0.0000000000	0.0000000000
0.0000000000	0.0000000000
0.0000000000	0.0000000000
0.0000000000	0.0000000000
0.0000000000	0.0000000000
0.0000000000	0.0000000000
0.0000000000	0.0000000000
0.0000000000	0.0000000000
0.0000000000	0.0000000000
0.0000000000	0.0000000000
0.0000000000	0.0000000000
0.0000000000	0.0000000000
0.0000000000	0.0000000000
0.0000000000	0.0000000000
0.0000000000	0.0000000000
0.0000000000	0.0000000000
0.0000000000	0.0000000000
0.0000000000	0.0000000000
0.0000000000	0.0000000000
0.0000000000	0.0000000000
0.0000000000	0.0000000000
0.0000000000	0.0000000000
0.0000000000	0.0000000000
0.0000000000	0.0000000000
0.0000000000	0.0000000000
0.0000000000	0.0000000000
0.0000000000	0.0000000000
0.0000000000	0.0000000000
0.0000000000	0.0000000000
0.0000000000	0.0000000000
0.0000000000	0.0000000000
0.0000000000	0.0000000000
0.0000000000	0.0000000000
0.0000000000	0.0000000000
0.0000000000	0.0000000000
0.0000000000	0.0000000000
0.0000000000	0.0000000000
0.0000000000	0.0000000000
0.0000000000	0.0000000000
0.0000000000	0.0000000000
0.0000000000	0.0000000000
0.0000000000	0.0000000000
0.0000000000	0.0000000000
0.0000000000	0.0000000000
0.0000000000	0.0000000000
0.0000000000	0.0000000000
0.0000000000	0.0000000000
0.0000000000	0.0000000000
0.0000000000	0.0000000000
0.0000000000	0.0000000000
0.0000000000	0.0000000000
0.0000000000	0.0000000000
0.0000000000	-0.0000197000
0.0000000000	-0.0000197000
0.0000000000	-0.0000197000
0.0000000000	-0.0000197000
0.0000000000	-0.0000395000
0.0000000000	-0.0000395000
0.0000000000	-0.0000395000
0.0000000000	-0.0000395000
0.0000000000	-0.0003160000
0.0000000000	-0.0005720000
0.0000000000	-0.0007300000
0.0000000000	-0.0009070000
0.0000000000	-0.0009860000
0.0000000000	-0.0011000000
0.0000000000	-0.0012000000
0.0000000000	-0.0015000000
0.0000000000	-0.0019000000
0.0000000000	-0.0022000000
0.0000000000	-0.0026000000
0.0000000000	-0.0027000000
0.0000000000	-0.0027000000
0.0000000000	-0.0027000000
0.0000000000	-0.0027000000
0.0000000000	-0.0027000000
0.0000000000	-0.0027000000
0.0000000000	-0.0027000000
0.0000000000	-0.0027000000
0.0000000000	-0.0027000000
0.0000000000	-0.0027000000
0.0000000000	-0.0027000000
0.0000000000	-0.0027000000
0.0000000000	-0.0027000000
0.0000000000	-0.0027000000
0.0000000000	-0.0027000000
0.0000000000	-0.0027000000
0.0000000000	-0.0032000000
0.0000000000	-0.0037000000
0.0000000000	-0.0037000000
0.0000000000	-0.0038000000
0.0000000000	-0.0041000000
0.0000000000	-0.0044000000
0.0000000000	-0.0046000000
0.0000000000	-0.0048000000
0.0000000000	-0.0051000000
0.0000000000	-0.0053000000
0.0000000000	-0.0056000000
0.0000000000	-0.0058000000
0.0000000000	-0.0060000000
0.0000000000	-0.0061000000
0.0000000000	-0.0061000000
0.0000000000	-0.0061000000
0.0000000000	-0.0061000000
0.0000000000	-0.0061000000
0.0000000000	-0.0061000000
0.0000000000	-0.0061000000
0.0000000000	-0.0061000000
0.0000000000	-0.0061000000
0.0000000000	-0.0061000000
0.0000000000	-0.0061000000
0.0000000000	-0.0061000000
0.0000000000	-0.0062000000
0.0000000000	-0.0067000000
0.0000000000	-0.0076000000
0.0000000000	-0.0076000000
0.0000000000	-0.0078000000
0.0000000000	-0.0078000000
0.0000000000	-0.0080000000
0.0000000000	-0.0082000000
0.0000000000	-0.0084000000
0.0000000000	-0.0086000000
0.0000000000	-0.0089000000
0.0000000000	-0.0092000000
0.0000000000	-0.0093000000
0.0000000000	-0.0095000000
0.0000000000	-0.0096000000
0.0000000000	-0.0097000000
0.0000000000	-0.0101000000
0.0000000000	-0.0103000000
0.0000000000	-0.0103000000
0.0000000000	-0.0103000000
0.0000000000	-0.0103000000
0.0000000000	-0.0103000000
0.0000000000	-0.0103000000
0.0000000000	-0.0103000000
0.0000000000	-0.0103000000
0.0000000000	-0.0103000000
0.0000000000	-0.0103000000
0.0000000000	-0.0103000000
0.0000000000	-0.0103000000
0.0000000000	-0.0103000000
0.0000000000	-0.0109000000
0.0000000000	-0.0112000000
0.0000000000	-0.0113000000
0.0000000000	-0.0114000000
0.0000000000	-0.0116000000
0.0000000000	-0.0117000000
0.0000000000	-0.0118000000
0.0000000000	-0.0122000000
0.0000000000	-0.0123000000
0.0000000000	-0.0124000000
0.0000000000	-0.0127000000
0.0000000000	-0.0128000000
0.0000000000	-0.0130000000
0.0000000000	-0.0131000000
0.0000000000	-0.0134000000
0.0000000000	-0.0137000000
0.0000000000	-0.0140000000
0.0000000000	-0.0140000000
0.0000000000	-0.0140000000
0.0000000000	-0.0140000000
0.0000000000	-0.0140000000
0.0000000000	-0.0140000000
0.0000000000	-0.0140000000
0.0000000000	-0.0140000000
0.0000000000	-0.0140000000
0.0000000000	-0.0140000000
0.0000000000	-0.0140000000
0.0000000000	-0.0140000000
0.0000000000	-0.0140000000
0.0000000000	-0.0145000000
0.0000000000	-0.0150000000
0.0000000000	-0.0151000000
0.0000000000	-0.0153000000
0.0000000000	-0.0155000000
0.0000000000	-0.0157000000
0.0000000000	-0.0158000000
0.0000000000	-0.0160000000
0.0000000000	-0.0162000000
0.0000000000	-0.0165000000
0.0000000000	-0.0169000000
0.0000000000	-0.0170000000
0.0000000000	-0.0170000000
0.0000000000	-0.0172000000
0.0000000000	-0.0175000000
0.0000000000	-0.0178000000
0.0000000000	-0.0179000000
0.0000000000	-0.0179000000
0.0000000000	-0.0179000000
0.0000000000	-0.0179000000
0.0000000000	-0.0179000000
0.0000000000	-0.0179000000
0.0000000000	-0.0179000000
0.0000000000	-0.0179000000
0.0000000000	-0.0179000000
0.0000000000	-0.0179000000
0.0000000000	-0.0179000000
0.0000000000	-0.0179000000
0.0000000000	-0.0179000000
0.0000000000	-0.0183000000
0.0000000000	-0.0187000000
0.0000000000	-0.0189000000
0.0000000000	-0.0189000000
0.0000000000	-0.0191000000
0.0000000000	-0.0194000000
0.0000000000	-0.0197000000
0.0000000000	-0.0200000000
0.0000000000	-0.0202000000
0.0000000000	-0.0202000000
0.0000000000	-0.0205000000
0.0000000000	-0.0208000000
0.0000000000	-0.0210000000
0.0000000000	-0.0213000000
0.0000000000	-0.0213000000
0.0000000000	-0.0213000000
0.0000000000	-0.0213000000
0.0000000000	-0.0213000000
0.0000000000	-0.0213000000
0.0000000000	-0.0213000000
0.0000000000	-0.0213000000
0.0000000000	-0.0213000000
0.0000000000	-0.0213000000
0.0000000000	-0.0213000000
0.0000000000	-0.0213000000
0.0000000000	-0.0213000000
0.0000000000	-0.0215000000
0.0000000000	-0.0222000000
0.0000000000	-0.0223000000
0.0000000000	-0.0223000000
0.0000000000	-0.0225000000
0.0000000000	-0.0228000000
0.0000000000	-0.0233000000
0.0000000000	-0.0235000000
0.0000000000	-0.0237000000
0.0000000000	-0.0238000000
0.0000000000	-0.0241000000
0.0000000000	-0.0243000000
0.0000000000	-0.0245000000
0.0000000000	-0.0247000000
0.0000000000	-0.0248000000
0.0000000000	-0.0250000000
0.0000000000	-0.0252000000
0.0000000000	-0.0252000000
0.0000000000	-0.0252000000
0.0000000000	-0.0252000000
0.0000000000	-0.0252000000
0.0000000000	-0.0252000000
0.0000000000	-0.0252000000
0.0000000000	-0.0252000000
0.0000000000	-0.0252000000
0.0000000000	-0.0252000000
0.0000000000	-0.0252000000
0.0000000000	-0.0252000000
0.0000000000	-0.0255000000
0.0000000000	-0.0261000000
0.0000000000	-0.0264000000
0.0000000000	-0.0269000000
0.0000000000	-0.0271000000
0.0000000000	-0.0274000000
0.0000000000	-0.0278000000
0.0000000000	-0.0278000000
0.0000000000	-0.0280000000
0.0000000000	-0.0281000000
0.0000000000	-0.0282000000
0.0000000000	-0.0284000000
0.0000000000	-0.0286000000
0.0000000000	-0.0288000000
0.0000000000	-0.0290000000
0.0000000000	-0.0291000000
0.0000000000	-0.0291000000
0.0000000000	-0.0291000000
0.0000000000	-0.0290000000
0.0000000000	-0.0290000000
0.0000000000	-0.0290000000
0.0000000000	-0.0290000000
0.0000000000	-0.0290000000
0.0000000000	-0.0290000000
0.0000000000	-0.0291000000
0.0000000000	-0.0291000000
0.0000000000	-0.0291000000
0.0000000000	-0.0296000000
0.0000000000	-0.0299000000
0.0000000000	-0.0300000000
0.0000000000	-0.0304000000
0.0000000000	-0.0306000000
0.0000000000	-0.0310000000
0.0000000000	-0.0312000000
0.0000000000	-0.0314000000
0.0000000000	-0.0318000000
0.0000000000	-0.0319000000
0.0000000000	-0.0320000000
0.0000000000	-0.0323000000
0.0000000000	-0.0324000000
0.0000000000	-0.0324000000
0.0000000000	-0.0324000000
0.0000000000	-0.0323000000
0.0000000000	-0.0323000000
0.0000000000	-0.0323000000
0.0000000000	-0.0323000000
0.0000000000	-0.0323000000
0.0000000000	-0.0323000000
0.0000000000	-0.0323000000
0.0000000000	-0.0324000000
0.0000000000	-0.0324000000
0.0000000000	-0.0324000000
0.0000000000	-0.0326000000
0.0000000000	-0.0330000000
0.0000000000	-0.0331000000
0.0000000000	-0.0331000000
0.0000000000	-0.0334000000
0.0000000000	-0.0336000000
0.0000000000	-0.0337000000
0.0000000000	-0.0340000000
0.0000000000	-0.0342000000
0.0000000000	-0.0344000000
0.0000000000	-0.0346000000
0.0000000000	-0.0348000000
0.0000000000	-0.0350000000
0.0000000000	-0.0350000000
0.0000000000	-0.0352000000
0.0000000000	-0.0353000000
0.0000000000	-0.0355000000
0.0000000000	-0.0357000000
0.0000000000	-0.0357000000
0.0000000000	-0.0357000000
0.0000000000	-0.0356000000
0.0000000000	-0.0356000000
0.0000000000	-0.0356000000
0.0000000000	-0.0356000000
0.0000000000	-0.0356000000
0.0000000000	-0.0356000000
0.0000000000	-0.0356000000
0.0000000000	-0.0357000000
0.0000000000	-0.0357000000
0.0000000000	-0.0357000000
0.0000000000	-0.0359000000
0.1000000000	-0.0364000000
0.1000000000	-0.0365000000
0.1000000000	-0.0365000000
0.1000000000	-0.0368000000
0.1000000000	-0.0370000000
0.1000000000	-0.0372000000
0.1000000000	-0.0375000000
0.0000000000	-0.0378000000
0.0000000000	-0.0381000000
0.0000000000	-0.0382000000
0.0000000000	-0.0385000000
0.0000000000	-0.0387000000
0.0000000000	-0.0389000000
0.0000000000	-0.0392000000
0.0000000000	-0.0394000000
0.0000000000	-0.0395000000
0.0000000000	-0.0395000000
0.0000000000	-0.0395000000
0.0000000000	-0.0395000000
0.0000000000	-0.0395000000
0.0000000000	-0.0395000000
0.0000000000	-0.0395000000
0.0000000000	-0.0395000000
0.0000000000	-0.0395000000
0.0000000000	-0.0395000000
0.0000000000	-0.0395000000
0.0000000000	-0.0395000000
0.0000000000	-0.0399000000
0.0000000000	-0.0402000000
0.0000000000	-0.0403000000
0.0000000000	-0.0407000000
0.0000000000	-0.0409000000
0.0000000000	-0.0413000000
0.0000000000	-0.0417000000
0.0000000000	-0.0419000000
0.0000000000	-0.0422000000
0.0000000000	-0.0424000000
0.0000000000	-0.0424000000
0.0000000000	-0.0426000000
0.0000000000	-0.0427000000
0.0000000000	-0.0428000000
0.0000000000	-0.0430000000
0.0000000000	-0.0431000000
0.0000000000	-0.0431000000
0.0000000000	-0.0430000000
0.0000000000	-0.0430000000
0.0000000000	-0.0430000000
0.0000000000	-0.0430000000
0.0000000000	-0.0430000000
0.0000000000	-0.0430000000
0.0000000000	-0.0431000000
0.0000000000	-0.0431000000
0.0000000000	-0.0431000000
0.0000000000	-0.0434000000
0.1000000000	-0.0439000000
0.1000000000	-0.0439000000
0.1000000000	-0.0442000000
0.1000000000	-0.0446000000
0.1000000000	-0.0449000000
0.1000000000	-0.0453000000
0.1000000000	-0.0455000000
0.1000000000	-0.0456000000
0.1000000000	-0.0458000000
0.1000000000	-0.0459000000
0.1000000000	-0.0462000000
0.1000000000	-0.0464000000
0.0000000000	-0.0467000000
0.0000000000	-0.0469000000
0.0000000000	-0.0469000000
0.0000000000	-0.0469000000
0.0000000000	-0.0469000000
0.0000000000	-0.0468000000
0.0000000000	-0.0468000000
0.0000000000	-0.0468000000
0.0000000000	-0.0468000000
0.0000000000	-0.0469000000
0.0000000000	-0.0469000000
0.0000000000	-0.0469000000
0.0000000000	-0.0470000000
0.0000000000	-0.0475000000
0.0000000000	-0.0477000000
0.0000000000	-0.0480000000
0.0000000000	-0.0483000000
0.0000000000	-0.0486000000
0.0000000000	-0.0489000000
0.0000000000	-0.0491000000
0.0000000000	-0.0493000000
0.0000000000	-0.0495000000
0.0000000000	-0.0496000000
0.0000000000	-0.0498000000
0.0000000000	-0.0501000000
0.0000000000	-0.0502000000
0.1000000000	-0.0503000000
0.1000000000	-0.0503000000
0.1000000000	-0.0503000000
0.1000000000	-0.0503000000
0.1000000000	-0.0502000000
0.1000000000	-0.0502000000
0.1000000000	-0.0502000000
0.1000000000	-0.0502000000
0.1000000000	-0.0502000000
0.1000000000	-0.0502000000
0.1000000000	-0.0502000000
0.1000000000	-0.0503000000
0.1000000000	-0.0503000000
0.1000000000	-0.0503000000
0.1000000000	-0.0503000000
0.1000000000	-0.0507000000
0.1000000000	-0.0509000000
0.1000000000	-0.0510000000
0.1000000000	-0.0513000000
0.1000000000	-0.0515000000
0.1000000000	-0.0518000000
0.1000000000	-0.0521000000
0.1000000000	-0.0523000000
0.1000000000	-0.0526000000
0.1000000000	-0.0529000000
0.1000000000	-0.0532000000
0.1000000000	-0.0533000000
0.1000000000	-0.0534000000
0.1000000000	-0.0536000000
0.1000000000	-0.0537000000
0.1000000000	-0.0537000000
0.1000000000	-0.0537000000
0.1000000000	-0.0536000000
0.1000000000	-0.0536000000
0.1000000000	-0.0536000000
0.1000000000	-0.0536000000
0.1000000000	-0.0536000000
0.1000000000	-0.0537000000
0.1000000000	-0.0537000000
0.1000000000	-0.0537000000
0.1000000000	-0.0537000000
0.1000000000	-0.0537000000
0.1000000000	-0.0539000000
0.1000000000	-0.0544000000
0.1000000000	-0.0546000000
0.0000000000	-0.0548000000
0.0000000000	-0.0550000000
0.0000000000	-0.0553000000
0.0000000000	-0.0555000000
0.0000000000	-0.0557000000
0.0000000000	-0.0559000000
0.0000000000	-0.0561000000
0.0000000000	-0.0563000000
0.0000000000	-0.0565000000
0.0000000000	-0.0566000000
0.0000000000	-0.0568000000
0.0000000000	-0.0568000000
0.0000000000	-0.0567000000
0.0000000000	-0.0567000000
0.0000000000	-0.0567000000
0.0000000000	-0.0567000000
0.0000000000	-0.0567000000
0.0000000000	-0.0567000000
0.0000000000	-0.0568000000
0.0000000000	-0.0568000000
0.0000000000	-0.0568000000
0.0000000000	-0.0568000000
0.0000000000	-0.0573000000
0.1000000000	-0.0578000000
0.1000000000	-0.0580000000
0.1000000000	-0.0584000000
0.1000000000	-0.0587000000
0.1000000000	-0.0590000000
0.1000000000	-0.0593000000
0.1000000000	-0.0595000000
0.1000000000	-0.0596000000
0.1000000000	-0.0597000000
0.1000000000	-0.0598000000
0.1000000000	-0.0598000000
0.1000000000	-0.0598000000
0.1000000000	-0.0598000000
0.1000000000	-0.0597000000
0.1000000000	-0.0597000000
0.1000000000	-0.0597000000
0.1000000000	-0.0597000000
0.1000000000	-0.0597000000
0.1000000000	-0.0598000000
0.1000000000	-0.0598000000
0.1000000000	-0.0598000000
0.1000000000	-0.0598000000
0.1000000000	-0.0600000000
0.1000000000	-0.0605000000
0.1000000000	-0.0606000000
0.1000000000	-0.0609000000
0.1000000000	-0.0612000000
0.1000000000	-0.0614000000
0.1000000000	-0.0617000000
0.1000000000	-0.0620000000
0.1000000000	-0.0622000000
0.1000000000	-0.0623000000
0.1000000000	-0.0626000000
0.1000000000	-0.0629000000
0.1000000000	-0.0631000000
0.1000000000	-0.0632000000
0.1000000000	-0.0632000000
0.1000000000	-0.0632000000
0.1000000000	-0.0631000000
0.1000000000	-0.0631000000
0.1000000000	-0.0631000000
0.1000000000	-0.0631000000
0.1000000000	-0.0631000000
0.1000000000	-0.0631000000
0.1000000000	-0.0631000000
0.1000000000	-0.0632000000
0.1000000000	-0.0632000000
0.1000000000	-0.0632000000
0.1000000000	-0.0633000000
0.0000000000	-0.0639000000
0.0000000000	-0.0640000000
0.0000000000	-0.0642000000
0.0000000000	-0.0645000000
0.0000000000	-0.0645000000
0.0000000000	-0.0647000000
0.0000000000	-0.0648000000
0.0000000000	-0.0650000000
0.1000000000	-0.0654000000
0.1000000000	-0.0655000000
0.1000000000	-0.0656000000
0.1000000000	-0.0657000000
0.1000000000	-0.0657000000
0.1000000000	-0.0656000000
0.1000000000	-0.0656000000
0.1000000000	-0.0656000000
0.1000000000	-0.0656000000
0.1000000000	-0.0656000000
0.1000000000	-0.0656000000
0.1000000000	-0.0656000000
0.1000000000	-0.0656000000
0.1000000000	-0.0656000000
0.1000000000	-0.0657000000
0.1000000000	-0.0662000000
0.1000000000	-0.0667000000
0.1000000000	-0.0671000000
0.1000000000	-0.0673000000
0.1000000000	-0.0675000000
0.1000000000	-0.0678000000
0.1000000000	-0.0680000000
0.1000000000	-0.0683000000
0.1000000000	-0.0684000000
0.1000000000	-0.0685000000
0.1000000000	-0.0685000000
0.1000000000	-0.0685000000
0.1000000000	-0.0685000000
0.1000000000	-0.0685000000
0.1000000000	-0.0685000000
0.1000000000	-0.0685000000
0.1000000000	-0.0685000000
0.1000000000	-0.0685000000
0.1000000000	-0.0685000000
0.1000000000	-0.0685000000
0.1000000000	-0.0685000000
0.1000000000	-0.0685000000
0.1000000000	-0.0685000000
0.1000000000	-0.0685000000
0.1000000000	-0.0691000000
0.1000000000	-0.0694000000
0.1000000000	-0.0696000000
0.1000000000	-0.0698000000
0.1000000000	-0.0699000000
0.1000000000	-0.0701000000
0.1000000000	-0.0702000000
0.1000000000	-0.0704000000
0.1000000000	-0.0707000000
0.1000000000	-0.0710000000
0.1000000000	-0.0713000000
0.1000000000	-0.0714000000
0.1000000000	-0.0716000000
0.1000000000	-0.0716000000
0.1000000000	-0.0716000000
0.1000000000	-0.0716000000
0.1000000000	-0.0715000000
0.1000000000	-0.0715000000
0.1000000000	-0.0715000000
0.1000000000	-0.0715000000
0.1000000000	-0.0715000000
0.1000000000	-0.0715000000
0.1000000000	-0.0716000000
0.1000000000	-0.0716000000
0.1000000000	-0.0716000000
0.1000000000	-0.0716000000
0.0000000000	-0.0719000000
0.0000000000	-0.0722000000
0.0000000000	-0.0724000000
0.1000000000	-0.0730000000
0.1000000000	-0.0732000000
0.1000000000	-0.0736000000
0.1000000000	-0.0739000000
0.1000000000	-0.0741000000
0.2000000000	-0.0744000000
0.2000000000	-0.0747000000
0.2000000000	-0.0750000000
0.3000000000	-0.0751000000
0.3000000000	-0.0751000000
0.3000000000	-0.0751000000
0.3000000000	-0.0751000000
0.3000000000	-0.0751000000
0.3000000000	-0.0751000000
0.3000000000	-0.0751000000
0.3000000000	-0.0751000000
0.3000000000	-0.0751000000
0.3000000000	-0.0751000000
0.3000000000	-0.0751000000
0.3000000000	-0.0751000000
0.3000000000	-0.0751000000
0.3000000000	-0.0751000000
0.3000000000	-0.0753000000
0.3000000000	-0.0757000000
0.3000000000	-0.0758000000
0.3000000000	-0.0759000000
0.3000000000	-0.0761000000
0.3000000000	-0.0763000000
0.3000000000	-0.0764000000
0.3000000000	-0.0767000000
0.3000000000	-0.0770000000
0.3000000000	-0.0772000000
0.2000000000	-0.0774000000
0.2000000000	-0.0776000000
0.2000000000	-0.0778000000
0.2000000000	-0.0780000000
0.2000000000	-0.0781000000
0.2000000000	-0.0781000000
0.2000000000	-0.0781000000
0.2000000000	-0.0781000000
0.2000000000	-0.0781000000
0.2000000000	-0.0781000000
0.2000000000	-0.0781000000
0.2000000000	-0.0781000000
0.2000000000	-0.0781000000
0.2000000000	-0.0781000000
0.2000000000	-0.0781000000
0.2000000000	-0.0781000000
0.2000000000	-0.0781000000
0.1000000000	-0.0784000000
0.1000000000	-0.0789000000
0.1000000000	-0.0791000000
0.1000000000	-0.0795000000
0.1000000000	-0.0797000000
0.1000000000	-0.0800000000
0.1000000000	-0.0803000000
0.1000000000	-0.0805000000
0.1000000000	-0.0809000000
0.2000000000	-0.0811000000
0.2000000000	-0.0812000000
0.2000000000	-0.0812000000
0.2000000000	-0.0812000000
0.2000000000	-0.0812000000
0.2000000000	-0.0812000000
0.2000000000	-0.0812000000
0.2000000000	-0.0812000000
0.2000000000	-0.0812000000
0.2000000000	-0.0812000000
0.2000000000	-0.0812000000
0.2000000000	-0.0812000000
0.2000000000	-0.0812000000
0.2000000000	-0.0812000000
0.2000000000	-0.0812000000
0.2000000000	-0.0812000000
0.2000000000	-0.0813000000
0.3000000000	-0.0817000000
0.3000000000	-0.0820000000
0.4000000000	-0.0821000000
0.5000000000	-0.0825000000
0.5000000000	-0.0827000000
0.6000000000	-0.0831000000
0.7000000000	-0.0833000000
0.7000000000	-0.0834000000
0.7000000000	-0.0836000000
0.7000000000	-0.0836000000
0.7000000000	-0.0836000000
0.7000000000	-0.0836000000
0.7000000000	-0.0836000000
0.7000000000	-0.0836000000
0.7000000000	-0.0836000000
0.7000000000	-0.0836000000
0.7000000000	-0.0836000000
0.7000000000	-0.0836000000
0.7000000000	-0.0836000000
0.7000000000	-0.0836000000
0.7000000000	-0.0836000000
0.7000000000	-0.0836000000
0.7000000000	-0.0836000000
0.7000000000	-0.0836000000
0.8000000000	-0.0838000000
0.8000000000	-0.0845000000
0.8000000000	-0.0846000000
0.8000000000	-0.0846000000
0.8000000000	-0.0847000000
0.8000000000	-0.0847000000
0.7000000000	-0.0850000000
0.7000000000	-0.0851000000
0.7000000000	-0.0853000000
0.6000000000	-0.0857000000
0.5000000000	-0.0860000000
0.4000000000	-0.0863000000
0.4000000000	-0.0865000000
0.3000000000	-0.0867000000
0.3000000000	-0.0867000000
0.3000000000	-0.0867000000
0.3000000000	-0.0867000000
0.3000000000	-0.0867000000
0.3000000000	-0.0867000000
0.3000000000	-0.0867000000
0.3000000000	-0.0867000000
0.3000000000	-0.0867000000
0.3000000000	-0.0867000000
0.3000000000	-0.0867000000
0.3000000000	-0.0867000000
0.3000000000	-0.0867000000
0.3000000000	-0.0867000000
0.2000000000	-0.0871000000
0.1000000000	-0.0875000000
0.2000000000	-0.0880000000
0.2000000000	-0.0882000000
0.2000000000	-0.0883000000
0.3000000000	-0.0884000000
0.3000000000	-0.0885000000
0.5000000000	-0.0887000000
0.9000000000	-0.0892000000
1.2000000000	-0.0893000000
1.3000000000	-0.0895000000
1.7000000000	-0.0897000000
1.9000000000	-0.0897000000
1.9000000000	-0.0897000000
1.9000000000	-0.0897000000
1.9000000000	-0.0897000000
1.9000000000	-0.0897000000
1.9000000000	-0.0897000000
1.9000000000	-0.0897000000
1.9000000000	-0.0897000000
1.9000000000	-0.0897000000
1.9000000000	-0.0897000000
1.9000000000	-0.0897000000
1.9000000000	-0.0897000000
1.9000000000	-0.0897000000
2.0000000000	-0.0899000000
2.8000000000	-0.0901000000
3.3000000000	-0.0904000000
3.4000000000	-0.0904000000
3.9000000000	-0.0906000000
4.9000000000	-0.0910000000
5.6000000000	-0.0911000000
6.4000000000	-0.0913000000
7.6000000000	-0.0917000000
9.1000000000	-0.0922000000
10.8000000000	-0.0927000000
11.8000000000	-0.0929000000
12.2000000000	-0.0930000000
13.0000000000	-0.0932000000
13.1000000000	-0.0933000000
13.2000000000	-0.0933000000
13.2000000000	-0.0933000000
13.2000000000	-0.0933000000
13.2000000000	-0.0933000000
13.2000000000	-0.0933000000
13.2000000000	-0.0933000000
13.2000000000	-0.0933000000
13.2000000000	-0.0933000000
13.2000000000	-0.0933000000
13.2000000000	-0.0933000000
13.2000000000	-0.0933000000
13.2000000000	-0.0933000000
15.1000000000	-0.0939000000
16.2000000000	-0.0945000000
16.5000000000	-0.0946000000
16.6000000000	-0.0948000000
16.8000000000	-0.0949000000
17.0000000000	-0.0951000000
17.1000000000	-0.0954000000
17.0000000000	-0.0960000000
16.3000000000	-0.0964000000
15.9000000000	-0.0966000000
15.1000000000	-0.0970000000
14.9000000000	-0.0970000000
14.9000000000	-0.0970000000
14.9000000000	-0.0970000000
14.8000000000	-0.0970000000
14.8000000000	-0.0970000000
14.9000000000	-0.0970000000
14.9000000000	-0.0970000000
14.8000000000	-0.0970000000
14.8000000000	-0.0970000000
14.9000000000	-0.0970000000
14.9000000000	-0.0970000000
14.9000000000	-0.0971000000
14.3000000000	-0.0975000000
12.1000000000	-0.0980000000
11.9000000000	-0.0981000000
11.4000000000	-0.0983000000
10.2000000000	-0.0986000000
8.4000000000	-0.0990000000
7.5000000000	-0.0993000000
6.5000000000	-0.0997000000
5.6000000000	-0.0999000000
5.1000000000	-0.1001000000
4.2000000000	-0.1005000000
3.8000000000	-0.1005000000
3.8000000000	-0.1005000000
3.7000000000	-0.1005000000
3.7000000000	-0.1005000000
3.7000000000	-0.1005000000
3.7000000000	-0.1005000000
3.7000000000	-0.1005000000
3.7000000000	-0.1005000000
3.7000000000	-0.1005000000
3.7000000000	-0.1005000000
3.7000000000	-0.1005000000
3.7000000000	-0.1005000000
3.7000000000	-0.1005000000
3.7000000000	-0.1005000000
3.7000000000	-0.1006000000
2.9000000000	-0.1011000000
1.5000000000	-0.1015000000
1.2000000000	-0.1018000000
0.9000000000	-0.1021000000
0.5000000000	-0.1026000000
0.3000000000	-0.1029000000
0.1000000000	-0.1034000000
0.1000000000	-0.1036000000
0.1000000000	-0.1037000000
0.1000000000	-0.1038000000
0.1000000000	-0.1040000000
0.1000000000	-0.1040000000
0.1000000000	-0.1040000000
0.1000000000	-0.1040000000
0.1000000000	-0.1040000000
0.1000000000	-0.1040000000
0.1000000000	-0.1040000000
0.1000000000	-0.1040000000
0.1000000000	-0.1040000000
0.1000000000	-0.1040000000
0.1000000000	-0.1040000000
0.1000000000	-0.1040000000
0.1000000000	-0.1040000000
0.1000000000	-0.1041000000
0.4000000000	-0.1049000000
0.5000000000	-0.1053000000
0.5000000000	-0.1055000000
0.6000000000	-0.1057000000
0.7000000000	-0.1060000000
0.7000000000	-0.1062000000
0.8000000000	-0.1064000000
0.8000000000	-0.1065000000
0.8000000000	-0.1068000000
0.8000000000	-0.1069000000
0.8000000000	-0.1069000000
0.8000000000	-0.1069000000
0.8000000000	-0.1069000000
0.8000000000	-0.1069000000
0.8000000000	-0.1069000000
0.8000000000	-0.1069000000
0.8000000000	-0.1069000000
0.8000000000	-0.1069000000
0.8000000000	-0.1069000000
0.8000000000	-0.1069000000
0.8000000000	-0.1069000000
0.8000000000	-0.1069000000
0.8000000000	-0.1069000000
0.8000000000	-0.1069000000
0.9000000000	-0.1072000000
0.8000000000	-0.1076000000
0.8000000000	-0.1078000000
0.8000000000	-0.1078000000
0.8000000000	-0.1080000000
0.7000000000	-0.1082000000
0.6000000000	-0.1086000000
0.6000000000	-0.1088000000
0.5000000000	-0.1089000000
0.5000000000	-0.1091000000
0.4000000000	-0.1093000000
0.4000000000	-0.1095000000
0.3000000000	-0.1096000000
0.3000000000	-0.1096000000
0.3000000000	-0.1096000000
0.3000000000	-0.1096000000
0.3000000000	-0.1096000000
0.3000000000	-0.1096000000
0.3000000000	-0.1096000000
0.3000000000	-0.1096000000
0.3000000000	-0.1096000000
0.3000000000	-0.1096000000
0.3000000000	-0.1096000000
0.3000000000	-0.1096000000
0.3000000000	-0.1096000000
0.3000000000	-0.1096000000
0.3000000000	-0.1097000000
0.2000000000	-0.1103000000
0.1000000000	-0.1107000000
0.1000000000	-0.1110000000
0.1000000000	-0.1112000000
0.1000000000	-0.1114000000
0.1000000000	-0.1115000000
0.1000000000	-0.1117000000
0.1000000000	-0.1120000000
0.1000000000	-0.1123000000
0.1000000000	-0.1124000000
0.2000000000	-0.1124000000
0.2000000000	-0.1124000000
0.2000000000	-0.1124000000
0.2000000000	-0.1124000000
0.2000000000	-0.1124000000
0.2000000000	-0.1124000000
0.2000000000	-0.1124000000
0.2000000000	-0.1124000000
0.2000000000	-0.1124000000
0.2000000000	-0.1124000000
0.2000000000	-0.1124000000
0.2000000000	-0.1124000000
0.2000000000	-0.1124000000
0.2000000000	-0.1128000000
0.3000000000	-0.1134000000
0.3000000000	-0.1136000000
0.3000000000	-0.1139000000
0.3000000000	-0.1141000000
0.3000000000	-0.1145000000
0.3000000000	-0.1147000000
0.3000000000	-0.1149000000
0.3000000000	-0.1151000000
0.3000000000	-0.1152000000
0.3000000000	-0.1154000000
0.3000000000	-0.1155000000
0.3000000000	-0.1157000000
0.3000000000	-0.1161000000
0.2000000000	-0.1162000000
0.2000000000	-0.1162000000
0.2000000000	-0.1162000000
0.2000000000	-0.1162000000
0.2000000000	-0.1162000000
0.2000000000	-0.1162000000
0.2000000000	-0.1162000000
0.2000000000	-0.1162000000
0.2000000000	-0.1162000000
0.2000000000	-0.1162000000
0.2000000000	-0.1162000000
0.2000000000	-0.1162000000
0.2000000000	-0.1162000000
0.2000000000	-0.1163000000
0.2000000000	-0.1168000000
0.2000000000	-0.1172000000
0.1000000000	-0.1174000000
0.1000000000	-0.1176000000
0.1000000000	-0.1179000000
0.1000000000	-0.1183000000
0.1000000000	-0.1185000000
0.1000000000	-0.1187000000
0.0000000000	-0.1190000000
0.0000000000	-0.1193000000
0.1000000000	-0.1196000000
0.1000000000	-0.1197000000
0.1000000000	-0.1198000000
0.1000000000	-0.1197000000
0.1000000000	-0.1197000000
0.1000000000	-0.1197000000
0.1000000000	-0.1197000000
0.1000000000	-0.1197000000
0.1000000000	-0.1197000000
0.1000000000	-0.1197000000
0.1000000000	-0.1197000000
0.1000000000	-0.1197000000
0.1000000000	-0.1197000000
0.1000000000	-0.1197000000
0.1000000000	-0.1198000000
0.1000000000	-0.1202000000
0.1000000000	-0.1207000000
0.1000000000	-0.1210000000
0.1000000000	-0.1213000000
0.2000000000	-0.1215000000
0.2000000000	-0.1218000000
0.2000000000	-0.1221000000
0.2000000000	-0.1223000000
0.2000000000	-0.1226000000
0.2000000000	-0.1229000000
0.2000000000	-0.1231000000
0.2000000000	-0.1234000000
0.1000000000	-0.1235000000
0.1000000000	-0.1235000000
0.1000000000	-0.1235000000
0.1000000000	-0.1235000000
0.1000000000	-0.1235000000
0.1000000000	-0.1235000000
0.1000000000	-0.1235000000
0.1000000000	-0.1235000000
0.1000000000	-0.1235000000
0.1000000000	-0.1235000000
0.1000000000	-0.1235000000
0.1000000000	-0.1235000000
0.1000000000	-0.1235000000
0.1000000000	-0.1239000000
0.1000000000	-0.1244000000
0.1000000000	-0.1246000000
0.1000000000	-0.1248000000
0.1000000000	-0.1251000000
0.1000000000	-0.1253000000
0.1000000000	-0.1255000000
0.1000000000	-0.1258000000
0.1000000000	-0.1262000000
0.0000000000	-0.1265000000
0.0000000000	-0.1268000000
0.0000000000	-0.1269000000
0.0000000000	-0.1270000000
0.0000000000	-0.1272000000
0.0000000000	-0.1272000000
0.0000000000	-0.1271000000
0.0000000000	-0.1271000000
0.0000000000	-0.1271000000
0.0000000000	-0.1271000000
0.0000000000	-0.1271000000
0.0000000000	-0.1271000000
0.0000000000	-0.1271000000
0.0000000000	-0.1272000000
0.0000000000	-0.1272000000
0.0000000000	-0.1272000000
0.0000000000	-0.1275000000
0.1000000000	-0.1282000000
0.1000000000	-0.1285000000
0.1000000000	-0.1285000000
0.1000000000	-0.1287000000
0.1000000000	-0.1290000000
0.1000000000	-0.1292000000
0.1000000000	-0.1295000000
0.1000000000	-0.1298000000
0.1000000000	-0.1302000000
0.1000000000	-0.1304000000
0.1000000000	-0.1305000000
0.1000000000	-0.1306000000
0.1000000000	-0.1308000000
0.1000000000	-0.1308000000
0.1000000000	-0.1308000000
0.1000000000	-0.1308000000
0.1000000000	-0.1308000000
0.1000000000	-0.1308000000
0.1000000000	-0.1308000000
0.1000000000	-0.1308000000
0.1000000000	-0.1308000000
0.1000000000	-0.1308000000
0.1000000000	-0.1308000000
0.1000000000	-0.1308000000
0.1000000000	-0.1308000000
0.1000000000	-0.1311000000
0.1000000000	-0.1318000000
0.1000000000	-0.1320000000
0.1000000000	-0.1322000000
0.1000000000	-0.1324000000
0.1000000000	-0.1326000000
0.1000000000	-0.1330000000
0.1000000000	-0.1335000000
0.1000000000	-0.1339000000
0.0000000000	-0.1341000000
0.0000000000	-0.1343000000
0.0000000000	-0.1344000000
0.0000000000	-0.1345000000
0.0000000000	-0.1345000000
0.0000000000	-0.1345000000
0.0000000000	-0.1345000000
0.0000000000	-0.1345000000
0.0000000000	-0.1345000000
0.0000000000	-0.1345000000
0.0000000000	-0.1345000000
0.0000000000	-0.1345000000
0.0000000000	-0.1345000000
0.0000000000	-0.1345000000
0.0000000000	-0.1345000000
0.0000000000	-0.1345000000
0.0000000000	-0.1347000000
0.0000000000	-0.1356000000
0.0000000000	-0.1358000000
0.1000000000	-0.1360000000
0.1000000000	-0.1363000000
0.1000000000	-0.1364000000
0.1000000000	-0.1367000000
0.1000000000	-0.1369000000
0.1000000000	-0.1371000000
0.1000000000	-0.1377000000
0.1000000000	-0.1379000000
0.1000000000	-0.1379000000
0.1000000000	-0.1379000000
0.1000000000	-0.1379000000
0.1000000000	-0.1378000000
0.1000000000	-0.1378000000
0.1000000000	-0.1378000000
0.1000000000	-0.1378000000
0.1000000000	-0.1378000000
0.1000000000	-0.1378000000
0.1000000000	-0.1378000000
0.1000000000	-0.1379000000
0.1000000000	-0.1379000000
0.1000000000	-0.1379000000
0.1000000000	-0.1382000000
0.1000000000	-0.1386000000
0.1000000000	-0.1388000000
0.1000000000	-0.1390000000
0.1000000000	-0.1392000000
0.1000000000	-0.1395000000
0.1000000000	-0.1400000000
0.1000000000	-0.1402000000
0.1000000000	-0.1405000000
0.1000000000	-0.1411000000
0.1000000000	-0.1412000000
0.1000000000	-0.1413000000
0.0000000000	-0.1414000000
0.0000000000	-0.1414000000
0.0000000000	-0.1414000000
0.0000000000	-0.1414000000
0.0000000000	-0.1414000000
0.0000000000	-0.1414000000
0.0000000000	-0.1414000000
0.0000000000	-0.1414000000
0.0000000000	-0.1414000000
0.0000000000	-0.1414000000
0.0000000000	-0.1414000000
0.0000000000	-0.1414000000
0.0000000000	-0.1415000000
0.0000000000	-0.1420000000
0.0000000000	-0.1424000000
0.0000000000	-0.1425000000
0.0000000000	-0.1428000000
0.0000000000	-0.1433000000
0.0000000000	-0.1436000000
0.0000000000	-0.1439000000
0.0000000000	-0.1442000000
0.1000000000	-0.1444000000
0.1000000000	-0.1447000000
0.1000000000	-0.1450000000
0.1000000000	-0.1451000000
0.1000000000	-0.1453000000
0.1000000000	-0.1453000000
0.1000000000	-0.1453000000
0.1000000000	-0.1452000000
0.1000000000	-0.1452000000
0.1000000000	-0.1452000000
0.1000000000	-0.1452000000
0.1000000000	-0.1452000000
0.1000000000	-0.1452000000
0.1000000000	-0.1452000000
0.1000000000	-0.1452000000
0.1000000000	-0.1453000000
0.1000000000	-0.1453000000
0.1000000000	-0.1457000000
0.1000000000	-0.1464000000
0.1000000000	-0.1464000000
0.1000000000	-0.1465000000
0.1000000000	-0.1468000000
0.1000000000	-0.1470000000
0.1000000000	-0.1472000000
0.1000000000	-0.1476000000
0.1000000000	-0.1479000000
0.1000000000	-0.1484000000
0.1000000000	-0.1485000000
0.1000000000	-0.1485000000
0.1000000000	-0.1485000000
0.1000000000	-0.1485000000
0.1000000000	-0.1485000000
0.1000000000	-0.1485000000
0.1000000000	-0.1485000000
0.1000000000	-0.1485000000
0.1000000000	-0.1485000000
0.1000000000	-0.1485000000
0.1000000000	-0.1485000000
0.1000000000	-0.1485000000
0.1000000000	-0.1485000000
0.1000000000	-0.1485000000
0.1000000000	-0.1486000000
0.0000000000	-0.1490000000
0.0000000000	-0.1496000000
0.0000000000	-0.1501000000
0.0000000000	-0.1501000000
0.0000000000	-0.1502000000
0.0000000000	-0.1504000000
0.0000000000	-0.1504000000
0.0000000000	-0.1509000000
0.0000000000	-0.1516000000
0.0000000000	-0.1519000000
0.0000000000	-0.1519000000
0.0000000000	-0.1519000000
0.0000000000	-0.1519000000
0.0000000000	-0.1519000000
0.0000000000	-0.1520000000
0.0000000000	-0.1520000000
0.0000000000	-0.1520000000
0.0000000000	-0.1520000000
0.0000000000	-0.1520000000
0.0000000000	-0.1520000000
0.0000000000	-0.1520000000
0.0000000000	-0.1520000000
0.0000000000	-0.1520000000
0.0000000000	-0.1520000000
0.0000000000	-0.1520000000
0.0000000000	-0.1520000000
0.1000000000	-0.1526000000
0.1000000000	-0.1529000000
0.1000000000	-0.1531000000
0.1000000000	-0.1538000000
0.1000000000	-0.1542000000
0.1000000000	-0.1546000000
0.1000000000	-0.1550000000
0.1000000000	-0.1551000000
0.1000000000	-0.1554000000
0.1000000000	-0.1556000000
0.1000000000	-0.1556000000
0.1000000000	-0.1556000000
0.1000000000	-0.1556000000
0.1000000000	-0.1556000000
0.1000000000	-0.1556000000
0.1000000000	-0.1556000000
0.1000000000	-0.1556000000
0.1000000000	-0.1556000000
0.1000000000	-0.1556000000
0.1000000000	-0.1556000000
0.1000000000	-0.1556000000
0.1000000000	-0.1556000000
0.0000000000	-0.1562000000
0.0000000000	-0.1571000000
0.0000000000	-0.1575000000
0.0000000000	-0.1582000000
0.0000000000	-0.1587000000
0.0000000000	-0.1588000000
0.0000000000	-0.1593000000
0.0000000000	-0.1596000000
0.0000000000	-0.1597000000
0.0000000000	-0.1602000000
0.1000000000	-0.1607000000
0.1000000000	-0.1608000000
0.1000000000	-0.1608000000
0.1000000000	-0.1608000000
0.1000000000	-0.1608000000
0.1000000000	-0.1608000000
0.1000000000	-0.1608000000
0.1000000000	-0.1608000000
0.1000000000	-0.1608000000
0.1000000000	-0.1608000000
0.1000000000	-0.1608000000
0.1000000000	-0.1608000000
0.1000000000	-0.1608000000
0.1000000000	-0.1608000000
0.1000000000	-0.1613000000
0.1000000000	-0.1621000000
0.1000000000	-0.1624000000
0.1000000000	-0.1630000000
0.0000000000	-0.1637000000
0.0000000000	-0.1639000000
0.0000000000	-0.1644000000
0.0000000000	-0.1651000000
0.0000000000	-0.1652000000
0.0000000000	-0.1657000000
0.0000000000	-0.1658000000
0.0000000000	-0.1658000000
0.0000000000	-0.1658000000
0.0000000000	-0.1658000000
0.0000000000	-0.1658000000
0.0000000000	-0.1658000000
0.0000000000	-0.1658000000
0.0000000000	-0.1658000000
0.0000000000	-0.1658000000
0.0000000000	-0.1658000000
0.0000000000	-0.1658000000
0.0000000000	-0.1658000000
0.0000000000	-0.1658000000
0.0000000000	-0.1659000000
0.0000000000	-0.1663000000
0.0000000000	-0.1670000000
0.0000000000	-0.1672000000
0.0000000000	-0.1674000000
0.0000000000	-0.1680000000
0.0000000000	-0.1684000000
0.0000000000	-0.1686000000
0.0000000000	-0.1690000000
0.1000000000	-0.1693000000
0.1000000000	-0.1694000000
0.1000000000	-0.1700000000
0.1000000000	-0.1702000000
0.1000000000	-0.1703000000
0.1000000000	-0.1703000000
0.1000000000	-0.1702000000
0.1000000000	-0.1702000000
0.1000000000	-0.1702000000
0.1000000000	-0.1702000000
0.1000000000	-0.1702000000
0.1000000000	-0.1702000000
0.1000000000	-0.1702000000
0.1000000000	-0.1702000000
0.1000000000	-0.1702000000
0.1000000000	-0.1702000000
0.1000000000	-0.1705000000
0.0000000000	-0.1715000000
0.0000000000	-0.1722000000
0.0000000000	-0.1727000000
0.0000000000	-0.1729000000
0.0000000000	-0.1733000000
0.0000000000	-0.1734000000
0.0000000000	-0.1737000000
0.0000000000	-0.1743000000
0.0000000000	-0.1747000000
0.0000000000	-0.1749000000
0.0000000000	-0.1754000000
0.0000000000	-0.1758000000
0.0000000000	-0.1758000000
0.0000000000	-0.1758000000
0.0000000000	-0.1758000000
0.0000000000	-0.1758000000
0.0000000000	-0.1758000000
0.0000000000	-0.1758000000
0.0000000000	-0.1758000000
0.0000000000	-0.1758000000
0.0000000000	-0.1758000000
0.0000000000	-0.1758000000
0.0000000000	-0.1758000000
0.0000000000	-0.1764000000
0.0000000000	-0.1770000000
0.0000000000	-0.1772000000
0.0000000000	-0.1779000000
0.1000000000	-0.1784000000
0.1000000000	-0.1787000000
0.0000000000	-0.1793000000
0.0000000000	-0.1798000000
0.0000000000	-0.1798000000
0.0000000000	-0.1798000000
0.0000000000	-0.1798000000
0.0000000000	-0.1798000000
0.0000000000	-0.1798000000
0.0000000000	-0.1798000000
0.0000000000	-0.1798000000
0.0000000000	-0.1798000000
0.0000000000	-0.1798000000
0.0000000000	-0.1798000000
0.0000000000	-0.1798000000
0.0000000000	-0.1798000000
0.0000000000	-0.1798000000
0.0000000000	-0.1798000000
0.0000000000	-0.1798000000
0.0000000000	-0.1798000000
0.0000000000	-0.1798000000
0.0000000000	-0.1798000000
0.0000000000	-0.1798000000
0.0000000000	-0.1796000000
0.0000000000	-0.1794000000
0.0000000000	-0.1794000000
0.0000000000	-0.1791000000
0.0000000000	-0.1786000000
0.0000000000	-0.1784000000
0.1000000000	-0.1781000000
0.1000000000	-0.1779000000
0.1000000000	-0.1778000000
0.1000000000	-0.1776000000
0.1000000000	-0.1775000000
0.1000000000	-0.1773000000
0.0000000000	-0.1770000000
0.0000000000	-0.1767000000
0.0000000000	-0.1766000000
0.0000000000	-0.1761000000
0.0000000000	-0.1751000000
0.0000000000	-0.1749000000
0.0000000000	-0.1749000000
0.0000000000	-0.1749000000
0.0000000000	-0.1749000000
0.0000000000	-0.1749000000
0.0000000000	-0.1749000000
0.0000000000	-0.1749000000
0.0000000000	-0.1749000000
0.0000000000	-0.1749000000
0.0000000000	-0.1749000000
0.0000000000	-0.1749000000
0.0000000000	-0.1749000000
0.0000000000	-0.1748000000
0.0000000000	-0.1746000000
0.0000000000	-0.1742000000
0.0000000000	-0.1740000000
0.0000000000	-0.1739000000
0.0000000000	-0.1732000000
0.0000000000	-0.1729000000
0.0000000000	-0.1728000000
0.0000000000	-0.1721000000
0.0000000000	-0.1717000000
0.0000000000	-0.1716000000
0.0000000000	-0.1714000000
0.0000000000	-0.1713000000
0.0000000000	-0.1711000000
0.0000000000	-0.1709000000
0.0000000000	-0.1709000000
0.0000000000	-0.1709000000
0.0000000000	-0.1709000000
0.0000000000	-0.1709000000
0.0000000000	-0.1709000000
0.0000000000	-0.1709000000
0.0000000000	-0.1709000000
0.0000000000	-0.1709000000
0.0000000000	-0.1709000000
0.0000000000	-0.1709000000
0.0000000000	-0.1709000000
0.1000000000	-0.1706000000
0.1000000000	-0.1701000000
0.1000000000	-0.1700000000
0.1000000000	-0.1695000000
0.1000000000	-0.1690000000
0.1000000000	-0.1690000000
0.0000000000	-0.1686000000
0.0000000000	-0.1685000000
0.0000000000	-0.1685000000
0.0000000000	-0.1681000000
0.0000000000	-0.1680000000
0.0000000000	-0.1679000000
0.0000000000	-0.1678000000
0.0000000000	-0.1677000000
0.0000000000	-0.1677000000
0.0000000000	-0.1677000000
0.0000000000	-0.1677000000
0.0000000000	-0.1677000000
0.0000000000	-0.1677000000
0.0000000000	-0.1677000000
0.0000000000	-0.1677000000
0.0000000000	-0.1677000000
0.0000000000	-0.1677000000
0.0000000000	-0.1675000000
0.0000000000	-0.1671000000
0.0000000000	-0.1668000000
0.0000000000	-0.1665000000
0.0000000000	-0.1662000000
0.0000000000	-0.1657000000
0.0000000000	-0.1654000000
0.0000000000	-0.1652000000
0.0000000000	-0.1649000000
0.0000000000	-0.1648000000
0.0000000000	-0.1647000000
0.0000000000	-0.1642000000
0.0000000000	-0.1639000000
0.0000000000	-0.1639000000
0.0000000000	-0.1639000000
0.0000000000	-0.1639000000
0.0000000000	-0.1639000000
0.0000000000	-0.1639000000
0.0000000000	-0.1639000000
0.0000000000	-0.1639000000
0.0000000000	-0.1639000000
0.0000000000	-0.1639000000
0.0000000000	-0.1639000000
0.0000000000	-0.1639000000
0.0000000000	-0.1634000000
0.1000000000	-0.1626000000
0.1000000000	-0.1623000000
0.1000000000	-0.1620000000
0.1000000000	-0.1614000000
0.1000000000	-0.1613000000
0.1000000000	-0.1611000000
0.1000000000	-0.1609000000
0.1000000000	-0.1607000000
0.1000000000	-0.1606000000
0.1000000000	-0.1602000000
0.0000000000	-0.1596000000
0.0000000000	-0.1593000000
0.0000000000	-0.1593000000
0.0000000000	-0.1593000000
0.0000000000	-0.1593000000
0.0000000000	-0.1594000000
0.0000000000	-0.1594000000
0.0000000000	-0.1594000000
0.0000000000	-0.1594000000
0.0000000000	-0.1594000000
0.0000000000	-0.1594000000
0.0000000000	-0.1592000000
0.0000000000	-0.1588000000
0.0000000000	-0.1581000000
0.0000000000	-0.1580000000
0.0000000000	-0.1573000000
0.0000000000	-0.1571000000
0.0000000000	-0.1570000000
0.0000000000	-0.1565000000
0.0000000000	-0.1562000000
0.0000000000	-0.1561000000
0.0000000000	-0.1557000000
0.1000000000	-0.1555000000
0.1000000000	-0.1551000000
0.1000000000	-0.1545000000
0.1000000000	-0.1544000000
0.1000000000	-0.1544000000
0.1000000000	-0.1544000000
0.1000000000	-0.1544000000
0.1000000000	-0.1546000000
0.1000000000	-0.1546000000
0.1000000000	-0.1546000000
0.1000000000	-0.1546000000
0.1000000000	-0.1545000000
0.1000000000	-0.1545000000
0.1000000000	-0.1543000000
0.1000000000	-0.1540000000
0.1000000000	-0.1535000000
0.1000000000	-0.1531000000
0.1000000000	-0.1523000000
0.0000000000	-0.1518000000
0.0000000000	-0.1517000000
0.0000000000	-0.1513000000
0.0000000000	-0.1509000000
0.0000000000	-0.1505000000
0.0000000000	-0.1498000000
0.0000000000	-0.1496000000
0.0000000000	-0.1492000000
0.0000000000	-0.1487000000
0.0000000000	-0.1488000000
0.0000000000	-0.1488000000
0.0000000000	-0.1489000000
0.0000000000	-0.1489000000
0.0000000000	-0.1489000000
0.0000000000	-0.1489000000
0.0000000000	-0.1489000000
0.0000000000	-0.1488000000
0.0000000000	-0.1488000000
0.0000000000	-0.1485000000
0.0000000000	-0.1480000000
0.1000000000	-0.1477000000
0.1000000000	-0.1471000000
0.1000000000	-0.1467000000
0.1000000000	-0.1467000000
0.1000000000	-0.1464000000
0.1000000000	-0.1462000000
0.1000000000	-0.1458000000
0.1000000000	-0.1455000000
0.1000000000	-0.1453000000
0.1000000000	-0.1445000000
0.1000000000	-0.1442000000
0.1000000000	-0.1439000000
0.0000000000	-0.1433000000
0.0000000000	-0.1431000000
0.0000000000	-0.1431000000
0.0000000000	-0.1432000000
0.0000000000	-0.1432000000
0.0000000000	-0.1432000000
0.0000000000	-0.1432000000
0.0000000000	-0.1432000000
0.0000000000	-0.1432000000
0.0000000000	-0.1432000000
0.0000000000	-0.1431000000
0.0000000000	-0.1431000000
0.0000000000	-0.1427000000
0.0000000000	-0.1421000000
0.0000000000	-0.1414000000
0.0000000000	-0.1410000000
0.1000000000	-0.1406000000
0.1000000000	-0.1402000000
0.1000000000	-0.1398000000
0.1000000000	-0.1394000000
0.1000000000	-0.1392000000
0.1000000000	-0.1390000000
0.1000000000	-0.1388000000
0.1000000000	-0.1386000000
0.1000000000	-0.1383000000
0.1000000000	-0.1382000000
0.1000000000	-0.1382000000
0.1000000000	-0.1382000000
0.1000000000	-0.1382000000
0.1000000000	-0.1382000000
0.1000000000	-0.1382000000
0.1000000000	-0.1382000000
0.1000000000	-0.1382000000
0.1000000000	-0.1382000000
0.1000000000	-0.1382000000
0.1000000000	-0.1382000000
0.1000000000	-0.1378000000
0.1000000000	-0.1372000000
0.1000000000	-0.1368000000
0.1000000000	-0.1365000000
0.1000000000	-0.1363000000
0.1000000000	-0.1361000000
0.1000000000	-0.1358000000
0.1000000000	-0.1355000000
0.0000000000	-0.1351000000
0.0000000000	-0.1349000000
0.0000000000	-0.1347000000
0.0000000000	-0.1345000000
0.0000000000	-0.1342000000
0.0000000000	-0.1342000000
0.0000000000	-0.1342000000
0.0000000000	-0.1342000000
0.0000000000	-0.1343000000
0.0000000000	-0.1343000000
0.0000000000	-0.1343000000
0.0000000000	-0.1343000000
0.0000000000	-0.1343000000
0.0000000000	-0.1343000000
0.0000000000	-0.1342000000
0.0000000000	-0.1342000000
0.1000000000	-0.1339000000
0.1000000000	-0.1335000000
0.1000000000	-0.1331000000
0.1000000000	-0.1329000000
0.1000000000	-0.1327000000
0.1000000000	-0.1325000000
0.1000000000	-0.1323000000
0.1000000000	-0.1321000000
0.1000000000	-0.1318000000
0.1000000000	-0.1316000000
0.1000000000	-0.1313000000
0.1000000000	-0.1309000000
0.1000000000	-0.1306000000
0.1000000000	-0.1304000000
0.1000000000	-0.1304000000
0.1000000000	-0.1304000000
0.1000000000	-0.1304000000
0.1000000000	-0.1304000000
0.1000000000	-0.1304000000
0.1000000000	-0.1304000000
0.1000000000	-0.1304000000
0.1000000000	-0.1304000000
0.1000000000	-0.1304000000
0.1000000000	-0.1304000000
0.1000000000	-0.1298000000
0.1000000000	-0.1294000000
0.1000000000	-0.1290000000
0.1000000000	-0.1286000000
0.1000000000	-0.1282000000
0.0000000000	-0.1277000000
0.0000000000	-0.1274000000
0.0000000000	-0.1270000000
0.0000000000	-0.1268000000
0.0000000000	-0.1265000000
0.0000000000	-0.1262000000
0.1000000000	-0.1261000000
0.1000000000	-0.1260000000
0.1000000000	-0.1260000000
0.1000000000	-0.1261000000
0.1000000000	-0.1262000000
0.1000000000	-0.1262000000
0.1000000000	-0.1262000000
0.1000000000	-0.1262000000
0.1000000000	-0.1261000000
0.1000000000	-0.1261000000
0.1000000000	-0.1261000000
0.1000000000	-0.1255000000
0.1000000000	-0.1250000000
0.1000000000	-0.1247000000
0.1000000000	-0.1241000000
0.1000000000	-0.1239000000
0.1000000000	-0.1235000000
0.2000000000	-0.1231000000
0.2000000000	-0.1229000000
0.2000000000	-0.1223000000
0.2000000000	-0.1217000000
0.2000000000	-0.1216000000
0.1000000000	-0.1211000000
0.1000000000	-0.1209000000
0.1000000000	-0.1209000000
0.1000000000	-0.1209000000
0.1000000000	-0.1210000000
0.1000000000	-0.1210000000
0.1000000000	-0.1210000000
0.1000000000	-0.1210000000
0.1000000000	-0.1210000000
0.1000000000	-0.1210000000
0.1000000000	-0.1209000000
0.1000000000	-0.1209000000
0.1000000000	-0.1201000000
0.1000000000	-0.1197000000
0.1000000000	-0.1194000000
0.0000000000	-0.1190000000
0.1000000000	-0.1187000000
0.1000000000	-0.1184000000
0.1000000000	-0.1180000000
0.1000000000	-0.1178000000
0.1000000000	-0.1173000000
0.2000000000	-0.1169000000
0.2000000000	-0.1169000000
0.2000000000	-0.1167000000
0.2000000000	-0.1164000000
0.3000000000	-0.1160000000
0.3000000000	-0.1158000000
0.3000000000	-0.1158000000
0.3000000000	-0.1158000000
0.3000000000	-0.1158000000
0.3000000000	-0.1158000000
0.3000000000	-0.1158000000
0.3000000000	-0.1158000000
0.3000000000	-0.1158000000
0.3000000000	-0.1158000000
0.3000000000	-0.1158000000
0.3000000000	-0.1154000000
0.3000000000	-0.1149000000
0.3000000000	-0.1145000000
0.3000000000	-0.1142000000
0.3000000000	-0.1141000000
0.3000000000	-0.1137000000
0.3000000000	-0.1133000000
0.2000000000	-0.1130000000
0.2000000000	-0.1126000000
0.2000000000	-0.1121000000
0.1000000000	-0.1116000000
0.1000000000	-0.1113000000
0.1000000000	-0.1112000000
0.1000000000	-0.1112000000
0.1000000000	-0.1112000000
0.1000000000	-0.1112000000
0.1000000000	-0.1112000000
0.1000000000	-0.1112000000
0.1000000000	-0.1112000000
0.1000000000	-0.1112000000
0.1000000000	-0.1112000000
0.1000000000	-0.1112000000
0.1000000000	-0.1112000000
0.1000000000	-0.1108000000
0.1000000000	-0.1105000000
0.1000000000	-0.1102000000
0.1000000000	-0.1101000000
0.1000000000	-0.1099000000
0.2000000000	-0.1096000000
0.4000000000	-0.1091000000
0.5000000000	-0.1089000000
0.7000000000	-0.1082000000
0.8000000000	-0.1079000000
0.8000000000	-0.1077000000
0.8000000000	-0.1075000000
0.9000000000	-0.1072000000
0.9000000000	-0.1069000000
0.9000000000	-0.1069000000
0.9000000000	-0.1069000000
0.8000000000	-0.1070000000
0.8000000000	-0.1070000000
0.8000000000	-0.1070000000
0.8000000000	-0.1070000000
0.8000000000	-0.1070000000
0.8000000000	-0.1070000000
0.8000000000	-0.1070000000
0.8000000000	-0.1070000000
0.8000000000	-0.1070000000
0.8000000000	-0.1070000000
0.8000000000	-0.1069000000
0.8000000000	-0.1065000000
0.8000000000	-0.1063000000
0.7000000000	-0.1059000000
0.7000000000	-0.1056000000
0.6000000000	-0.1055000000
0.5000000000	-0.1050000000
0.4000000000	-0.1047000000
0.3000000000	-0.1045000000
0.2000000000	-0.1041000000
0.1000000000	-0.1039000000
0.1000000000	-0.1037000000
0.1000000000	-0.1031000000
0.3000000000	-0.1027000000
0.4000000000	-0.1026000000
0.4000000000	-0.1026000000
0.5000000000	-0.1026000000
0.5000000000	-0.1026000000
0.5000000000	-0.1026000000
0.5000000000	-0.1026000000
0.5000000000	-0.1026000000
0.5000000000	-0.1026000000
0.5000000000	-0.1026000000
0.5000000000	-0.1026000000
0.5000000000	-0.1026000000
0.5000000000	-0.1026000000
0.7000000000	-0.1023000000
1.1000000000	-0.1020000000
1.8000000000	-0.1015000000
2.4000000000	-0.1012000000
2.9000000000	-0.1009000000
3.4000000000	-0.1006000000
3.9000000000	-0.1002000000
5.4000000000	-0.0999000000
7.2000000000	-0.0994000000
8.3000000000	-0.0991000000
8.5000000000	-0.0991000000
8.8000000000	-0.0990000000
9.5000000000	-0.0988000000
9.7000000000	-0.0987000000
9.8000000000	-0.0987000000
9.8000000000	-0.0987000000
9.7000000000	-0.0987000000
9.7000000000	-0.0987000000
9.7000000000	-0.0987000000
9.8000000000	-0.0987000000
9.8000000000	-0.0987000000
9.8000000000	-0.0987000000
9.8000000000	-0.0987000000
9.8000000000	-0.0987000000
9.8000000000	-0.0987000000
11.3000000000	-0.0982000000
13.2000000000	-0.0976000000
13.6000000000	-0.0975000000
14.2000000000	-0.0970000000
14.7000000000	-0.0968000000
14.8000000000	-0.0968000000
15.2000000000	-0.0966000000
16.1000000000	-0.0962000000
16.7000000000	-0.0958000000
16.8000000000	-0.0955000000
16.7000000000	-0.0953000000
16.5000000000	-0.0950000000
16.1000000000	-0.0946000000
15.0000000000	-0.0942000000
13.9000000000	-0.0937000000
12.7000000000	-0.0933000000
12.5000000000	-0.0933000000
12.5000000000	-0.0933000000
12.6000000000	-0.0933000000
12.6000000000	-0.0933000000
12.6000000000	-0.0933000000
12.6000000000	-0.0933000000
12.6000000000	-0.0933000000
12.5000000000	-0.0933000000
12.5000000000	-0.0933000000
12.5000000000	-0.0933000000
11.8000000000	-0.0930000000
9.4000000000	-0.0923000000
8.5000000000	-0.0919000000
5.8000000000	-0.0913000000
4.6000000000	-0.0909000000
4.1000000000	-0.0906000000
2.5000000000	-0.0899000000
1.1000000000	-0.0893000000
0.9000000000	-0.0892000000
0.6000000000	-0.0890000000
0.6000000000	-0.0890000000
0.6000000000	-0.0890000000
0.6000000000	-0.0890000000
0.6000000000	-0.0890000000
0.6000000000	-0.0890000000
0.6000000000	-0.0890000000
0.6000000000	-0.0890000000
0.6000000000	-0.0890000000
0.6000000000	-0.0890000000
0.6000000000	-0.0890000000
0.6000000000	-0.0890000000
0.6000000000	-0.0890000000
0.3000000000	-0.0883000000
0.1000000000	-0.0875000000
0.2000000000	-0.0871000000
0.2000000000	-0.0866000000
0.5000000000	-0.0860000000
0.6000000000	-0.0858000000
0.7000000000	-0.0853000000
0.7000000000	-0.0851000000
0.7000000000	-0.0849000000
0.7000000000	-0.0847000000
0.8000000000	-0.0844000000
0.8000000000	-0.0843000000
0.8000000000	-0.0843000000
0.8000000000	-0.0844000000
0.8000000000	-0.0844000000
0.8000000000	-0.0844000000
0.8000000000	-0.0844000000
0.8000000000	-0.0844000000
0.8000000000	-0.0844000000
0.8000000000	-0.0844000000
0.8000000000	-0.0844000000
0.8000000000	-0.0844000000
0.8000000000	-0.0844000000
0.8000000000	-0.0844000000
0.8000000000	-0.0843000000
0.8000000000	-0.0841000000
0.7000000000	-0.0836000000
0.7000000000	-0.0834000000
0.6000000000	-0.0829000000
0.5000000000	-0.0825000000
0.4000000000	-0.0822000000
0.3000000000	-0.0817000000
0.2000000000	-0.0812000000
0.1000000000	-0.0809000000
0.1000000000	-0.0805000000
0.1000000000	-0.0804000000
0.1000000000	-0.0801000000
0.1000000000	-0.0795000000
0.1000000000	-0.0792000000
0.1000000000	-0.0792000000
0.1000000000	-0.0792000000
0.1000000000	-0.0792000000
0.1000000000	-0.0792000000
0.1000000000	-0.0792000000
0.1000000000	-0.0792000000
0.1000000000	-0.0792000000
0.1000000000	-0.0792000000
0.1000000000	-0.0792000000
0.1000000000	-0.0792000000
0.1000000000	-0.0788000000
0.1000000000	-0.0784000000
0.1000000000	-0.0782000000
0.2000000000	-0.0779000000
0.2000000000	-0.0777000000
0.2000000000	-0.0776000000
0.2000000000	-0.0772000000
0.3000000000	-0.0765000000
0.3000000000	-0.0759000000
0.3000000000	-0.0753000000
0.2000000000	-0.0748000000
0.2000000000	-0.0745000000
0.2000000000	-0.0743000000
0.1000000000	-0.0741000000
0.1000000000	-0.0739000000
0.1000000000	-0.0739000000
0.1000000000	-0.0739000000
0.1000000000	-0.0739000000
0.1000000000	-0.0739000000
0.1000000000	-0.0739000000
0.1000000000	-0.0739000000
0.1000000000	-0.0739000000
0.1000000000	-0.0739000000
0.1000000000	-0.0739000000
0.1000000000	-0.0739000000
0.1000000000	-0.0732000000
0.1000000000	-0.0728000000
0.0000000000	-0.0725000000
0.0000000000	-0.0723000000
0.0000000000	-0.0721000000
0.0000000000	-0.0717000000
0.1000000000	-0.0711000000
0.1000000000	-0.0707000000
0.1000000000	-0.0703000000
0.1000000000	-0.0697000000
0.1000000000	-0.0693000000
0.1000000000	-0.0691000000
0.1000000000	-0.0689000000
0.1000000000	-0.0689000000
0.1000000000	-0.0689000000
0.1000000000	-0.0689000000
0.1000000000	-0.0689000000
0.1000000000	-0.0689000000
0.1000000000	-0.0689000000
0.1000000000	-0.0689000000
0.1000000000	-0.0689000000
0.1000000000	-0.0689000000
0.1000000000	-0.0689000000
0.1000000000	-0.0682000000
0.1000000000	-0.0676000000
0.1000000000	-0.0670000000
0.1000000000	-0.0664000000
0.1000000000	-0.0660000000
0.1000000000	-0.0655000000
0.0000000000	-0.0652000000
0.0000000000	-0.0649000000
0.0000000000	-0.0644000000
0.0000000000	-0.0641000000
0.0000000000	-0.0638000000
0.0000000000	-0.0636000000
0.0000000000	-0.0636000000
0.0000000000	-0.0636000000
0.0000000000	-0.0637000000
0.0000000000	-0.0637000000
0.0000000000	-0.0637000000
0.0000000000	-0.0637000000
0.0000000000	-0.0637000000
0.0000000000	-0.0636000000
0.0000000000	-0.0636000000
0.1000000000	-0.0630000000
0.1000000000	-0.0624000000
0.1000000000	-0.0619000000
0.1000000000	-0.0614000000
0.1000000000	-0.0611000000
0.1000000000	-0.0607000000
0.1000000000	-0.0604000000
0.1000000000	-0.0600000000
0.1000000000	-0.0595000000
0.1000000000	-0.0593000000
0.1000000000	-0.0593000000
0.1000000000	-0.0593000000
0.1000000000	-0.0593000000
0.1000000000	-0.0593000000
0.1000000000	-0.0593000000
0.1000000000	-0.0593000000
0.1000000000	-0.0593000000
0.1000000000	-0.0593000000
0.1000000000	-0.0593000000
0.1000000000	-0.0593000000
0.1000000000	-0.0593000000
0.1000000000	-0.0593000000
0.1000000000	-0.0587000000
0.1000000000	-0.0581000000
0.1000000000	-0.0577000000
0.0000000000	-0.0575000000
0.0000000000	-0.0572000000
0.0000000000	-0.0568000000
0.0000000000	-0.0564000000
0.0000000000	-0.0562000000
0.0000000000	-0.0560000000
0.0000000000	-0.0559000000
0.0000000000	-0.0559000000
0.0000000000	-0.0559000000
0.0000000000	-0.0560000000
0.0000000000	-0.0560000000
0.0000000000	-0.0560000000
0.0000000000	-0.0560000000
0.0000000000	-0.0560000000
0.0000000000	-0.0560000000
0.0000000000	-0.0559000000
0.0000000000	-0.0559000000
0.0000000000	-0.0559000000
0.0000000000	-0.0554000000
0.0000000000	-0.0547000000
0.1000000000	-0.0540000000
0.1000000000	-0.0534000000
0.1000000000	-0.0531000000
0.1000000000	-0.0527000000
0.1000000000	-0.0523000000
0.1000000000	-0.0522000000
0.1000000000	-0.0518000000
0.1000000000	-0.0516000000
0.1000000000	-0.0516000000
0.1000000000	-0.0516000000
0.1000000000	-0.0516000000
0.1000000000	-0.0516000000
0.1000000000	-0.0516000000
0.1000000000	-0.0516000000
0.1000000000	-0.0516000000
0.1000000000	-0.0516000000
0.1000000000	-0.0516000000
0.1000000000	-0.0516000000
0.1000000000	-0.0515000000
0.1000000000	-0.0508000000
0.0000000000	-0.0502000000
0.0000000000	-0.0497000000
0.0000000000	-0.0493000000
0.0000000000	-0.0489000000
0.0000000000	-0.0486000000
0.0000000000	-0.0485000000
0.0000000000	-0.0482000000
0.0000000000	-0.0481000000
0.0000000000	-0.0481000000
0.0000000000	-0.0481000000
0.0000000000	-0.0482000000
0.0000000000	-0.0482000000
0.0000000000	-0.0482000000
0.0000000000	-0.0482000000
0.0000000000	-0.0482000000
0.0000000000	-0.0481000000
0.0000000000	-0.0481000000
0.0000000000	-0.0481000000
0.0000000000	-0.0480000000
0.0000000000	-0.0477000000
0.0000000000	-0.0474000000
0.0000000000	-0.0470000000
0.0000000000	-0.0466000000
0.0000000000	-0.0462000000
0.1000000000	-0.0460000000
0.1000000000	-0.0457000000
0.1000000000	-0.0454000000
0.1000000000	-0.0452000000
0.1000000000	-0.0450000000
0.1000000000	-0.0448000000
0.1000000000	-0.0447000000
0.1000000000	-0.0448000000
0.1000000000	-0.0448000000
0.1000000000	-0.0448000000
0.1000000000	-0.0448000000
0.1000000000	-0.0448000000
0.1000000000	-0.0448000000
0.1000000000	-0.0448000000
0.1000000000	-0.0448000000
0.1000000000	-0.0448000000
0.1000000000	-0.0448000000
0.1000000000	-0.0446000000
0.1000000000	-0.0443000000
0.1000000000	-0.0437000000
0.0000000000	-0.0432000000
0.0000000000	-0.0427000000
0.0000000000	-0.0422000000
0.0000000000	-0.0418000000
0.0000000000	-0.0413000000
0.0000000000	-0.0409000000
0.0000000000	-0.0407000000
0.0000000000	-0.0407000000
0.0000000000	-0.0407000000
0.0000000000	-0.0407000000
0.0000000000	-0.0407000000
0.0000000000	-0.0407000000
0.0000000000	-0.0407000000
0.0000000000	-0.0407000000
0.0000000000	-0.0407000000
0.0000000000	-0.0407000000
0.0000000000	-0.0407000000
0.0000000000	-0.0406000000
0.0000000000	-0.0399000000
0.0000000000	-0.0393000000
0.0000000000	-0.0388000000
0.0000000000	-0.0382000000
0.0000000000	-0.0380000000
0.0000000000	-0.0378000000
0.0000000000	-0.0372000000
0.0000000000	-0.0368000000
0.0000000000	-0.0365000000
0.0000000000	-0.0364000000
0.0000000000	-0.0364000000
0.0000000000	-0.0365000000
0.0000000000	-0.0365000000
0.0000000000	-0.0365000000
0.0000000000	-0.0365000000
0.0000000000	-0.0365000000
0.0000000000	-0.0365000000
0.0000000000	-0.0365000000
0.0000000000	-0.0364000000
0.0000000000	-0.0364000000
0.0000000000	-0.0364000000
0.0000000000	-0.0359000000
0.0000000000	-0.0353000000
0.0000000000	-0.0349000000
0.0000000000	-0.0344000000
0.0000000000	-0.0339000000
0.0000000000	-0.0333000000
0.0000000000	-0.0327000000
0.0000000000	-0.0324000000
0.0000000000	-0.0319000000
0.0000000000	-0.0316000000
0.0000000000	-0.0316000000
0.0000000000	-0.0316000000
0.0000000000	-0.0316000000
0.0000000000	-0.0317000000
0.0000000000	-0.0317000000
0.0000000000	-0.0317000000
0.0000000000	-0.0317000000
0.0000000000	-0.0317000000
0.0000000000	-0.0317000000
0.0000000000	-0.0317000000
0.0000000000	-0.0317000000
0.0000000000	-0.0316000000
0.0000000000	-0.0316000000
0.0000000000	-0.0312000000
0.0000000000	-0.0305000000
0.0000000000	-0.0301000000
0.0000000000	-0.0295000000
0.0000000000	-0.0291000000
0.0000000000	-0.0287000000
0.0000000000	-0.0285000000
0.0000000000	-0.0280000000
0.0000000000	-0.0275000000
0.0000000000	-0.0271000000
0.0000000000	-0.0267000000
0.0000000000	-0.0263000000
0.0000000000	-0.0261000000
0.0000000000	-0.0261000000
0.0000000000	-0.0262000000
0.0000000000	-0.0261000000
0.0000000000	-0.0261000000
0.0000000000	-0.0261000000
0.0000000000	-0.0261000000
0.0000000000	-0.0261000000
0.0000000000	-0.0261000000
0.0000000000	-0.0261000000
0.0000000000	-0.0258000000
0.0000000000	-0.0252000000
0.0000000000	-0.0249000000
0.0000000000	-0.0243000000
0.0000000000	-0.0233000000
0.0000000000	-0.0230000000
0.0000000000	-0.0224000000
0.0000000000	-0.0220000000
0.0000000000	-0.0218000000
0.0000000000	-0.0216000000
0.0000000000	-0.0213000000
0.0000000000	-0.0212000000
0.0000000000	-0.0212000000
0.0000000000	-0.0212000000
0.0000000000	-0.0212000000
0.0000000000	-0.0212000000
0.0000000000	-0.0212000000
0.0000000000	-0.0212000000
0.0000000000	-0.0212000000
0.0000000000	-0.0212000000
0.0000000000	-0.0212000000
0.0000000000	-0.0207000000
0.0000000000	-0.0206000000
0.0000000000	-0.0203000000
0.0000000000	-0.0199000000
0.0000000000	-0.0197000000
0.0000000000	-0.0193000000
0.0000000000	-0.0189000000
0.0000000000	-0.0186000000
0.0000000000	-0.0183000000
0.0000000000	-0.0180000000
0.0000000000	-0.0178000000
0.0000000000	-0.0176000000
0.0000000000	-0.0170000000
0.0000000000	-0.0166000000
0.0000000000	-0.0165000000
0.0000000000	-0.0165000000
0.0000000000	-0.0165000000
0.0000000000	-0.0166000000
0.0000000000	-0.0166000000
0.0000000000	-0.0166000000
0.0000000000	-0.0166000000
0.0000000000	-0.0165000000
0.0000000000	-0.0165000000
0.0000000000	-0.0165000000
0.0000000000	-0.0161000000
0.0000000000	-0.0154000000
0.0000000000	-0.0150000000
0.0000000000	-0.0145000000
0.0000000000	-0.0141000000
0.0000000000	-0.0139000000
0.0000000000	-0.0135000000
0.0000000000	-0.0133000000
0.0000000000	-0.0130000000
0.0000000000	-0.0127000000
0.0000000000	-0.0122000000
0.0000000000	-0.0121000000
0.0000000000	-0.0121000000
0.0000000000	-0.0119000000
0.0000000000	-0.0118000000
0.0000000000	-0.0114000000
0.0000000000	-0.0109000000
0.0000000000	-0.0109000000
0.0000000000	-0.0109000000
0.0000000000	-0.0109000000
0.0000000000	-0.0109000000
0.0000000000	-0.0109000000
0.0000000000	-0.0109000000
0.0000000000	-0.0109000000
0.0000000000	-0.0109000000
0.0000000000	-0.0108000000
0.0000000000	-0.0102000000
0.0000000000	-0.0096000000
0.0000000000	-0.0089000000
0.0000000000	-0.0084000000
0.0000000000	-0.0079000000
0.0000000000	-0.0072000000
0.0000000000	-0.0072000000
0.0000000000	-0.0072000000
0.0000000000	-0.0071000000
0.0000000000	-0.0071000000
0.0000000000	-0.0071000000
0.0000000000	-0.0071000000
0.0000000000	-0.0071000000
0.0000000000	-0.0071000000
0.0000000000	-0.0071000000
0.0000000000	-0.0071000000
0.0000000000	-0.0071000000
0.0000000000	-0.0067000000
0.0000000000	-0.0064000000
0.0000000000	-0.0061000000
0.0000000000	-0.0054000000
0.0000000000	-0.0050000000
0.0000000000	-0.0044000000
0.0000000000	-0.0042000000
0.0000000000	-0.0038000000
0.0000000000	-0.0033000000
0.0000000000	-0.0032000000
0.0000000000	-0.0028000000
0.0000000000	-0.0024000000
0.0000000000	-0.0021000000
0.0000000000	-0.0017000000
0.0000000000	-0.0014000000
0.0000000000	-0.0007690000
0.0000000000	-0.0000592000
0.0000000000	-0.0000000000
0.0000000000	-0.0000000000
0.0000000000	-0.0000000000
0.0000000000	-0.0000000000
0.0000000000	-0.0000000000
0.0000000000	-0.0000000000
0.0000000000	-0.0000000000
0.0000000000	-0.0000000000
0.0000000000	0.0000197000
0.0000000000	0.0000395000
0.0000000000	0.0000986000
0.0000000000	0.0000986000
0.0000000000	0.0001180000
0.0000000000	0.0001180000
0.0000000000	0.0001180000
0.0000000000	0.0001180000
0.0000000000	0.0001180000
0.0000000000	0.0001180000
0.0000000000	0.0001180000
0.0000000000	0.0001180000
0.0000000000	0.0000986000
0.0000000000	0.0000986000
0.0000000000	0.0000986000
0.0000000000	-0.0000000000
0.0000000000	-0.0000197000
0.0000000000	-0.0000197000
0.0000000000	-0.0000197000
0.0000000000	-0.0000197000
0.0000000000	-0.0000197000
0.0000000000	-0.0000197000
0.0000000000	-0.0000197000
0.0000000000	-0.0000197000
0.0000000000	-0.0000197000
0.0000000000	-0.0000197000
0.0000000000	-0.0000197000
0.0000000000	-0.0000197000
0.0000000000	-0.0000197000
0.0000000000	-0.0000197000
0.0000000000	-0.0000197000
0.0000000000	-0.0000197000
0.0000000000	-0.0000197000
0.0000000000	-0.0000197000
0.0000000000	-0.0000197000
0.0000000000	-0.0000197000
0.0000000000	-0.0000197000
0.0000000000	-0.0000197000
0.0000000000	-0.0000197000
0.0000000000	-0.0000197000
0.0000000000	-0.0000197000
0.0000000000	-0.0000197000
0.0000000000	-0.0000197000
0.0000000000	-0.0000197000
0.0000000000	-0.0000197000
0.0000000000	-0.0000197000
0.0000000000	-0.0000197000
0.0000000000	-0.0000197000
0.0000000000	-0.0000197000
0.0000000000	-0.0000197000
0.0000000000	-0.0000197000
0.0000000000	-0.0000197000
0.0000000000	-0.0000197000
0.0000000000	-0.0000197000
0.0000000000	-0.0000197000
0.0000000000	-0.0000197000
0.0000000000	-0.0000197000
0.0000000000	-0.0000197000
0.0000000000	-0.0000197000
0.0000000000	-0.0000197000
0.0000000000	-0.0000197000
0.0000000000	-0.0000197000
0.0000000000	-0.0000197000
0.0000000000	-0.0000197000
0.0000000000	-0.0000197000
0.0000000000	-0.0000197000
0.0000000000	-0.0000197000
0.0000000000	-0.0000197000
0.0000000000	-0.0000197000
0.0000000000	-0.0000197000
0.0000000000	-0.0000197000
0.0000000000	-0.0000197000
0.0000000000	-0.0000197000
