Light Intensity (% of scale max) Alessio_0.02_1.5_lampadina_old	Position (m) Alessio_0.02_1.5_lampadina_old
0.2000000000	0.0000000000
0.2000000000	0.0000000000
0.2000000000	0.0000000000
0.2000000000	0.0000000000
0.2000000000	0.0000000000
0.2000000000	0.0000000000
0.2000000000	0.0000000000
0.2000000000	0.0000000000
0.2000000000	0.0000000000
0.2000000000	0.0000000000
0.2000000000	0.0000000000
0.2000000000	0.0000000000
0.2000000000	0.0000000000
0.2000000000	0.0000000000
0.2000000000	0.0000000000
0.2000000000	0.0000000000
0.2000000000	0.0000000000
0.2000000000	0.0000000000
0.2000000000	0.0000000000
0.2000000000	0.0000000000
0.2000000000	0.0000000000
0.2000000000	0.0000000000
0.2000000000	0.0000000000
0.2000000000	0.0000000000
0.2000000000	0.0000000000
0.2000000000	0.0000000000
0.2000000000	0.0000000000
0.2000000000	0.0000000000
0.2000000000	0.0000000000
0.2000000000	0.0000000000
0.2000000000	0.0000000000
0.2000000000	0.0000000000
0.2000000000	0.0000000000
0.2000000000	0.0000000000
0.2000000000	-0.0000197000
0.2000000000	-0.0000197000
0.2000000000	-0.0000197000
0.2000000000	-0.0000197000
0.2000000000	-0.0000197000
0.2000000000	-0.0000197000
0.2000000000	-0.0000197000
0.2000000000	-0.0000197000
0.2000000000	-0.0000197000
0.2000000000	-0.0000197000
0.2000000000	-0.0000197000
0.2000000000	-0.0000197000
0.2000000000	-0.0000197000
0.2000000000	-0.0000395000
0.2000000000	-0.0000395000
0.2000000000	-0.0000395000
0.2000000000	-0.0000395000
0.2000000000	-0.0000395000
0.2000000000	-0.0002760000
0.2000000000	-0.0002960000
0.2000000000	-0.0002960000
0.2000000000	-0.0002960000
0.2000000000	-0.0004340000
0.2000000000	-0.0006710000
0.2000000000	-0.0006710000
0.2000000000	-0.0007100000
0.2000000000	-0.0008280000
0.2000000000	-0.0009470000
0.2000000000	-0.0009860000
0.2000000000	-0.0009860000
0.2000000000	-0.0013000000
0.2000000000	-0.0018000000
0.2000000000	-0.0020000000
0.2000000000	-0.0020000000
0.2000000000	-0.0022000000
0.2000000000	-0.0027000000
0.2000000000	-0.0031000000
0.2000000000	-0.0032000000
0.2000000000	-0.0032000000
0.2000000000	-0.0033000000
0.2000000000	-0.0042000000
0.2000000000	-0.0047000000
0.2000000000	-0.0047000000
0.2000000000	-0.0047000000
0.2000000000	-0.0047000000
0.2000000000	-0.0047000000
0.2000000000	-0.0047000000
0.2000000000	-0.0047000000
0.2000000000	-0.0047000000
0.2000000000	-0.0047000000
0.2000000000	-0.0047000000
0.2000000000	-0.0047000000
0.2000000000	-0.0047000000
0.2000000000	-0.0049000000
0.2000000000	-0.0056000000
0.2000000000	-0.0060000000
0.2000000000	-0.0060000000
0.2000000000	-0.0060000000
0.2000000000	-0.0060000000
0.2000000000	-0.0060000000
0.2000000000	-0.0060000000
0.2000000000	-0.0061000000
0.2000000000	-0.0061000000
0.2000000000	-0.0063000000
0.2000000000	-0.0063000000
0.2000000000	-0.0063000000
0.2000000000	-0.0067000000
0.2000000000	-0.0072000000
0.2000000000	-0.0073000000
0.2000000000	-0.0075000000
0.2000000000	-0.0077000000
0.2000000000	-0.0079000000
0.2000000000	-0.0079000000
0.2000000000	-0.0079000000
0.2000000000	-0.0079000000
0.2000000000	-0.0079000000
0.2000000000	-0.0079000000
0.2000000000	-0.0079000000
0.2000000000	-0.0079000000
0.2000000000	-0.0079000000
0.2000000000	-0.0079000000
0.2000000000	-0.0079000000
0.2000000000	-0.0082000000
0.2000000000	-0.0091000000
0.2000000000	-0.0093000000
0.2000000000	-0.0093000000
0.2000000000	-0.0093000000
0.2000000000	-0.0094000000
0.2000000000	-0.0096000000
0.2000000000	-0.0097000000
0.2000000000	-0.0099000000
0.2000000000	-0.0105000000
0.2000000000	-0.0105000000
0.2000000000	-0.0106000000
0.2000000000	-0.0109000000
0.2000000000	-0.0113000000
0.2000000000	-0.0116000000
0.2000000000	-0.0119000000
0.2000000000	-0.0121000000
0.2000000000	-0.0121000000
0.2000000000	-0.0121000000
0.2000000000	-0.0121000000
0.2000000000	-0.0121000000
0.2000000000	-0.0121000000
0.2000000000	-0.0121000000
0.2000000000	-0.0121000000
0.2000000000	-0.0121000000
0.2000000000	-0.0121000000
0.2000000000	-0.0121000000
0.2000000000	-0.0124000000
0.2000000000	-0.0131000000
0.2000000000	-0.0135000000
0.2000000000	-0.0136000000
0.2000000000	-0.0141000000
0.2000000000	-0.0145000000
0.2000000000	-0.0146000000
0.2000000000	-0.0149000000
0.2000000000	-0.0149000000
0.2000000000	-0.0153000000
0.2000000000	-0.0157000000
0.2000000000	-0.0157000000
0.2000000000	-0.0158000000
0.2000000000	-0.0158000000
0.2000000000	-0.0158000000
0.2000000000	-0.0158000000
0.2000000000	-0.0157000000
0.2000000000	-0.0157000000
0.2000000000	-0.0157000000
0.2000000000	-0.0157000000
0.2000000000	-0.0157000000
0.2000000000	-0.0157000000
0.2000000000	-0.0158000000
0.2000000000	-0.0163000000
0.2000000000	-0.0171000000
0.2000000000	-0.0171000000
0.2000000000	-0.0171000000
0.2000000000	-0.0172000000
0.2000000000	-0.0173000000
0.2000000000	-0.0177000000
0.2000000000	-0.0180000000
0.2000000000	-0.0183000000
0.2000000000	-0.0187000000
0.2000000000	-0.0191000000
0.2000000000	-0.0192000000
0.2000000000	-0.0195000000
0.2000000000	-0.0198000000
0.2000000000	-0.0200000000
0.2000000000	-0.0204000000
0.2000000000	-0.0206000000
0.2000000000	-0.0206000000
0.2000000000	-0.0206000000
0.2000000000	-0.0206000000
0.2000000000	-0.0206000000
0.2000000000	-0.0206000000
0.2000000000	-0.0206000000
0.2000000000	-0.0206000000
0.2000000000	-0.0206000000
0.2000000000	-0.0206000000
0.2000000000	-0.0206000000
0.2000000000	-0.0206000000
0.2000000000	-0.0215000000
0.2000000000	-0.0220000000
0.2000000000	-0.0221000000
0.2000000000	-0.0221000000
0.2000000000	-0.0222000000
0.2000000000	-0.0224000000
0.2000000000	-0.0227000000
0.2000000000	-0.0228000000
0.2000000000	-0.0230000000
0.2000000000	-0.0233000000
0.2000000000	-0.0235000000
0.2000000000	-0.0237000000
0.2000000000	-0.0241000000
0.2000000000	-0.0243000000
0.2000000000	-0.0245000000
0.2000000000	-0.0246000000
0.2000000000	-0.0246000000
0.2000000000	-0.0246000000
0.2000000000	-0.0246000000
0.2000000000	-0.0246000000
0.2000000000	-0.0246000000
0.2000000000	-0.0246000000
0.2000000000	-0.0246000000
0.2000000000	-0.0246000000
0.2000000000	-0.0246000000
0.2000000000	-0.0253000000
0.2000000000	-0.0260000000
0.2000000000	-0.0261000000
0.2000000000	-0.0261000000
0.2000000000	-0.0262000000
0.2000000000	-0.0267000000
0.2000000000	-0.0269000000
0.2000000000	-0.0270000000
0.2000000000	-0.0272000000
0.2000000000	-0.0275000000
0.2000000000	-0.0277000000
0.2000000000	-0.0279000000
0.2000000000	-0.0280000000
0.2000000000	-0.0281000000
0.2000000000	-0.0284000000
0.2000000000	-0.0285000000
0.2000000000	-0.0285000000
0.2000000000	-0.0285000000
0.2000000000	-0.0285000000
0.2000000000	-0.0285000000
0.2000000000	-0.0285000000
0.2000000000	-0.0285000000
0.2000000000	-0.0285000000
0.2000000000	-0.0285000000
0.2000000000	-0.0285000000
0.2000000000	-0.0286000000
0.2000000000	-0.0293000000
0.2000000000	-0.0298000000
0.2000000000	-0.0298000000
0.2000000000	-0.0298000000
0.2000000000	-0.0300000000
0.2000000000	-0.0305000000
0.2000000000	-0.0309000000
0.2000000000	-0.0309000000
0.2000000000	-0.0312000000
0.2000000000	-0.0317000000
0.2000000000	-0.0321000000
0.2000000000	-0.0324000000
0.2000000000	-0.0325000000
0.2000000000	-0.0325000000
0.2000000000	-0.0328000000
0.2000000000	-0.0331000000
0.2000000000	-0.0333000000
0.2000000000	-0.0335000000
0.2000000000	-0.0334000000
0.2000000000	-0.0334000000
0.2000000000	-0.0334000000
0.2000000000	-0.0334000000
0.2000000000	-0.0334000000
0.2000000000	-0.0334000000
0.2000000000	-0.0334000000
0.2000000000	-0.0335000000
0.2000000000	-0.0339000000
0.2000000000	-0.0347000000
0.2000000000	-0.0347000000
0.2000000000	-0.0348000000
0.2000000000	-0.0349000000
0.2000000000	-0.0351000000
0.2000000000	-0.0354000000
0.2000000000	-0.0355000000
0.2000000000	-0.0357000000
0.2000000000	-0.0361000000
0.2000000000	-0.0362000000
0.2000000000	-0.0364000000
0.2000000000	-0.0365000000
0.2000000000	-0.0367000000
0.2000000000	-0.0369000000
0.2000000000	-0.0369000000
0.2000000000	-0.0369000000
0.2000000000	-0.0368000000
0.2000000000	-0.0368000000
0.2000000000	-0.0368000000
0.2000000000	-0.0368000000
0.2000000000	-0.0368000000
0.2000000000	-0.0368000000
0.2000000000	-0.0369000000
0.2000000000	-0.0369000000
0.2000000000	-0.0369000000
0.2000000000	-0.0370000000
0.2000000000	-0.0373000000
0.2000000000	-0.0378000000
0.2000000000	-0.0380000000
0.2000000000	-0.0382000000
0.2000000000	-0.0385000000
0.2000000000	-0.0390000000
0.2000000000	-0.0394000000
0.2000000000	-0.0396000000
0.2000000000	-0.0399000000
0.2000000000	-0.0400000000
0.2000000000	-0.0401000000
0.2000000000	-0.0401000000
0.2000000000	-0.0401000000
0.2000000000	-0.0401000000
0.2000000000	-0.0401000000
0.2000000000	-0.0401000000
0.2000000000	-0.0401000000
0.2000000000	-0.0401000000
0.2000000000	-0.0401000000
0.2000000000	-0.0401000000
0.2000000000	-0.0401000000
0.2000000000	-0.0401000000
0.2000000000	-0.0407000000
0.2000000000	-0.0415000000
0.2000000000	-0.0416000000
0.2000000000	-0.0418000000
0.2000000000	-0.0422000000
0.2000000000	-0.0422000000
0.2000000000	-0.0426000000
0.2000000000	-0.0429000000
0.2000000000	-0.0429000000
0.2000000000	-0.0430000000
0.2000000000	-0.0433000000
0.2000000000	-0.0435000000
0.2000000000	-0.0439000000
0.2000000000	-0.0440000000
0.2000000000	-0.0440000000
0.2000000000	-0.0440000000
0.2000000000	-0.0439000000
0.2000000000	-0.0439000000
0.2000000000	-0.0439000000
0.2000000000	-0.0439000000
0.2000000000	-0.0439000000
0.2000000000	-0.0439000000
0.2000000000	-0.0440000000
0.2000000000	-0.0440000000
0.2000000000	-0.0440000000
0.2000000000	-0.0448000000
0.2000000000	-0.0455000000
0.2000000000	-0.0456000000
0.2000000000	-0.0458000000
0.2000000000	-0.0460000000
0.2000000000	-0.0463000000
0.2000000000	-0.0467000000
0.2000000000	-0.0470000000
0.2000000000	-0.0475000000
0.2000000000	-0.0479000000
0.2000000000	-0.0480000000
0.2000000000	-0.0482000000
0.2000000000	-0.0485000000
0.2000000000	-0.0487000000
0.2000000000	-0.0490000000
0.2000000000	-0.0490000000
0.2000000000	-0.0490000000
0.2000000000	-0.0490000000
0.2000000000	-0.0490000000
0.2000000000	-0.0490000000
0.2000000000	-0.0490000000
0.2000000000	-0.0490000000
0.2000000000	-0.0490000000
0.2000000000	-0.0491000000
0.2000000000	-0.0498000000
0.2000000000	-0.0502000000
0.2000000000	-0.0505000000
0.2000000000	-0.0510000000
0.2000000000	-0.0514000000
0.2000000000	-0.0517000000
0.2000000000	-0.0521000000
0.2000000000	-0.0524000000
0.2000000000	-0.0530000000
0.2000000000	-0.0532000000
0.2000000000	-0.0533000000
0.2000000000	-0.0533000000
0.2000000000	-0.0533000000
0.2000000000	-0.0532000000
0.2000000000	-0.0532000000
0.2000000000	-0.0532000000
0.2000000000	-0.0532000000
0.2000000000	-0.0532000000
0.2000000000	-0.0532000000
0.2000000000	-0.0532000000
0.2000000000	-0.0532000000
0.2000000000	-0.0533000000
0.2000000000	-0.0533000000
0.2000000000	-0.0536000000
0.2000000000	-0.0545000000
0.2000000000	-0.0548000000
0.2000000000	-0.0549000000
0.2000000000	-0.0553000000
0.2000000000	-0.0555000000
0.2000000000	-0.0557000000
0.2000000000	-0.0564000000
0.2000000000	-0.0565000000
0.2000000000	-0.0565000000
0.2000000000	-0.0566000000
0.2000000000	-0.0568000000
0.2000000000	-0.0575000000
0.2000000000	-0.0577000000
0.2000000000	-0.0578000000
0.2000000000	-0.0583000000
0.2000000000	-0.0587000000
0.2000000000	-0.0587000000
0.2000000000	-0.0586000000
0.2000000000	-0.0586000000
0.2000000000	-0.0586000000
0.2000000000	-0.0586000000
0.2000000000	-0.0586000000
0.2000000000	-0.0586000000
0.2000000000	-0.0587000000
0.2000000000	-0.0587000000
0.2000000000	-0.0594000000
0.2000000000	-0.0602000000
0.2000000000	-0.0603000000
0.2000000000	-0.0605000000
0.2000000000	-0.0609000000
0.2000000000	-0.0614000000
0.2000000000	-0.0617000000
0.2000000000	-0.0621000000
0.2000000000	-0.0624000000
0.2000000000	-0.0627000000
0.2000000000	-0.0631000000
0.2000000000	-0.0634000000
0.2000000000	-0.0637000000
0.2000000000	-0.0641000000
0.2000000000	-0.0641000000
0.2000000000	-0.0640000000
0.2000000000	-0.0640000000
0.2000000000	-0.0640000000
0.2000000000	-0.0640000000
0.2000000000	-0.0640000000
0.2000000000	-0.0640000000
0.2000000000	-0.0641000000
0.2000000000	-0.0641000000
0.2000000000	-0.0645000000
0.2000000000	-0.0657000000
0.2000000000	-0.0661000000
0.2000000000	-0.0661000000
0.2000000000	-0.0663000000
0.2000000000	-0.0666000000
0.2000000000	-0.0670000000
0.2000000000	-0.0672000000
0.2000000000	-0.0675000000
0.2000000000	-0.0678000000
0.2000000000	-0.0681000000
0.2000000000	-0.0684000000
0.2000000000	-0.0685000000
0.2000000000	-0.0685000000
0.2000000000	-0.0685000000
0.2000000000	-0.0685000000
0.2000000000	-0.0685000000
0.2000000000	-0.0685000000
0.2000000000	-0.0685000000
0.2000000000	-0.0685000000
0.2000000000	-0.0685000000
0.2000000000	-0.0685000000
0.2000000000	-0.0691000000
0.2000000000	-0.0698000000
0.2000000000	-0.0700000000
0.2000000000	-0.0702000000
0.2000000000	-0.0709000000
0.2000000000	-0.0713000000
0.2000000000	-0.0714000000
0.2000000000	-0.0718000000
0.2000000000	-0.0718000000
0.2000000000	-0.0720000000
0.2000000000	-0.0724000000
0.3000000000	-0.0725000000
0.3000000000	-0.0727000000
0.3000000000	-0.0730000000
0.3000000000	-0.0731000000
0.3000000000	-0.0731000000
0.3000000000	-0.0731000000
0.3000000000	-0.0731000000
0.3000000000	-0.0731000000
0.3000000000	-0.0731000000
0.3000000000	-0.0731000000
0.3000000000	-0.0731000000
0.3000000000	-0.0731000000
0.3000000000	-0.0731000000
0.3000000000	-0.0731000000
0.3000000000	-0.0733000000
0.3000000000	-0.0739000000
0.3000000000	-0.0740000000
0.3000000000	-0.0741000000
0.3000000000	-0.0744000000
0.4000000000	-0.0753000000
0.4000000000	-0.0756000000
0.4000000000	-0.0758000000
0.4000000000	-0.0761000000
0.4000000000	-0.0761000000
0.4000000000	-0.0762000000
0.4000000000	-0.0762000000
0.4000000000	-0.0762000000
0.4000000000	-0.0762000000
0.4000000000	-0.0762000000
0.4000000000	-0.0762000000
0.4000000000	-0.0762000000
0.4000000000	-0.0762000000
0.4000000000	-0.0762000000
0.4000000000	-0.0762000000
0.4000000000	-0.0762000000
0.4000000000	-0.0762000000
0.4000000000	-0.0762000000
0.5000000000	-0.0768000000
0.5000000000	-0.0779000000
0.6000000000	-0.0785000000
0.6000000000	-0.0789000000
0.6000000000	-0.0794000000
0.6000000000	-0.0795000000
0.7000000000	-0.0797000000
0.7000000000	-0.0802000000
0.7000000000	-0.0804000000
0.7000000000	-0.0804000000
0.7000000000	-0.0804000000
0.7000000000	-0.0804000000
0.7000000000	-0.0804000000
0.7000000000	-0.0804000000
0.7000000000	-0.0804000000
0.7000000000	-0.0804000000
0.7000000000	-0.0804000000
0.7000000000	-0.0804000000
0.7000000000	-0.0804000000
0.7000000000	-0.0804000000
0.7000000000	-0.0804000000
0.7000000000	-0.0805000000
0.7000000000	-0.0809000000
0.7000000000	-0.0818000000
0.7000000000	-0.0820000000
0.7000000000	-0.0821000000
0.8000000000	-0.0825000000
0.8000000000	-0.0830000000
0.8000000000	-0.0832000000
0.8000000000	-0.0834000000
0.8000000000	-0.0840000000
0.8000000000	-0.0844000000
0.8000000000	-0.0847000000
0.8000000000	-0.0847000000
0.8000000000	-0.0847000000
0.8000000000	-0.0847000000
0.8000000000	-0.0847000000
0.8000000000	-0.0847000000
0.8000000000	-0.0847000000
0.8000000000	-0.0847000000
0.8000000000	-0.0847000000
0.8000000000	-0.0847000000
0.8000000000	-0.0847000000
0.8000000000	-0.0847000000
0.8000000000	-0.0848000000
0.8000000000	-0.0852000000
0.8000000000	-0.0861000000
0.8000000000	-0.0864000000
0.8000000000	-0.0864000000
0.9000000000	-0.0869000000
0.9000000000	-0.0871000000
0.9000000000	-0.0873000000
0.9000000000	-0.0881000000
0.9000000000	-0.0884000000
0.9000000000	-0.0884000000
0.9000000000	-0.0886000000
0.9000000000	-0.0886000000
0.9000000000	-0.0891000000
0.9000000000	-0.0898000000
0.9000000000	-0.0898000000
0.9000000000	-0.0898000000
0.9000000000	-0.0898000000
0.9000000000	-0.0898000000
0.9000000000	-0.0898000000
0.9000000000	-0.0898000000
0.9000000000	-0.0898000000
0.9000000000	-0.0898000000
0.9000000000	-0.0898000000
0.9000000000	-0.0898000000
0.9000000000	-0.0898000000
1.0000000000	-0.0901000000
1.0000000000	-0.0907000000
1.0000000000	-0.0911000000
1.0000000000	-0.0913000000
1.0000000000	-0.0916000000
1.0000000000	-0.0924000000
1.0000000000	-0.0932000000
1.0000000000	-0.0933000000
1.1000000000	-0.0937000000
1.1000000000	-0.0943000000
1.1000000000	-0.0947000000
1.1000000000	-0.0947000000
1.1000000000	-0.0947000000
1.1000000000	-0.0947000000
1.1000000000	-0.0947000000
1.1000000000	-0.0947000000
1.1000000000	-0.0947000000
1.1000000000	-0.0947000000
1.1000000000	-0.0947000000
1.1000000000	-0.0947000000
1.1000000000	-0.0947000000
1.1000000000	-0.0951000000
1.1000000000	-0.0958000000
1.2000000000	-0.0964000000
1.2000000000	-0.0965000000
1.2000000000	-0.0971000000
1.2000000000	-0.0977000000
1.2000000000	-0.0978000000
1.2000000000	-0.0983000000
1.3000000000	-0.0990000000
1.3000000000	-0.0993000000
1.3000000000	-0.0994000000
1.3000000000	-0.0995000000
1.3000000000	-0.0995000000
1.3000000000	-0.0995000000
1.3000000000	-0.0995000000
1.3000000000	-0.0995000000
1.3000000000	-0.0995000000
1.3000000000	-0.0995000000
1.3000000000	-0.0995000000
1.3000000000	-0.0995000000
1.3000000000	-0.0995000000
1.3000000000	-0.1002000000
1.3000000000	-0.1010000000
1.3000000000	-0.1011000000
1.3000000000	-0.1013000000
1.3000000000	-0.1022000000
1.3000000000	-0.1027000000
1.3000000000	-0.1029000000
1.2000000000	-0.1034000000
1.2000000000	-0.1038000000
1.2000000000	-0.1039000000
1.2000000000	-0.1041000000
1.2000000000	-0.1041000000
1.2000000000	-0.1041000000
1.2000000000	-0.1041000000
1.2000000000	-0.1041000000
1.2000000000	-0.1041000000
1.1000000000	-0.1041000000
1.2000000000	-0.1041000000
1.2000000000	-0.1041000000
1.2000000000	-0.1041000000
1.1000000000	-0.1041000000
1.0000000000	-0.1048000000
0.9000000000	-0.1059000000
0.9000000000	-0.1061000000
0.8000000000	-0.1066000000
0.7000000000	-0.1074000000
0.7000000000	-0.1081000000
0.6000000000	-0.1085000000
0.6000000000	-0.1089000000
0.6000000000	-0.1092000000
0.6000000000	-0.1093000000
0.6000000000	-0.1094000000
0.6000000000	-0.1094000000
0.6000000000	-0.1094000000
0.6000000000	-0.1093000000
0.6000000000	-0.1093000000
0.6000000000	-0.1093000000
0.6000000000	-0.1093000000
0.6000000000	-0.1093000000
0.6000000000	-0.1093000000
0.6000000000	-0.1093000000
0.6000000000	-0.1094000000
0.6000000000	-0.1094000000
0.5000000000	-0.1101000000
0.5000000000	-0.1113000000
0.5000000000	-0.1116000000
0.5000000000	-0.1120000000
0.5000000000	-0.1125000000
0.5000000000	-0.1128000000
0.5000000000	-0.1135000000
0.5000000000	-0.1137000000
0.5000000000	-0.1137000000
0.5000000000	-0.1137000000
0.5000000000	-0.1137000000
0.5000000000	-0.1137000000
0.5000000000	-0.1137000000
0.5000000000	-0.1137000000
0.5000000000	-0.1137000000
0.5000000000	-0.1137000000
0.5000000000	-0.1137000000
0.5000000000	-0.1137000000
0.5000000000	-0.1137000000
0.5000000000	-0.1137000000
0.5000000000	-0.1139000000
0.5000000000	-0.1148000000
0.5000000000	-0.1151000000
0.5000000000	-0.1151000000
0.5000000000	-0.1152000000
0.4000000000	-0.1155000000
0.4000000000	-0.1162000000
0.3000000000	-0.1167000000
0.3000000000	-0.1171000000
0.3000000000	-0.1178000000
0.3000000000	-0.1183000000
0.3000000000	-0.1183000000
0.3000000000	-0.1184000000
0.3000000000	-0.1186000000
0.2000000000	-0.1187000000
0.2000000000	-0.1190000000
0.2000000000	-0.1191000000
0.2000000000	-0.1191000000
0.2000000000	-0.1191000000
0.2000000000	-0.1190000000
0.2000000000	-0.1190000000
0.2000000000	-0.1190000000
0.2000000000	-0.1190000000
0.2000000000	-0.1190000000
0.2000000000	-0.1191000000
0.2000000000	-0.1191000000
0.2000000000	-0.1191000000
0.2000000000	-0.1192000000
0.2000000000	-0.1200000000
0.2000000000	-0.1208000000
0.2000000000	-0.1209000000
0.2000000000	-0.1209000000
0.2000000000	-0.1212000000
0.2000000000	-0.1217000000
0.2000000000	-0.1219000000
0.2000000000	-0.1220000000
0.2000000000	-0.1223000000
0.2000000000	-0.1226000000
0.2000000000	-0.1228000000
0.2000000000	-0.1233000000
0.2000000000	-0.1234000000
0.2000000000	-0.1234000000
0.2000000000	-0.1233000000
0.2000000000	-0.1233000000
0.2000000000	-0.1233000000
0.2000000000	-0.1233000000
0.2000000000	-0.1233000000
0.2000000000	-0.1233000000
0.2000000000	-0.1233000000
0.2000000000	-0.1234000000
0.2000000000	-0.1234000000
0.2000000000	-0.1237000000
0.2000000000	-0.1246000000
0.2000000000	-0.1251000000
0.2000000000	-0.1253000000
0.2000000000	-0.1256000000
0.2000000000	-0.1259000000
0.2000000000	-0.1262000000
0.2000000000	-0.1267000000
0.2000000000	-0.1270000000
0.2000000000	-0.1273000000
0.2000000000	-0.1278000000
0.2000000000	-0.1279000000
0.2000000000	-0.1280000000
0.2000000000	-0.1281000000
0.2000000000	-0.1282000000
0.2000000000	-0.1282000000
0.2000000000	-0.1281000000
0.2000000000	-0.1281000000
0.2000000000	-0.1281000000
0.2000000000	-0.1281000000
0.2000000000	-0.1281000000
0.2000000000	-0.1281000000
0.2000000000	-0.1282000000
0.2000000000	-0.1282000000
0.2000000000	-0.1283000000
0.2000000000	-0.1290000000
0.2000000000	-0.1299000000
0.2000000000	-0.1303000000
0.2000000000	-0.1305000000
0.2000000000	-0.1310000000
0.2000000000	-0.1315000000
0.2000000000	-0.1319000000
0.2000000000	-0.1325000000
0.2000000000	-0.1328000000
0.2000000000	-0.1328000000
0.2000000000	-0.1328000000
0.2000000000	-0.1328000000
0.2000000000	-0.1327000000
0.2000000000	-0.1327000000
0.2000000000	-0.1327000000
0.2000000000	-0.1327000000
0.2000000000	-0.1327000000
0.2000000000	-0.1328000000
0.2000000000	-0.1328000000
0.2000000000	-0.1328000000
0.2000000000	-0.1332000000
0.2000000000	-0.1341000000
0.2000000000	-0.1344000000
0.2000000000	-0.1346000000
0.2000000000	-0.1350000000
0.2000000000	-0.1353000000
0.2000000000	-0.1354000000
0.2000000000	-0.1355000000
0.2000000000	-0.1357000000
0.2000000000	-0.1364000000
0.2000000000	-0.1367000000
0.2000000000	-0.1371000000
0.2000000000	-0.1373000000
0.2000000000	-0.1375000000
0.2000000000	-0.1380000000
0.2000000000	-0.1382000000
0.2000000000	-0.1382000000
0.2000000000	-0.1382000000
0.2000000000	-0.1382000000
0.2000000000	-0.1382000000
0.2000000000	-0.1382000000
0.2000000000	-0.1382000000
0.2000000000	-0.1382000000
0.2000000000	-0.1382000000
0.2000000000	-0.1382000000
0.2000000000	-0.1382000000
0.2000000000	-0.1384000000
0.2000000000	-0.1395000000
0.2000000000	-0.1399000000
0.2000000000	-0.1402000000
0.2000000000	-0.1407000000
0.2000000000	-0.1409000000
0.2000000000	-0.1413000000
0.2000000000	-0.1418000000
0.2000000000	-0.1421000000
0.2000000000	-0.1422000000
0.2000000000	-0.1425000000
0.2000000000	-0.1430000000
0.2000000000	-0.1433000000
0.2000000000	-0.1433000000
0.2000000000	-0.1433000000
0.2000000000	-0.1433000000
0.2000000000	-0.1433000000
0.2000000000	-0.1433000000
0.2000000000	-0.1433000000
0.2000000000	-0.1433000000
0.2000000000	-0.1433000000
0.2000000000	-0.1433000000
0.2000000000	-0.1435000000
0.2000000000	-0.1444000000
0.2000000000	-0.1449000000
0.2000000000	-0.1451000000
0.2000000000	-0.1456000000
0.2000000000	-0.1460000000
0.2000000000	-0.1463000000
0.2000000000	-0.1465000000
0.2000000000	-0.1467000000
0.2000000000	-0.1470000000
0.2000000000	-0.1473000000
0.2000000000	-0.1473000000
0.2000000000	-0.1473000000
0.2000000000	-0.1473000000
0.2000000000	-0.1473000000
0.2000000000	-0.1473000000
0.2000000000	-0.1473000000
0.2000000000	-0.1473000000
0.2000000000	-0.1473000000
0.2000000000	-0.1473000000
0.2000000000	-0.1473000000
0.2000000000	-0.1473000000
0.2000000000	-0.1473000000
0.2000000000	-0.1473000000
0.2000000000	-0.1473000000
0.2000000000	-0.1473000000
0.2000000000	-0.1485000000
0.2000000000	-0.1493000000
0.2000000000	-0.1493000000
0.2000000000	-0.1493000000
0.2000000000	-0.1497000000
0.2000000000	-0.1499000000
0.2000000000	-0.1499000000
0.2000000000	-0.1502000000
0.2000000000	-0.1505000000
0.2000000000	-0.1505000000
0.2000000000	-0.1505000000
0.2000000000	-0.1505000000
0.2000000000	-0.1505000000
0.2000000000	-0.1504000000
0.2000000000	-0.1504000000
0.2000000000	-0.1504000000
0.2000000000	-0.1504000000
0.2000000000	-0.1504000000
0.2000000000	-0.1504000000
0.2000000000	-0.1505000000
0.2000000000	-0.1505000000
0.2000000000	-0.1505000000
0.2000000000	-0.1511000000
0.2000000000	-0.1520000000
0.2000000000	-0.1522000000
0.2000000000	-0.1526000000
0.2000000000	-0.1529000000
0.2000000000	-0.1534000000
0.2000000000	-0.1544000000
0.2000000000	-0.1546000000
0.2000000000	-0.1546000000
0.2000000000	-0.1547000000
0.2000000000	-0.1546000000
0.2000000000	-0.1546000000
0.2000000000	-0.1546000000
0.2000000000	-0.1546000000
0.2000000000	-0.1546000000
0.2000000000	-0.1546000000
0.2000000000	-0.1546000000
0.2000000000	-0.1546000000
0.2000000000	-0.1547000000
0.2000000000	-0.1547000000
0.2000000000	-0.1550000000
0.2000000000	-0.1555000000
0.2000000000	-0.1557000000
0.2000000000	-0.1558000000
0.2000000000	-0.1563000000
0.2000000000	-0.1570000000
0.2000000000	-0.1573000000
0.2000000000	-0.1580000000
0.2000000000	-0.1584000000
0.2000000000	-0.1584000000
0.2000000000	-0.1585000000
0.2000000000	-0.1585000000
0.2000000000	-0.1585000000
0.2000000000	-0.1584000000
0.2000000000	-0.1584000000
0.2000000000	-0.1584000000
0.2000000000	-0.1584000000
0.2000000000	-0.1584000000
0.2000000000	-0.1584000000
0.2000000000	-0.1585000000
0.2000000000	-0.1585000000
0.2000000000	-0.1585000000
0.2000000000	-0.1587000000
0.2000000000	-0.1596000000
0.2000000000	-0.1600000000
0.2000000000	-0.1601000000
0.2000000000	-0.1603000000
0.2000000000	-0.1609000000
0.2000000000	-0.1615000000
0.2000000000	-0.1620000000
0.2000000000	-0.1623000000
0.2000000000	-0.1625000000
0.2000000000	-0.1627000000
0.2000000000	-0.1628000000
0.2000000000	-0.1631000000
0.2000000000	-0.1634000000
0.2000000000	-0.1634000000
0.2000000000	-0.1634000000
0.2000000000	-0.1634000000
0.2000000000	-0.1634000000
0.2000000000	-0.1634000000
0.2000000000	-0.1634000000
0.2000000000	-0.1634000000
0.2000000000	-0.1634000000
0.2000000000	-0.1635000000
0.2000000000	-0.1639000000
0.2000000000	-0.1644000000
0.2000000000	-0.1650000000
0.2000000000	-0.1654000000
0.2000000000	-0.1656000000
0.2000000000	-0.1659000000
0.2000000000	-0.1663000000
0.2000000000	-0.1671000000
0.2000000000	-0.1673000000
0.2000000000	-0.1673000000
0.2000000000	-0.1673000000
0.2000000000	-0.1673000000
0.2000000000	-0.1673000000
0.2000000000	-0.1673000000
0.2000000000	-0.1673000000
0.2000000000	-0.1673000000
0.2000000000	-0.1673000000
0.2000000000	-0.1673000000
0.2000000000	-0.1673000000
0.2000000000	-0.1673000000
0.2000000000	-0.1673000000
0.2000000000	-0.1673000000
0.2000000000	-0.1674000000
0.2000000000	-0.1682000000
0.2000000000	-0.1690000000
0.2000000000	-0.1690000000
0.2000000000	-0.1693000000
0.2000000000	-0.1697000000
0.2000000000	-0.1703000000
0.2000000000	-0.1709000000
0.2000000000	-0.1710000000
0.2000000000	-0.1711000000
0.2000000000	-0.1712000000
0.2000000000	-0.1712000000
0.2000000000	-0.1712000000
0.2000000000	-0.1712000000
0.2000000000	-0.1712000000
0.2000000000	-0.1712000000
0.2000000000	-0.1712000000
0.2000000000	-0.1712000000
0.2000000000	-0.1712000000
0.2000000000	-0.1712000000
0.2000000000	-0.1712000000
0.2000000000	-0.1712000000
0.2000000000	-0.1717000000
0.2000000000	-0.1724000000
0.2000000000	-0.1724000000
0.2000000000	-0.1726000000
0.2000000000	-0.1731000000
0.2000000000	-0.1732000000
0.2000000000	-0.1734000000
0.2000000000	-0.1736000000
0.2000000000	-0.1736000000
0.2000000000	-0.1742000000
0.2000000000	-0.1750000000
0.2000000000	-0.1750000000
0.2000000000	-0.1750000000
0.2000000000	-0.1751000000
0.2000000000	-0.1751000000
0.2000000000	-0.1751000000
0.2000000000	-0.1750000000
0.2000000000	-0.1750000000
0.2000000000	-0.1750000000
0.2000000000	-0.1750000000
0.2000000000	-0.1750000000
0.2000000000	-0.1750000000
0.2000000000	-0.1750000000
0.2000000000	-0.1750000000
0.2000000000	-0.1751000000
0.2000000000	-0.1753000000
0.2000000000	-0.1762000000
0.2000000000	-0.1765000000
0.2000000000	-0.1769000000
0.2000000000	-0.1769000000
0.2000000000	-0.1773000000
0.2000000000	-0.1781000000
0.2000000000	-0.1782000000
0.2000000000	-0.1782000000
0.2000000000	-0.1782000000
0.2000000000	-0.1782000000
0.2000000000	-0.1782000000
0.2000000000	-0.1782000000
0.2000000000	-0.1782000000
0.2000000000	-0.1782000000
0.2000000000	-0.1782000000
0.2000000000	-0.1782000000
0.2000000000	-0.1782000000
0.2000000000	-0.1782000000
0.2000000000	-0.1782000000
0.2000000000	-0.1782000000
0.2000000000	-0.1782000000
0.2000000000	-0.1781000000
0.2000000000	-0.1780000000
0.2000000000	-0.1778000000
0.2000000000	-0.1776000000
0.2000000000	-0.1775000000
0.2000000000	-0.1772000000
0.2000000000	-0.1768000000
0.2000000000	-0.1766000000
0.2000000000	-0.1766000000
0.2000000000	-0.1763000000
0.2000000000	-0.1762000000
0.2000000000	-0.1759000000
0.2000000000	-0.1748000000
0.2000000000	-0.1745000000
0.2000000000	-0.1744000000
0.2000000000	-0.1741000000
0.2000000000	-0.1741000000
0.2000000000	-0.1740000000
0.2000000000	-0.1739000000
0.2000000000	-0.1739000000
0.2000000000	-0.1739000000
0.2000000000	-0.1739000000
0.2000000000	-0.1739000000
0.2000000000	-0.1739000000
0.2000000000	-0.1739000000
0.2000000000	-0.1739000000
0.2000000000	-0.1739000000
0.2000000000	-0.1737000000
0.2000000000	-0.1729000000
0.2000000000	-0.1724000000
0.2000000000	-0.1724000000
0.2000000000	-0.1719000000
0.2000000000	-0.1715000000
0.2000000000	-0.1715000000
0.2000000000	-0.1714000000
0.2000000000	-0.1714000000
0.2000000000	-0.1714000000
0.2000000000	-0.1713000000
0.2000000000	-0.1711000000
0.2000000000	-0.1708000000
0.2000000000	-0.1704000000
0.2000000000	-0.1703000000
0.2000000000	-0.1703000000
0.2000000000	-0.1704000000
0.2000000000	-0.1704000000
0.2000000000	-0.1704000000
0.2000000000	-0.1704000000
0.2000000000	-0.1704000000
0.2000000000	-0.1704000000
0.2000000000	-0.1703000000
0.2000000000	-0.1699000000
0.2000000000	-0.1690000000
0.2000000000	-0.1684000000
0.2000000000	-0.1683000000
0.2000000000	-0.1672000000
0.2000000000	-0.1666000000
0.2000000000	-0.1666000000
0.2000000000	-0.1666000000
0.2000000000	-0.1666000000
0.2000000000	-0.1666000000
0.2000000000	-0.1666000000
0.2000000000	-0.1666000000
0.2000000000	-0.1666000000
0.2000000000	-0.1666000000
0.2000000000	-0.1666000000
0.2000000000	-0.1666000000
0.2000000000	-0.1666000000
0.2000000000	-0.1666000000
0.2000000000	-0.1666000000
0.2000000000	-0.1662000000
0.2000000000	-0.1654000000
0.2000000000	-0.1651000000
0.2000000000	-0.1648000000
0.2000000000	-0.1647000000
0.2000000000	-0.1646000000
0.2000000000	-0.1641000000
0.2000000000	-0.1639000000
0.2000000000	-0.1638000000
0.2000000000	-0.1637000000
0.2000000000	-0.1637000000
0.2000000000	-0.1637000000
0.2000000000	-0.1637000000
0.2000000000	-0.1637000000
0.2000000000	-0.1638000000
0.2000000000	-0.1638000000
0.2000000000	-0.1638000000
0.2000000000	-0.1638000000
0.2000000000	-0.1638000000
0.2000000000	-0.1638000000
0.2000000000	-0.1634000000
0.2000000000	-0.1626000000
0.2000000000	-0.1622000000
0.2000000000	-0.1621000000
0.2000000000	-0.1617000000
0.2000000000	-0.1615000000
0.2000000000	-0.1614000000
0.2000000000	-0.1612000000
0.2000000000	-0.1610000000
0.2000000000	-0.1610000000
0.2000000000	-0.1610000000
0.2000000000	-0.1611000000
0.2000000000	-0.1611000000
0.2000000000	-0.1611000000
0.2000000000	-0.1611000000
0.2000000000	-0.1611000000
0.2000000000	-0.1611000000
0.2000000000	-0.1611000000
0.2000000000	-0.1608000000
0.2000000000	-0.1607000000
0.2000000000	-0.1604000000
0.2000000000	-0.1600000000
0.2000000000	-0.1596000000
0.2000000000	-0.1595000000
0.2000000000	-0.1590000000
0.2000000000	-0.1586000000
0.2000000000	-0.1584000000
0.2000000000	-0.1583000000
0.2000000000	-0.1583000000
0.2000000000	-0.1583000000
0.2000000000	-0.1584000000
0.2000000000	-0.1584000000
0.2000000000	-0.1584000000
0.2000000000	-0.1584000000
0.2000000000	-0.1584000000
0.2000000000	-0.1584000000
0.2000000000	-0.1584000000
0.2000000000	-0.1584000000
0.2000000000	-0.1582000000
0.2000000000	-0.1576000000
0.2000000000	-0.1575000000
0.2000000000	-0.1574000000
0.2000000000	-0.1571000000
0.2000000000	-0.1571000000
0.2000000000	-0.1568000000
0.2000000000	-0.1565000000
0.2000000000	-0.1565000000
0.2000000000	-0.1564000000
0.2000000000	-0.1558000000
0.2000000000	-0.1556000000
0.2000000000	-0.1556000000
0.2000000000	-0.1556000000
0.2000000000	-0.1556000000
0.2000000000	-0.1555000000
0.2000000000	-0.1556000000
0.2000000000	-0.1556000000
0.2000000000	-0.1556000000
0.2000000000	-0.1556000000
0.2000000000	-0.1556000000
0.2000000000	-0.1555000000
0.2000000000	-0.1555000000
0.2000000000	-0.1554000000
0.2000000000	-0.1545000000
0.2000000000	-0.1541000000
0.2000000000	-0.1539000000
0.2000000000	-0.1533000000
0.2000000000	-0.1525000000
0.2000000000	-0.1521000000
0.2000000000	-0.1520000000
0.2000000000	-0.1519000000
0.2000000000	-0.1518000000
0.2000000000	-0.1518000000
0.2000000000	-0.1518000000
0.2000000000	-0.1519000000
0.2000000000	-0.1519000000
0.2000000000	-0.1519000000
0.2000000000	-0.1519000000
0.2000000000	-0.1519000000
0.2000000000	-0.1519000000
0.2000000000	-0.1519000000
0.2000000000	-0.1514000000
0.2000000000	-0.1506000000
0.2000000000	-0.1499000000
0.2000000000	-0.1497000000
0.2000000000	-0.1492000000
0.2000000000	-0.1488000000
0.2000000000	-0.1485000000
0.2000000000	-0.1481000000
0.2000000000	-0.1480000000
0.2000000000	-0.1480000000
0.2000000000	-0.1480000000
0.2000000000	-0.1480000000
0.2000000000	-0.1480000000
0.2000000000	-0.1480000000
0.2000000000	-0.1480000000
0.2000000000	-0.1480000000
0.2000000000	-0.1480000000
0.2000000000	-0.1480000000
0.2000000000	-0.1480000000
0.2000000000	-0.1480000000
0.2000000000	-0.1475000000
0.2000000000	-0.1469000000
0.2000000000	-0.1466000000
0.2000000000	-0.1464000000
0.2000000000	-0.1461000000
0.2000000000	-0.1457000000
0.2000000000	-0.1454000000
0.2000000000	-0.1453000000
0.2000000000	-0.1450000000
0.2000000000	-0.1449000000
0.2000000000	-0.1449000000
0.2000000000	-0.1449000000
0.2000000000	-0.1449000000
0.2000000000	-0.1449000000
0.2000000000	-0.1449000000
0.2000000000	-0.1449000000
0.2000000000	-0.1449000000
0.2000000000	-0.1449000000
0.2000000000	-0.1449000000
0.2000000000	-0.1449000000
0.2000000000	-0.1449000000
0.2000000000	-0.1449000000
0.2000000000	-0.1449000000
0.2000000000	-0.1446000000
0.2000000000	-0.1441000000
0.2000000000	-0.1439000000
0.2000000000	-0.1436000000
0.2000000000	-0.1435000000
0.2000000000	-0.1429000000
0.2000000000	-0.1428000000
0.2000000000	-0.1428000000
0.2000000000	-0.1428000000
0.2000000000	-0.1428000000
0.2000000000	-0.1428000000
0.2000000000	-0.1428000000
0.2000000000	-0.1428000000
0.2000000000	-0.1428000000
0.2000000000	-0.1428000000
0.2000000000	-0.1428000000
0.2000000000	-0.1428000000
0.2000000000	-0.1428000000
0.2000000000	-0.1427000000
0.2000000000	-0.1422000000
0.2000000000	-0.1420000000
0.2000000000	-0.1417000000
0.2000000000	-0.1412000000
0.2000000000	-0.1409000000
0.2000000000	-0.1406000000
0.2000000000	-0.1403000000
0.2000000000	-0.1402000000
0.2000000000	-0.1402000000
0.2000000000	-0.1402000000
0.2000000000	-0.1402000000
0.2000000000	-0.1402000000
0.2000000000	-0.1402000000
0.2000000000	-0.1402000000
0.2000000000	-0.1402000000
0.2000000000	-0.1402000000
0.2000000000	-0.1402000000
0.2000000000	-0.1402000000
0.2000000000	-0.1402000000
0.2000000000	-0.1402000000
0.2000000000	-0.1402000000
0.2000000000	-0.1397000000
0.2000000000	-0.1392000000
0.2000000000	-0.1388000000
0.2000000000	-0.1384000000
0.2000000000	-0.1380000000
0.2000000000	-0.1374000000
0.2000000000	-0.1370000000
0.2000000000	-0.1367000000
0.2000000000	-0.1367000000
0.2000000000	-0.1367000000
0.2000000000	-0.1367000000
0.2000000000	-0.1368000000
0.2000000000	-0.1368000000
0.2000000000	-0.1368000000
0.2000000000	-0.1368000000
0.2000000000	-0.1367000000
0.2000000000	-0.1367000000
0.2000000000	-0.1367000000
0.2000000000	-0.1364000000
0.2000000000	-0.1358000000
0.2000000000	-0.1356000000
0.2000000000	-0.1351000000
0.2000000000	-0.1348000000
0.2000000000	-0.1346000000
0.2000000000	-0.1342000000
0.2000000000	-0.1341000000
0.2000000000	-0.1338000000
0.2000000000	-0.1335000000
0.2000000000	-0.1332000000
0.2000000000	-0.1330000000
0.2000000000	-0.1327000000
0.2000000000	-0.1324000000
0.2000000000	-0.1324000000
0.2000000000	-0.1325000000
0.2000000000	-0.1325000000
0.2000000000	-0.1325000000
0.2000000000	-0.1325000000
0.2000000000	-0.1325000000
0.2000000000	-0.1324000000
0.2000000000	-0.1324000000
0.2000000000	-0.1322000000
0.2000000000	-0.1315000000
0.2000000000	-0.1311000000
0.2000000000	-0.1309000000
0.2000000000	-0.1306000000
0.2000000000	-0.1304000000
0.2000000000	-0.1303000000
0.2000000000	-0.1302000000
0.2000000000	-0.1300000000
0.2000000000	-0.1298000000
0.2000000000	-0.1295000000
0.2000000000	-0.1291000000
0.2000000000	-0.1288000000
0.2000000000	-0.1288000000
0.2000000000	-0.1288000000
0.2000000000	-0.1289000000
0.2000000000	-0.1289000000
0.2000000000	-0.1289000000
0.2000000000	-0.1289000000
0.2000000000	-0.1288000000
0.2000000000	-0.1288000000
0.2000000000	-0.1288000000
0.2000000000	-0.1284000000
0.2000000000	-0.1278000000
0.2000000000	-0.1274000000
0.2000000000	-0.1271000000
0.2000000000	-0.1270000000
0.2000000000	-0.1269000000
0.2000000000	-0.1266000000
0.2000000000	-0.1264000000
0.2000000000	-0.1261000000
0.2000000000	-0.1257000000
0.2000000000	-0.1253000000
0.2000000000	-0.1250000000
0.2000000000	-0.1248000000
0.2000000000	-0.1248000000
0.2000000000	-0.1248000000
0.2000000000	-0.1249000000
0.2000000000	-0.1249000000
0.2000000000	-0.1249000000
0.2000000000	-0.1249000000
0.2000000000	-0.1249000000
0.2000000000	-0.1248000000
0.2000000000	-0.1248000000
0.2000000000	-0.1245000000
0.2000000000	-0.1239000000
0.2000000000	-0.1237000000
0.2000000000	-0.1233000000
0.2000000000	-0.1227000000
0.2000000000	-0.1221000000
0.2000000000	-0.1215000000
0.2000000000	-0.1213000000
0.2000000000	-0.1210000000
0.2000000000	-0.1207000000
0.2000000000	-0.1206000000
0.2000000000	-0.1205000000
0.2000000000	-0.1206000000
0.2000000000	-0.1206000000
0.2000000000	-0.1206000000
0.2000000000	-0.1206000000
0.2000000000	-0.1206000000
0.2000000000	-0.1206000000
0.2000000000	-0.1206000000
0.2000000000	-0.1206000000
0.2000000000	-0.1205000000
0.2000000000	-0.1201000000
0.2000000000	-0.1194000000
0.2000000000	-0.1191000000
0.3000000000	-0.1186000000
0.3000000000	-0.1180000000
0.3000000000	-0.1177000000
0.3000000000	-0.1173000000
0.3000000000	-0.1169000000
0.3000000000	-0.1167000000
0.3000000000	-0.1166000000
0.3000000000	-0.1165000000
0.3000000000	-0.1165000000
0.3000000000	-0.1166000000
0.3000000000	-0.1166000000
0.3000000000	-0.1166000000
0.3000000000	-0.1166000000
0.3000000000	-0.1166000000
0.3000000000	-0.1166000000
0.3000000000	-0.1166000000
0.3000000000	-0.1166000000
0.3000000000	-0.1165000000
0.4000000000	-0.1157000000
0.5000000000	-0.1152000000
0.5000000000	-0.1145000000
0.5000000000	-0.1141000000
0.5000000000	-0.1139000000
0.5000000000	-0.1133000000
0.5000000000	-0.1128000000
0.5000000000	-0.1125000000
0.5000000000	-0.1125000000
0.5000000000	-0.1123000000
0.5000000000	-0.1121000000
0.5000000000	-0.1121000000
0.5000000000	-0.1122000000
0.5000000000	-0.1122000000
0.5000000000	-0.1122000000
0.5000000000	-0.1122000000
0.5000000000	-0.1122000000
0.5000000000	-0.1122000000
0.5000000000	-0.1122000000
0.5000000000	-0.1122000000
0.5000000000	-0.1118000000
0.5000000000	-0.1111000000
0.5000000000	-0.1106000000
0.5000000000	-0.1105000000
0.5000000000	-0.1103000000
0.5000000000	-0.1100000000
0.5000000000	-0.1096000000
0.6000000000	-0.1088000000
0.6000000000	-0.1085000000
0.6000000000	-0.1083000000
0.6000000000	-0.1082000000
0.6000000000	-0.1082000000
0.6000000000	-0.1083000000
0.6000000000	-0.1083000000
0.6000000000	-0.1083000000
0.6000000000	-0.1083000000
0.6000000000	-0.1083000000
0.6000000000	-0.1083000000
0.6000000000	-0.1083000000
0.6000000000	-0.1083000000
0.6000000000	-0.1082000000
0.6000000000	-0.1082000000
0.6000000000	-0.1079000000
0.6000000000	-0.1076000000
0.6000000000	-0.1074000000
0.7000000000	-0.1069000000
0.7000000000	-0.1064000000
0.7000000000	-0.1062000000
0.7000000000	-0.1058000000
0.8000000000	-0.1054000000
0.8000000000	-0.1050000000
0.9000000000	-0.1048000000
0.9000000000	-0.1046000000
0.9000000000	-0.1046000000
0.9000000000	-0.1046000000
0.9000000000	-0.1047000000
0.9000000000	-0.1047000000
0.9000000000	-0.1047000000
0.9000000000	-0.1047000000
0.9000000000	-0.1047000000
0.9000000000	-0.1047000000
0.9000000000	-0.1047000000
0.9000000000	-0.1046000000
1.0000000000	-0.1040000000
1.0000000000	-0.1037000000
1.1000000000	-0.1032000000
1.2000000000	-0.1026000000
1.2000000000	-0.1023000000
1.2000000000	-0.1021000000
1.2000000000	-0.1017000000
1.2000000000	-0.1015000000
1.3000000000	-0.1009000000
1.3000000000	-0.1006000000
1.3000000000	-0.1006000000
1.3000000000	-0.1006000000
1.3000000000	-0.1006000000
1.3000000000	-0.1006000000
1.3000000000	-0.1006000000
1.3000000000	-0.1006000000
1.3000000000	-0.1006000000
1.3000000000	-0.1006000000
1.3000000000	-0.1006000000
1.3000000000	-0.1006000000
1.3000000000	-0.1003000000
1.3000000000	-0.0993000000
1.3000000000	-0.0988000000
1.3000000000	-0.0986000000
1.3000000000	-0.0981000000
1.3000000000	-0.0980000000
1.3000000000	-0.0977000000
1.3000000000	-0.0975000000
1.3000000000	-0.0974000000
1.3000000000	-0.0968000000
1.3000000000	-0.0967000000
1.3000000000	-0.0967000000
1.3000000000	-0.0967000000
1.2000000000	-0.0968000000
1.2000000000	-0.0968000000
1.2000000000	-0.0968000000
1.2000000000	-0.0968000000
1.2000000000	-0.0968000000
1.2000000000	-0.0968000000
1.2000000000	-0.0968000000
1.2000000000	-0.0968000000
1.3000000000	-0.0965000000
1.2000000000	-0.0957000000
1.2000000000	-0.0954000000
1.2000000000	-0.0950000000
1.1000000000	-0.0941000000
1.1000000000	-0.0939000000
1.1000000000	-0.0936000000
1.1000000000	-0.0932000000
1.1000000000	-0.0930000000
1.1000000000	-0.0925000000
1.1000000000	-0.0924000000
1.1000000000	-0.0924000000
1.1000000000	-0.0924000000
1.1000000000	-0.0924000000
1.1000000000	-0.0924000000
1.1000000000	-0.0924000000
1.1000000000	-0.0924000000
1.1000000000	-0.0924000000
1.1000000000	-0.0924000000
1.1000000000	-0.0924000000
1.1000000000	-0.0920000000
1.0000000000	-0.0910000000
1.0000000000	-0.0902000000
1.0000000000	-0.0894000000
1.0000000000	-0.0893000000
1.0000000000	-0.0890000000
1.0000000000	-0.0887000000
1.0000000000	-0.0886000000
1.0000000000	-0.0882000000
0.9000000000	-0.0876000000
0.9000000000	-0.0875000000
0.9000000000	-0.0875000000
0.9000000000	-0.0875000000
0.9000000000	-0.0875000000
0.9000000000	-0.0875000000
0.9000000000	-0.0875000000
0.9000000000	-0.0875000000
0.9000000000	-0.0875000000
0.9000000000	-0.0875000000
0.9000000000	-0.0875000000
0.9000000000	-0.0871000000
0.9000000000	-0.0862000000
0.9000000000	-0.0860000000
0.9000000000	-0.0853000000
0.8000000000	-0.0846000000
0.8000000000	-0.0842000000
0.8000000000	-0.0841000000
0.8000000000	-0.0839000000
0.8000000000	-0.0836000000
0.8000000000	-0.0832000000
0.8000000000	-0.0830000000
0.8000000000	-0.0830000000
0.8000000000	-0.0830000000
0.8000000000	-0.0830000000
0.8000000000	-0.0830000000
0.8000000000	-0.0830000000
0.8000000000	-0.0830000000
0.8000000000	-0.0830000000
0.8000000000	-0.0830000000
0.8000000000	-0.0830000000
0.8000000000	-0.0830000000
0.8000000000	-0.0825000000
0.7000000000	-0.0822000000
0.7000000000	-0.0819000000
0.7000000000	-0.0813000000
0.7000000000	-0.0811000000
0.7000000000	-0.0808000000
0.6000000000	-0.0805000000
0.6000000000	-0.0802000000
0.6000000000	-0.0798000000
0.6000000000	-0.0794000000
0.5000000000	-0.0792000000
0.5000000000	-0.0792000000
0.5000000000	-0.0792000000
0.5000000000	-0.0792000000
0.5000000000	-0.0792000000
0.5000000000	-0.0792000000
0.5000000000	-0.0792000000
0.5000000000	-0.0792000000
0.5000000000	-0.0792000000
0.5000000000	-0.0792000000
0.5000000000	-0.0792000000
0.5000000000	-0.0785000000
0.5000000000	-0.0782000000
0.4000000000	-0.0779000000
0.4000000000	-0.0773000000
0.4000000000	-0.0766000000
0.4000000000	-0.0762000000
0.3000000000	-0.0760000000
0.3000000000	-0.0758000000
0.3000000000	-0.0753000000
0.3000000000	-0.0753000000
0.3000000000	-0.0753000000
0.3000000000	-0.0753000000
0.3000000000	-0.0753000000
0.3000000000	-0.0753000000
0.3000000000	-0.0753000000
0.3000000000	-0.0753000000
0.3000000000	-0.0753000000
0.3000000000	-0.0753000000
0.3000000000	-0.0753000000
0.3000000000	-0.0753000000
0.3000000000	-0.0753000000
0.3000000000	-0.0750000000
0.3000000000	-0.0747000000
0.3000000000	-0.0744000000
0.3000000000	-0.0739000000
0.2000000000	-0.0734000000
0.2000000000	-0.0734000000
0.2000000000	-0.0731000000
0.2000000000	-0.0729000000
0.2000000000	-0.0728000000
0.2000000000	-0.0728000000
0.2000000000	-0.0728000000
0.2000000000	-0.0725000000
0.2000000000	-0.0723000000
0.2000000000	-0.0723000000
0.2000000000	-0.0724000000
0.2000000000	-0.0724000000
0.2000000000	-0.0724000000
0.2000000000	-0.0724000000
0.2000000000	-0.0724000000
0.2000000000	-0.0724000000
0.2000000000	-0.0724000000
0.2000000000	-0.0724000000
0.2000000000	-0.0724000000
0.2000000000	-0.0723000000
0.2000000000	-0.0723000000
0.2000000000	-0.0717000000
0.2000000000	-0.0710000000
0.2000000000	-0.0708000000
0.2000000000	-0.0707000000
0.2000000000	-0.0705000000
0.2000000000	-0.0702000000
0.2000000000	-0.0695000000
0.2000000000	-0.0690000000
0.2000000000	-0.0688000000
0.2000000000	-0.0684000000
0.2000000000	-0.0683000000
0.2000000000	-0.0683000000
0.2000000000	-0.0683000000
0.2000000000	-0.0683000000
0.2000000000	-0.0683000000
0.2000000000	-0.0683000000
0.2000000000	-0.0683000000
0.2000000000	-0.0683000000
0.2000000000	-0.0683000000
0.2000000000	-0.0683000000
0.2000000000	-0.0678000000
0.2000000000	-0.0670000000
0.2000000000	-0.0664000000
0.2000000000	-0.0662000000
0.2000000000	-0.0658000000
0.2000000000	-0.0656000000
0.2000000000	-0.0654000000
0.2000000000	-0.0650000000
0.2000000000	-0.0648000000
0.2000000000	-0.0644000000
0.2000000000	-0.0639000000
0.2000000000	-0.0637000000
0.2000000000	-0.0637000000
0.2000000000	-0.0637000000
0.2000000000	-0.0637000000
0.2000000000	-0.0637000000
0.2000000000	-0.0637000000
0.2000000000	-0.0637000000
0.2000000000	-0.0637000000
0.2000000000	-0.0637000000
0.2000000000	-0.0637000000
0.2000000000	-0.0637000000
0.2000000000	-0.0636000000
0.2000000000	-0.0631000000
0.2000000000	-0.0627000000
0.2000000000	-0.0624000000
0.2000000000	-0.0620000000
0.2000000000	-0.0616000000
0.2000000000	-0.0612000000
0.2000000000	-0.0610000000
0.2000000000	-0.0608000000
0.2000000000	-0.0605000000
0.2000000000	-0.0604000000
0.2000000000	-0.0604000000
0.2000000000	-0.0605000000
0.2000000000	-0.0605000000
0.2000000000	-0.0605000000
0.2000000000	-0.0605000000
0.2000000000	-0.0605000000
0.2000000000	-0.0605000000
0.2000000000	-0.0605000000
0.2000000000	-0.0605000000
0.2000000000	-0.0605000000
0.2000000000	-0.0604000000
0.2000000000	-0.0602000000
0.2000000000	-0.0596000000
0.2000000000	-0.0592000000
0.2000000000	-0.0587000000
0.2000000000	-0.0584000000
0.2000000000	-0.0579000000
0.2000000000	-0.0577000000
0.2000000000	-0.0576000000
0.2000000000	-0.0573000000
0.2000000000	-0.0573000000
0.2000000000	-0.0573000000
0.2000000000	-0.0573000000
0.2000000000	-0.0574000000
0.2000000000	-0.0574000000
0.2000000000	-0.0574000000
0.2000000000	-0.0574000000
0.2000000000	-0.0574000000
0.2000000000	-0.0574000000
0.2000000000	-0.0573000000
0.2000000000	-0.0573000000
0.2000000000	-0.0573000000
0.2000000000	-0.0572000000
0.2000000000	-0.0566000000
0.2000000000	-0.0562000000
0.2000000000	-0.0558000000
0.2000000000	-0.0554000000
0.2000000000	-0.0552000000
0.2000000000	-0.0548000000
0.2000000000	-0.0545000000
0.2000000000	-0.0544000000
0.2000000000	-0.0540000000
0.2000000000	-0.0538000000
0.2000000000	-0.0538000000
0.2000000000	-0.0538000000
0.2000000000	-0.0539000000
0.2000000000	-0.0539000000
0.2000000000	-0.0539000000
0.2000000000	-0.0539000000
0.2000000000	-0.0539000000
0.2000000000	-0.0538000000
0.2000000000	-0.0538000000
0.2000000000	-0.0538000000
0.2000000000	-0.0538000000
0.2000000000	-0.0533000000
0.2000000000	-0.0529000000
0.2000000000	-0.0524000000
0.2000000000	-0.0519000000
0.2000000000	-0.0517000000
0.2000000000	-0.0513000000
0.2000000000	-0.0510000000
0.2000000000	-0.0507000000
0.2000000000	-0.0505000000
0.2000000000	-0.0504000000
0.2000000000	-0.0504000000
0.2000000000	-0.0504000000
0.2000000000	-0.0505000000
0.2000000000	-0.0505000000
0.2000000000	-0.0505000000
0.2000000000	-0.0505000000
0.2000000000	-0.0505000000
0.2000000000	-0.0505000000
0.2000000000	-0.0504000000
0.2000000000	-0.0504000000
0.2000000000	-0.0504000000
0.2000000000	-0.0500000000
0.2000000000	-0.0495000000
0.2000000000	-0.0490000000
0.2000000000	-0.0487000000
0.2000000000	-0.0485000000
0.2000000000	-0.0483000000
0.2000000000	-0.0480000000
0.2000000000	-0.0479000000
0.2000000000	-0.0478000000
0.2000000000	-0.0474000000
0.2000000000	-0.0472000000
0.2000000000	-0.0472000000
0.2000000000	-0.0473000000
0.2000000000	-0.0473000000
0.2000000000	-0.0473000000
0.2000000000	-0.0473000000
0.2000000000	-0.0473000000
0.2000000000	-0.0473000000
0.2000000000	-0.0473000000
0.2000000000	-0.0473000000
0.2000000000	-0.0473000000
0.2000000000	-0.0473000000
0.2000000000	-0.0473000000
0.2000000000	-0.0468000000
0.2000000000	-0.0465000000
0.2000000000	-0.0462000000
0.2000000000	-0.0458000000
0.2000000000	-0.0455000000
0.2000000000	-0.0453000000
0.2000000000	-0.0451000000
0.2000000000	-0.0450000000
0.2000000000	-0.0450000000
0.2000000000	-0.0450000000
0.2000000000	-0.0450000000
0.2000000000	-0.0450000000
0.2000000000	-0.0450000000
0.2000000000	-0.0450000000
0.2000000000	-0.0450000000
0.2000000000	-0.0450000000
0.2000000000	-0.0450000000
0.2000000000	-0.0450000000
0.2000000000	-0.0450000000
0.2000000000	-0.0450000000
0.2000000000	-0.0450000000
0.2000000000	-0.0450000000
0.2000000000	-0.0449000000
0.2000000000	-0.0446000000
0.2000000000	-0.0445000000
0.2000000000	-0.0440000000
0.2000000000	-0.0435000000
0.2000000000	-0.0433000000
0.2000000000	-0.0430000000
0.2000000000	-0.0428000000
0.2000000000	-0.0426000000
0.2000000000	-0.0422000000
0.2000000000	-0.0419000000
0.2000000000	-0.0417000000
0.2000000000	-0.0416000000
0.2000000000	-0.0416000000
0.2000000000	-0.0416000000
0.2000000000	-0.0416000000
0.2000000000	-0.0416000000
0.2000000000	-0.0416000000
0.2000000000	-0.0416000000
0.2000000000	-0.0416000000
0.2000000000	-0.0416000000
0.2000000000	-0.0416000000
0.2000000000	-0.0412000000
0.2000000000	-0.0407000000
0.2000000000	-0.0399000000
0.2000000000	-0.0395000000
0.2000000000	-0.0392000000
0.2000000000	-0.0388000000
0.2000000000	-0.0386000000
0.2000000000	-0.0384000000
0.2000000000	-0.0383000000
0.2000000000	-0.0383000000
0.2000000000	-0.0383000000
0.2000000000	-0.0383000000
0.2000000000	-0.0383000000
0.2000000000	-0.0383000000
0.2000000000	-0.0383000000
0.2000000000	-0.0383000000
0.2000000000	-0.0383000000
0.2000000000	-0.0383000000
0.2000000000	-0.0382000000
0.2000000000	-0.0379000000
0.2000000000	-0.0371000000
0.2000000000	-0.0367000000
0.2000000000	-0.0362000000
0.2000000000	-0.0358000000
0.2000000000	-0.0355000000
0.2000000000	-0.0352000000
0.2000000000	-0.0351000000
0.2000000000	-0.0351000000
0.2000000000	-0.0350000000
0.2000000000	-0.0351000000
0.2000000000	-0.0351000000
0.2000000000	-0.0351000000
0.2000000000	-0.0351000000
0.2000000000	-0.0351000000
0.2000000000	-0.0351000000
0.2000000000	-0.0351000000
0.2000000000	-0.0351000000
0.2000000000	-0.0350000000
0.2000000000	-0.0350000000
0.2000000000	-0.0343000000
0.2000000000	-0.0335000000
0.2000000000	-0.0329000000
0.2000000000	-0.0325000000
0.2000000000	-0.0322000000
0.2000000000	-0.0320000000
0.2000000000	-0.0317000000
0.2000000000	-0.0315000000
0.2000000000	-0.0313000000
0.2000000000	-0.0313000000
0.2000000000	-0.0313000000
0.2000000000	-0.0314000000
0.2000000000	-0.0314000000
0.2000000000	-0.0314000000
0.2000000000	-0.0314000000
0.2000000000	-0.0314000000
0.2000000000	-0.0314000000
0.2000000000	-0.0313000000
0.2000000000	-0.0313000000
0.2000000000	-0.0313000000
0.2000000000	-0.0309000000
0.2000000000	-0.0306000000
0.2000000000	-0.0302000000
0.2000000000	-0.0301000000
0.2000000000	-0.0299000000
0.2000000000	-0.0296000000
0.2000000000	-0.0293000000
0.2000000000	-0.0289000000
0.2000000000	-0.0287000000
0.2000000000	-0.0285000000
0.2000000000	-0.0285000000
0.2000000000	-0.0285000000
0.2000000000	-0.0285000000
0.2000000000	-0.0285000000
0.2000000000	-0.0285000000
0.2000000000	-0.0285000000
0.2000000000	-0.0285000000
0.2000000000	-0.0285000000
0.2000000000	-0.0285000000
0.2000000000	-0.0285000000
0.2000000000	-0.0285000000
0.2000000000	-0.0285000000
0.2000000000	-0.0285000000
0.2000000000	-0.0279000000
0.2000000000	-0.0273000000
0.2000000000	-0.0269000000
0.2000000000	-0.0266000000
0.2000000000	-0.0263000000
0.2000000000	-0.0259000000
0.2000000000	-0.0257000000
0.2000000000	-0.0255000000
0.2000000000	-0.0254000000
0.2000000000	-0.0254000000
0.2000000000	-0.0254000000
0.2000000000	-0.0254000000
0.2000000000	-0.0254000000
0.2000000000	-0.0254000000
0.2000000000	-0.0254000000
0.2000000000	-0.0254000000
0.2000000000	-0.0254000000
0.2000000000	-0.0254000000
0.2000000000	-0.0253000000
0.2000000000	-0.0249000000
0.2000000000	-0.0244000000
0.2000000000	-0.0237000000
0.2000000000	-0.0234000000
0.2000000000	-0.0231000000
0.2000000000	-0.0227000000
0.2000000000	-0.0224000000
0.2000000000	-0.0220000000
0.2000000000	-0.0217000000
0.2000000000	-0.0214000000
0.2000000000	-0.0210000000
0.2000000000	-0.0209000000
0.2000000000	-0.0210000000
0.2000000000	-0.0210000000
0.2000000000	-0.0210000000
0.2000000000	-0.0210000000
0.2000000000	-0.0210000000
0.2000000000	-0.0210000000
0.2000000000	-0.0210000000
0.2000000000	-0.0210000000
0.2000000000	-0.0209000000
0.2000000000	-0.0206000000
0.2000000000	-0.0202000000
0.2000000000	-0.0199000000
0.2000000000	-0.0198000000
0.2000000000	-0.0197000000
0.2000000000	-0.0194000000
0.2000000000	-0.0190000000
0.2000000000	-0.0187000000
0.2000000000	-0.0183000000
0.2000000000	-0.0179000000
0.2000000000	-0.0178000000
0.2000000000	-0.0175000000
0.2000000000	-0.0169000000
0.2000000000	-0.0169000000
0.2000000000	-0.0169000000
0.2000000000	-0.0169000000
0.2000000000	-0.0169000000
0.2000000000	-0.0169000000
0.2000000000	-0.0169000000
0.2000000000	-0.0169000000
0.2000000000	-0.0169000000
0.2000000000	-0.0169000000
0.2000000000	-0.0169000000
0.2000000000	-0.0168000000
0.2000000000	-0.0163000000
0.2000000000	-0.0159000000
0.2000000000	-0.0152000000
0.2000000000	-0.0148000000
0.2000000000	-0.0144000000
0.2000000000	-0.0138000000
0.2000000000	-0.0136000000
0.2000000000	-0.0136000000
0.2000000000	-0.0136000000
0.2000000000	-0.0135000000
0.2000000000	-0.0135000000
0.2000000000	-0.0133000000
0.2000000000	-0.0129000000
0.2000000000	-0.0127000000
0.2000000000	-0.0126000000
0.2000000000	-0.0125000000
0.2000000000	-0.0125000000
0.2000000000	-0.0125000000
0.2000000000	-0.0125000000
0.2000000000	-0.0125000000
0.2000000000	-0.0125000000
0.2000000000	-0.0125000000
0.2000000000	-0.0125000000
0.2000000000	-0.0124000000
0.2000000000	-0.0120000000
0.2000000000	-0.0116000000
0.2000000000	-0.0110000000
0.2000000000	-0.0104000000
0.2000000000	-0.0101000000
0.2000000000	-0.0099000000
0.2000000000	-0.0095000000
0.2000000000	-0.0089000000
0.2000000000	-0.0085000000
0.2000000000	-0.0082000000
0.2000000000	-0.0079000000
0.2000000000	-0.0079000000
0.2000000000	-0.0079000000
0.2000000000	-0.0079000000
0.2000000000	-0.0079000000
0.2000000000	-0.0079000000
0.2000000000	-0.0079000000
0.2000000000	-0.0079000000
0.2000000000	-0.0079000000
0.2000000000	-0.0079000000
0.2000000000	-0.0074000000
0.2000000000	-0.0071000000
0.2000000000	-0.0067000000
0.2000000000	-0.0061000000
0.2000000000	-0.0057000000
0.2000000000	-0.0053000000
0.2000000000	-0.0051000000
0.2000000000	-0.0047000000
0.2000000000	-0.0042000000
0.2000000000	-0.0039000000
0.2000000000	-0.0039000000
0.2000000000	-0.0039000000
0.2000000000	-0.0039000000
0.2000000000	-0.0039000000
0.2000000000	-0.0039000000
0.2000000000	-0.0039000000
0.2000000000	-0.0039000000
0.2000000000	-0.0039000000
0.2000000000	-0.0039000000
0.2000000000	-0.0039000000
0.2000000000	-0.0035000000
0.2000000000	-0.0029000000
0.2000000000	-0.0024000000
0.2000000000	-0.0022000000
0.2000000000	-0.0020000000
0.2000000000	-0.0016000000
0.2000000000	-0.0010000000
0.2000000000	-0.0006510000
0.2000000000	-0.0001180000
0.2000000000	0.0000197000
0.2000000000	0.0000197000
0.2000000000	0.0000197000
0.2000000000	0.0000197000
0.2000000000	0.0000197000
0.2000000000	0.0000197000
0.2000000000	0.0000197000
0.2000000000	0.0000197000
0.2000000000	0.0000197000
0.2000000000	0.0000197000
0.2000000000	0.0000197000
0.2000000000	-0.0000000000
0.2000000000	-0.0000000000
0.2000000000	-0.0000000000
0.2000000000	-0.0000000000
0.2000000000	-0.0000000000
0.2000000000	-0.0000000000
0.2000000000	-0.0000000000
0.2000000000	-0.0000000000
0.2000000000	-0.0000000000
0.2000000000	-0.0000000000
0.2000000000	-0.0000000000
0.2000000000	-0.0000000000
0.2000000000	-0.0000000000
0.2000000000	-0.0000000000
0.2000000000	-0.0000000000
0.2000000000	-0.0000000000
0.2000000000	-0.0000000000
0.2000000000	-0.0000000000
0.2000000000	-0.0000000000
0.2000000000	-0.0000000000
0.2000000000	-0.0000000000
0.2000000000	-0.0000000000
0.2000000000	-0.0000000000
0.2000000000	-0.0000000000
0.2000000000	-0.0000000000
0.2000000000	-0.0000000000
0.2000000000	-0.0000000000
0.2000000000	-0.0000000000
0.2000000000	-0.0000000000
0.2000000000	-0.0000000000
0.2000000000	-0.0000000000
0.2000000000	-0.0000000000
0.2000000000	-0.0000000000
0.2000000000	-0.0000000000
0.2000000000	-0.0000000000
0.2000000000	-0.0000000000
0.2000000000	-0.0000000000
0.2000000000	-0.0000000000
0.2000000000	-0.0000000000
0.2000000000	-0.0000000000
0.2000000000	-0.0000000000
0.2000000000	-0.0000000000
0.2000000000	-0.0000000000
0.2000000000	-0.0000000000
0.2000000000	-0.0000000000
0.2000000000	-0.0000000000
0.2000000000	-0.0000000000
0.2000000000	-0.0000000000
0.2000000000	-0.0000000000
0.2000000000	-0.0000000000
0.2000000000	-0.0000000000
0.2000000000	-0.0000000000
0.2000000000	-0.0000000000
0.2000000000	-0.0000000000
0.2000000000	-0.0000000000
0.2000000000	-0.0000000000
0.2000000000	-0.0000000000
0.2000000000	-0.0000000000
0.2000000000	-0.0000000000
0.2000000000	-0.0000000000
0.2000000000	-0.0000000000
0.2000000000	-0.0000000000
0.2000000000	-0.0000000000
0.2000000000	-0.0000000000
0.2000000000	-0.0000000000
0.2000000000	-0.0000000000
0.2000000000	-0.0000000000
0.2000000000	-0.0000000000
0.2000000000	-0.0000000000
0.2000000000	-0.0000000000
0.2000000000	-0.0000000000
0.2000000000	-0.0000000000
0.2000000000	-0.0000000000
0.2000000000	-0.0000000000
0.2000000000	-0.0000000000
0.2000000000	-0.0000000000
0.2000000000	-0.0000000000
0.2000000000	-0.0000000000
0.2000000000	-0.0000000000
0.2000000000	-0.0000000000
0.2000000000	-0.0000000000
0.2000000000	-0.0000000000
0.2000000000	-0.0000000000
0.2000000000	-0.0000000000
0.2000000000	-0.0000000000
0.2000000000	-0.0000000000
0.2000000000	-0.0000000000
0.2000000000	-0.0000000000
0.2000000000	-0.0000000000
0.2000000000	-0.0000000000
0.2000000000	-0.0000000000
0.2000000000	-0.0000000000
0.2000000000	-0.0000000000
0.2000000000	-0.0000000000
0.2000000000	-0.0000000000
0.2000000000	-0.0000000000
0.2000000000	-0.0000000000
0.2000000000	-0.0000000000
0.2000000000	-0.0000000000
0.2000000000	-0.0000000000
0.2000000000	-0.0000000000
0.2000000000	-0.0000000000
0.2000000000	-0.0000000000
0.2000000000	-0.0000000000
0.2000000000	-0.0000000000
0.2000000000	-0.0000000000
0.2000000000	-0.0000000000
