Light Intensity (% of scale max) Alessio_0.02_1.5_lampadina	Position (m) Alessio_0.02_1.5_lampadina
0.0000000000	0.0000000000
0.0000000000	0.0000000000
0.0000000000	0.0000000000
0.0000000000	0.0000000000
0.0000000000	0.0000000000
0.0000000000	0.0000000000
0.0000000000	0.0000000000
0.0000000000	0.0000000000
0.0000000000	0.0000000000
0.0000000000	0.0000000000
0.0000000000	0.0000000000
0.0000000000	0.0000000000
0.0000000000	0.0000000000
0.0000000000	0.0000000000
0.0000000000	0.0000000000
0.0000000000	-0.0000197000
0.0000000000	-0.0000197000
0.0000000000	-0.0000197000
0.0000000000	-0.0000197000
0.0000000000	-0.0000197000
0.0000000000	-0.0000197000
0.0000000000	-0.0000197000
0.0000000000	-0.0000197000
0.0000000000	-0.0000395000
0.0000000000	-0.0000395000
0.0000000000	-0.0000395000
0.0000000000	-0.0000395000
0.0000000000	-0.0000395000
0.0000000000	-0.0000395000
0.0000000000	-0.0000395000
0.0000000000	-0.0000592000
0.0000000000	-0.0001580000
0.0000000000	-0.0009470000
0.0000000000	-0.0010000000
0.0000000000	-0.0010000000
0.0000000000	-0.0011000000
0.0000000000	-0.0015000000
0.0000000000	-0.0020000000
0.0000000000	-0.0024000000
0.0000000000	-0.0025000000
0.0000000000	-0.0026000000
0.0000000000	-0.0027000000
0.0000000000	-0.0027000000
0.0000000000	-0.0030000000
0.0000000000	-0.0034000000
0.0000000000	-0.0038000000
0.0000000000	-0.0041000000
0.0000000000	-0.0043000000
0.0000000000	-0.0046000000
0.0000000000	-0.0049000000
0.0000000000	-0.0052000000
0.0000000000	-0.0057000000
0.0000000000	-0.0058000000
0.0000000000	-0.0058000000
0.0000000000	-0.0057000000
0.0000000000	-0.0057000000
0.0000000000	-0.0057000000
0.0000000000	-0.0057000000
0.0000000000	-0.0057000000
0.0000000000	-0.0057000000
0.0000000000	-0.0057000000
0.0000000000	-0.0057000000
0.0000000000	-0.0057000000
0.0000000000	-0.0058000000
0.0000000000	-0.0059000000
0.0000000000	-0.0061000000
0.0000000000	-0.0064000000
0.0000000000	-0.0067000000
0.0000000000	-0.0071000000
0.0000000000	-0.0075000000
0.0000000000	-0.0078000000
0.0000000000	-0.0078000000
0.0000000000	-0.0079000000
0.0000000000	-0.0080000000
0.0000000000	-0.0081000000
0.0000000000	-0.0083000000
0.0000000000	-0.0087000000
0.0000000000	-0.0091000000
0.0000000000	-0.0093000000
0.0000000000	-0.0095000000
0.0000000000	-0.0096000000
0.0000000000	-0.0101000000
0.0000000000	-0.0108000000
0.0000000000	-0.0111000000
0.0000000000	-0.0112000000
0.0000000000	-0.0112000000
0.0000000000	-0.0112000000
0.0000000000	-0.0109000000
0.0000000000	-0.0109000000
0.0000000000	-0.0109000000
0.0000000000	-0.0109000000
0.0000000000	-0.0109000000
0.0000000000	-0.0109000000
0.0000000000	-0.0109000000
0.0000000000	-0.0109000000
0.0000000000	-0.0109000000
0.0000000000	-0.0110000000
0.0000000000	-0.0112000000
0.0000000000	-0.0117000000
0.0000000000	-0.0122000000
0.0000000000	-0.0122000000
0.0000000000	-0.0124000000
0.0000000000	-0.0128000000
0.0000000000	-0.0132000000
0.0000000000	-0.0135000000
0.0000000000	-0.0139000000
0.0000000000	-0.0142000000
0.0000000000	-0.0143000000
0.0000000000	-0.0147000000
0.0000000000	-0.0148000000
0.0000000000	-0.0149000000
0.0000000000	-0.0152000000
0.0000000000	-0.0155000000
0.0000000000	-0.0156000000
0.0000000000	-0.0157000000
0.0000000000	-0.0159000000
0.0000000000	-0.0163000000
0.0000000000	-0.0168000000
0.0000000000	-0.0170000000
0.0000000000	-0.0170000000
0.0000000000	-0.0170000000
0.0000000000	-0.0168000000
0.0000000000	-0.0168000000
0.0000000000	-0.0168000000
0.0000000000	-0.0168000000
0.0000000000	-0.0168000000
0.0000000000	-0.0168000000
0.0000000000	-0.0168000000
0.0000000000	-0.0168000000
0.0000000000	-0.0168000000
0.0000000000	-0.0168000000
0.0000000000	-0.0169000000
0.0000000000	-0.0170000000
0.0000000000	-0.0171000000
0.0000000000	-0.0175000000
0.0000000000	-0.0180000000
0.0000000000	-0.0181000000
0.0000000000	-0.0183000000
0.0000000000	-0.0189000000
0.0000000000	-0.0191000000
0.0000000000	-0.0192000000
0.0000000000	-0.0194000000
0.0000000000	-0.0196000000
0.0000000000	-0.0199000000
0.0000000000	-0.0202000000
0.0000000000	-0.0204000000
0.0000000000	-0.0207000000
0.0000000000	-0.0211000000
0.0000000000	-0.0213000000
0.0000000000	-0.0215000000
0.0000000000	-0.0217000000
0.0000000000	-0.0217000000
0.0000000000	-0.0217000000
0.0000000000	-0.0217000000
0.0000000000	-0.0217000000
0.0000000000	-0.0216000000
0.0000000000	-0.0217000000
0.0000000000	-0.0217000000
0.0000000000	-0.0217000000
0.0000000000	-0.0217000000
0.0000000000	-0.0216000000
0.0000000000	-0.0217000000
0.0000000000	-0.0217000000
0.0000000000	-0.0217000000
0.0000000000	-0.0221000000
0.0000000000	-0.0225000000
0.0000000000	-0.0226000000
0.0000000000	-0.0228000000
0.0000000000	-0.0231000000
0.0000000000	-0.0235000000
0.0000000000	-0.0239000000
0.0000000000	-0.0242000000
0.0000000000	-0.0245000000
0.0000000000	-0.0248000000
0.0000000000	-0.0251000000
0.0000000000	-0.0254000000
0.0000000000	-0.0258000000
0.0000000000	-0.0260000000
0.0000000000	-0.0261000000
0.0000000000	-0.0262000000
0.0000000000	-0.0262000000
0.0000000000	-0.0262000000
0.0000000000	-0.0265000000
0.0000000000	-0.0268000000
0.0000000000	-0.0270000000
0.0000000000	-0.0272000000
0.0000000000	-0.0274000000
0.0000000000	-0.0278000000
0.0000000000	-0.0279000000
0.0000000000	-0.0279000000
0.0000000000	-0.0279000000
0.0000000000	-0.0276000000
0.0000000000	-0.0272000000
0.0000000000	-0.0272000000
0.0000000000	-0.0273000000
0.0000000000	-0.0273000000
0.0000000000	-0.0273000000
0.0000000000	-0.0273000000
0.0000000000	-0.0273000000
0.0000000000	-0.0273000000
0.0000000000	-0.0274000000
0.0000000000	-0.0278000000
0.0000000000	-0.0286000000
0.0000000000	-0.0289000000
0.0000000000	-0.0291000000
0.0000000000	-0.0294000000
0.0000000000	-0.0295000000
0.0000000000	-0.0297000000
0.0000000000	-0.0299000000
0.0000000000	-0.0301000000
0.0000000000	-0.0304000000
0.0000000000	-0.0306000000
0.0000000000	-0.0308000000
0.0000000000	-0.0310000000
0.0000000000	-0.0315000000
0.0000000000	-0.0318000000
0.0000000000	-0.0318000000
0.0000000000	-0.0320000000
0.0000000000	-0.0323000000
0.0000000000	-0.0324000000
0.0000000000	-0.0324000000
0.0000000000	-0.0325000000
0.0000000000	-0.0326000000
0.0000000000	-0.0326000000
0.0000000000	-0.0326000000
0.0000000000	-0.0326000000
0.0000000000	-0.0324000000
0.0000000000	-0.0323000000
0.0000000000	-0.0323000000
0.0000000000	-0.0323000000
0.0000000000	-0.0323000000
0.0000000000	-0.0323000000
0.0000000000	-0.0323000000
0.0000000000	-0.0323000000
0.0000000000	-0.0323000000
0.0000000000	-0.0324000000
0.0000000000	-0.0325000000
0.0000000000	-0.0327000000
0.0000000000	-0.0333000000
0.0000000000	-0.0336000000
0.0000000000	-0.0336000000
0.0000000000	-0.0337000000
0.0000000000	-0.0341000000
0.0000000000	-0.0342000000
0.0000000000	-0.0344000000
0.0000000000	-0.0348000000
0.0000000000	-0.0350000000
0.0000000000	-0.0352000000
0.0000000000	-0.0353000000
0.0000000000	-0.0354000000
0.0000000000	-0.0355000000
0.0000000000	-0.0356000000
0.0000000000	-0.0357000000
0.0000000000	-0.0359000000
0.0000000000	-0.0359000000
0.0000000000	-0.0360000000
0.0000000000	-0.0364000000
0.0000000000	-0.0364000000
0.0000000000	-0.0365000000
0.0000000000	-0.0368000000
0.0000000000	-0.0369000000
0.1000000000	-0.0370000000
0.1000000000	-0.0372000000
0.1000000000	-0.0374000000
0.1000000000	-0.0376000000
0.1000000000	-0.0377000000
0.1000000000	-0.0377000000
0.1000000000	-0.0376000000
0.1000000000	-0.0373000000
0.1000000000	-0.0373000000
0.1000000000	-0.0373000000
0.1000000000	-0.0373000000
0.1000000000	-0.0373000000
0.1000000000	-0.0373000000
0.1000000000	-0.0371000000
0.1000000000	-0.0371000000
0.1000000000	-0.0372000000
0.1000000000	-0.0372000000
0.1000000000	-0.0374000000
0.1000000000	-0.0376000000
0.1000000000	-0.0382000000
0.1000000000	-0.0386000000
0.1000000000	-0.0387000000
0.1000000000	-0.0390000000
0.1000000000	-0.0394000000
0.1000000000	-0.0395000000
0.1000000000	-0.0396000000
0.1000000000	-0.0398000000
0.1000000000	-0.0399000000
0.1000000000	-0.0402000000
0.1000000000	-0.0406000000
0.1000000000	-0.0408000000
0.1000000000	-0.0409000000
0.1000000000	-0.0410000000
0.1000000000	-0.0412000000
0.1000000000	-0.0413000000
0.1000000000	-0.0414000000
0.1000000000	-0.0414000000
0.1000000000	-0.0417000000
0.1000000000	-0.0421000000
0.1000000000	-0.0422000000
0.1000000000	-0.0424000000
0.1000000000	-0.0426000000
0.1000000000	-0.0427000000
0.1000000000	-0.0427000000
0.1000000000	-0.0427000000
0.1000000000	-0.0426000000
0.1000000000	-0.0426000000
0.1000000000	-0.0423000000
0.1000000000	-0.0423000000
0.1000000000	-0.0423000000
0.1000000000	-0.0423000000
0.1000000000	-0.0423000000
0.1000000000	-0.0423000000
0.1000000000	-0.0423000000
0.1000000000	-0.0424000000
0.1000000000	-0.0424000000
0.1000000000	-0.0425000000
0.1000000000	-0.0427000000
0.1000000000	-0.0433000000
0.1000000000	-0.0436000000
0.1000000000	-0.0436000000
0.1000000000	-0.0438000000
0.1000000000	-0.0440000000
0.1000000000	-0.0441000000
0.1000000000	-0.0446000000
0.1000000000	-0.0448000000
0.1000000000	-0.0451000000
0.1000000000	-0.0452000000
0.1000000000	-0.0454000000
0.1000000000	-0.0456000000
0.1000000000	-0.0458000000
0.1000000000	-0.0460000000
0.1000000000	-0.0462000000
0.1000000000	-0.0465000000
0.1000000000	-0.0467000000
0.1000000000	-0.0468000000
0.1000000000	-0.0469000000
0.1000000000	-0.0471000000
0.1000000000	-0.0473000000
0.1000000000	-0.0475000000
0.1000000000	-0.0477000000
0.1000000000	-0.0479000000
0.1000000000	-0.0480000000
0.1000000000	-0.0480000000
0.1000000000	-0.0479000000
0.1000000000	-0.0479000000
0.1000000000	-0.0478000000
0.1000000000	-0.0478000000
0.1000000000	-0.0478000000
0.1000000000	-0.0478000000
0.1000000000	-0.0478000000
0.1000000000	-0.0478000000
0.1000000000	-0.0478000000
0.1000000000	-0.0478000000
0.1000000000	-0.0479000000
0.1000000000	-0.0479000000
0.1000000000	-0.0481000000
0.1000000000	-0.0487000000
0.1000000000	-0.0491000000
0.1000000000	-0.0492000000
0.1000000000	-0.0494000000
0.1000000000	-0.0495000000
0.1000000000	-0.0496000000
0.1000000000	-0.0499000000
0.1000000000	-0.0502000000
0.1000000000	-0.0505000000
0.1000000000	-0.0507000000
0.1000000000	-0.0510000000
0.1000000000	-0.0512000000
0.1000000000	-0.0514000000
0.1000000000	-0.0516000000
0.1000000000	-0.0518000000
0.1000000000	-0.0520000000
0.1000000000	-0.0521000000
0.1000000000	-0.0523000000
0.1000000000	-0.0524000000
0.1000000000	-0.0525000000
0.1000000000	-0.0526000000
0.1000000000	-0.0527000000
0.1000000000	-0.0529000000
0.1000000000	-0.0531000000
0.1000000000	-0.0532000000
0.1000000000	-0.0533000000
0.1000000000	-0.0533000000
0.1000000000	-0.0532000000
0.1000000000	-0.0530000000
0.1000000000	-0.0528000000
0.1000000000	-0.0528000000
0.1000000000	-0.0528000000
0.1000000000	-0.0528000000
0.1000000000	-0.0528000000
0.1000000000	-0.0528000000
0.1000000000	-0.0528000000
0.1000000000	-0.0528000000
0.1000000000	-0.0528000000
0.1000000000	-0.0530000000
0.1000000000	-0.0533000000
0.1000000000	-0.0539000000
0.1000000000	-0.0542000000
0.1000000000	-0.0544000000
0.1000000000	-0.0547000000
0.1000000000	-0.0548000000
0.1000000000	-0.0549000000
0.1000000000	-0.0552000000
0.1000000000	-0.0553000000
0.1000000000	-0.0555000000
0.1000000000	-0.0558000000
0.1000000000	-0.0560000000
0.1000000000	-0.0562000000
0.1000000000	-0.0564000000
0.1000000000	-0.0565000000
0.1000000000	-0.0566000000
0.1000000000	-0.0567000000
0.1000000000	-0.0569000000
0.1000000000	-0.0570000000
0.1000000000	-0.0572000000
0.1000000000	-0.0574000000
0.1000000000	-0.0575000000
0.1000000000	-0.0578000000
0.1000000000	-0.0581000000
0.1000000000	-0.0582000000
0.1000000000	-0.0582000000
0.1000000000	-0.0581000000
0.1000000000	-0.0580000000
0.1000000000	-0.0577000000
0.1000000000	-0.0576000000
0.1000000000	-0.0576000000
0.1000000000	-0.0576000000
0.1000000000	-0.0576000000
0.1000000000	-0.0576000000
0.1000000000	-0.0576000000
0.1000000000	-0.0576000000
0.1000000000	-0.0576000000
0.1000000000	-0.0576000000
0.1000000000	-0.0576000000
0.1000000000	-0.0577000000
0.1000000000	-0.0577000000
0.1000000000	-0.0579000000
0.1000000000	-0.0582000000
0.0000000000	-0.0586000000
0.0000000000	-0.0591000000
0.0000000000	-0.0593000000
0.0000000000	-0.0596000000
0.0000000000	-0.0599000000
0.0000000000	-0.0601000000
0.0000000000	-0.0603000000
0.0000000000	-0.0606000000
0.0000000000	-0.0608000000
0.0000000000	-0.0610000000
0.0000000000	-0.0613000000
0.0000000000	-0.0615000000
0.0000000000	-0.0616000000
0.0000000000	-0.0617000000
0.0000000000	-0.0619000000
0.0000000000	-0.0624000000
0.0000000000	-0.0625000000
0.0000000000	-0.0626000000
0.0000000000	-0.0628000000
0.0000000000	-0.0629000000
0.0000000000	-0.0630000000
0.0000000000	-0.0632000000
0.0000000000	-0.0633000000
0.0000000000	-0.0634000000
0.0000000000	-0.0636000000
0.0000000000	-0.0638000000
0.0000000000	-0.0639000000
0.0000000000	-0.0639000000
0.0000000000	-0.0641000000
0.0000000000	-0.0643000000
0.0000000000	-0.0643000000
0.0000000000	-0.0643000000
0.0000000000	-0.0643000000
0.0000000000	-0.0641000000
0.0000000000	-0.0638000000
0.0000000000	-0.0638000000
0.0000000000	-0.0639000000
0.0000000000	-0.0639000000
0.0000000000	-0.0639000000
0.0000000000	-0.0639000000
0.0000000000	-0.0638000000
0.0000000000	-0.0639000000
0.0000000000	-0.0638000000
0.0000000000	-0.0638000000
0.0000000000	-0.0639000000
0.0000000000	-0.0639000000
0.0000000000	-0.0640000000
0.0000000000	-0.0644000000
0.1000000000	-0.0649000000
0.1000000000	-0.0652000000
0.1000000000	-0.0655000000
0.1000000000	-0.0658000000
0.1000000000	-0.0658000000
0.1000000000	-0.0660000000
0.1000000000	-0.0662000000
0.1000000000	-0.0664000000
0.1000000000	-0.0667000000
0.1000000000	-0.0670000000
0.1000000000	-0.0674000000
0.1000000000	-0.0676000000
0.1000000000	-0.0677000000
0.1000000000	-0.0679000000
0.1000000000	-0.0680000000
0.1000000000	-0.0681000000
0.1000000000	-0.0682000000
0.1000000000	-0.0684000000
0.1000000000	-0.0686000000
0.1000000000	-0.0687000000
0.1000000000	-0.0688000000
0.1000000000	-0.0689000000
0.1000000000	-0.0689000000
0.1000000000	-0.0689000000
0.1000000000	-0.0691000000
0.1000000000	-0.0693000000
0.1000000000	-0.0694000000
0.1000000000	-0.0694000000
0.1000000000	-0.0694000000
0.1000000000	-0.0694000000
0.1000000000	-0.0693000000
0.1000000000	-0.0691000000
0.1000000000	-0.0691000000
0.1000000000	-0.0691000000
0.1000000000	-0.0691000000
0.1000000000	-0.0691000000
0.1000000000	-0.0691000000
0.1000000000	-0.0691000000
0.1000000000	-0.0691000000
0.1000000000	-0.0691000000
0.1000000000	-0.0691000000
0.1000000000	-0.0691000000
0.1000000000	-0.0691000000
0.1000000000	-0.0692000000
0.1000000000	-0.0693000000
0.1000000000	-0.0694000000
0.1000000000	-0.0697000000
0.1000000000	-0.0697000000
0.1000000000	-0.0698000000
0.1000000000	-0.0700000000
0.1000000000	-0.0702000000
0.1000000000	-0.0704000000
0.1000000000	-0.0706000000
0.1000000000	-0.0709000000
0.1000000000	-0.0711000000
0.2000000000	-0.0713000000
0.2000000000	-0.0713000000
0.2000000000	-0.0714000000
0.2000000000	-0.0716000000
0.2000000000	-0.0717000000
0.2000000000	-0.0718000000
0.2000000000	-0.0719000000
0.2000000000	-0.0720000000
0.2000000000	-0.0723000000
0.2000000000	-0.0724000000
0.2000000000	-0.0725000000
0.2000000000	-0.0726000000
0.2000000000	-0.0727000000
0.2000000000	-0.0727000000
0.2000000000	-0.0729000000
0.2000000000	-0.0733000000
0.2000000000	-0.0735000000
0.2000000000	-0.0736000000
0.2000000000	-0.0736000000
0.3000000000	-0.0738000000
0.3000000000	-0.0741000000
0.3000000000	-0.0743000000
0.3000000000	-0.0745000000
0.3000000000	-0.0747000000
0.3000000000	-0.0747000000
0.3000000000	-0.0747000000
0.3000000000	-0.0747000000
0.3000000000	-0.0744000000
0.3000000000	-0.0742000000
0.3000000000	-0.0740000000
0.3000000000	-0.0739000000
0.3000000000	-0.0740000000
0.3000000000	-0.0740000000
0.3000000000	-0.0740000000
0.3000000000	-0.0740000000
0.3000000000	-0.0740000000
0.3000000000	-0.0739000000
0.3000000000	-0.0739000000
0.3000000000	-0.0740000000
0.3000000000	-0.0740000000
0.3000000000	-0.0742000000
0.3000000000	-0.0744000000
0.3000000000	-0.0750000000
0.4000000000	-0.0757000000
0.4000000000	-0.0758000000
0.4000000000	-0.0758000000
0.4000000000	-0.0758000000
0.4000000000	-0.0758000000
0.5000000000	-0.0760000000
0.5000000000	-0.0761000000
0.5000000000	-0.0762000000
0.5000000000	-0.0763000000
0.5000000000	-0.0765000000
0.5000000000	-0.0766000000
0.5000000000	-0.0767000000
0.6000000000	-0.0768000000
0.6000000000	-0.0770000000
0.6000000000	-0.0772000000
0.6000000000	-0.0772000000
0.6000000000	-0.0773000000
0.6000000000	-0.0777000000
0.7000000000	-0.0779000000
0.7000000000	-0.0780000000
0.7000000000	-0.0782000000
0.7000000000	-0.0784000000
0.7000000000	-0.0786000000
0.7000000000	-0.0788000000
0.7000000000	-0.0789000000
0.7000000000	-0.0789000000
0.7000000000	-0.0789000000
0.7000000000	-0.0789000000
0.7000000000	-0.0788000000
0.7000000000	-0.0787000000
0.7000000000	-0.0785000000
0.7000000000	-0.0785000000
0.7000000000	-0.0785000000
0.7000000000	-0.0785000000
0.7000000000	-0.0785000000
0.7000000000	-0.0785000000
0.7000000000	-0.0785000000
0.7000000000	-0.0785000000
0.7000000000	-0.0785000000
0.7000000000	-0.0786000000
0.7000000000	-0.0788000000
0.8000000000	-0.0791000000
0.8000000000	-0.0793000000
0.8000000000	-0.0793000000
0.8000000000	-0.0796000000
0.8000000000	-0.0799000000
0.8000000000	-0.0801000000
0.8000000000	-0.0803000000
0.8000000000	-0.0805000000
0.8000000000	-0.0808000000
0.8000000000	-0.0810000000
0.8000000000	-0.0811000000
0.8000000000	-0.0813000000
0.8000000000	-0.0817000000
0.8000000000	-0.0820000000
0.8000000000	-0.0821000000
0.8000000000	-0.0823000000
0.8000000000	-0.0826000000
0.8000000000	-0.0828000000
0.8000000000	-0.0829000000
0.8000000000	-0.0830000000
0.8000000000	-0.0831000000
0.8000000000	-0.0831000000
0.8000000000	-0.0831000000
0.8000000000	-0.0834000000
0.8000000000	-0.0837000000
0.8000000000	-0.0838000000
0.8000000000	-0.0838000000
0.8000000000	-0.0838000000
0.8000000000	-0.0838000000
0.8000000000	-0.0838000000
0.8000000000	-0.0836000000
0.8000000000	-0.0834000000
0.8000000000	-0.0834000000
0.8000000000	-0.0834000000
0.8000000000	-0.0834000000
0.8000000000	-0.0834000000
0.8000000000	-0.0834000000
0.8000000000	-0.0834000000
0.8000000000	-0.0834000000
0.8000000000	-0.0835000000
0.8000000000	-0.0836000000
0.8000000000	-0.0839000000
0.8000000000	-0.0847000000
0.8000000000	-0.0851000000
0.8000000000	-0.0852000000
0.8000000000	-0.0854000000
0.8000000000	-0.0856000000
0.9000000000	-0.0857000000
0.9000000000	-0.0857000000
0.9000000000	-0.0860000000
0.9000000000	-0.0863000000
0.9000000000	-0.0865000000
0.9000000000	-0.0866000000
0.9000000000	-0.0868000000
0.9000000000	-0.0868000000
0.9000000000	-0.0869000000
0.9000000000	-0.0870000000
0.9000000000	-0.0873000000
0.9000000000	-0.0875000000
0.9000000000	-0.0875000000
0.9000000000	-0.0876000000
0.9000000000	-0.0878000000
0.9000000000	-0.0879000000
0.9000000000	-0.0879000000
0.9000000000	-0.0879000000
0.9000000000	-0.0879000000
0.9000000000	-0.0878000000
0.9000000000	-0.0876000000
0.9000000000	-0.0876000000
0.9000000000	-0.0875000000
0.9000000000	-0.0875000000
0.9000000000	-0.0875000000
0.9000000000	-0.0875000000
0.9000000000	-0.0875000000
0.9000000000	-0.0875000000
0.9000000000	-0.0875000000
0.9000000000	-0.0875000000
0.9000000000	-0.0875000000
0.9000000000	-0.0875000000
0.9000000000	-0.0876000000
0.9000000000	-0.0876000000
0.9000000000	-0.0877000000
0.9000000000	-0.0877000000
0.9000000000	-0.0878000000
0.9000000000	-0.0879000000
0.9000000000	-0.0882000000
0.9000000000	-0.0884000000
0.9000000000	-0.0885000000
0.9000000000	-0.0887000000
0.9000000000	-0.0892000000
0.9000000000	-0.0894000000
0.9000000000	-0.0895000000
0.9000000000	-0.0897000000
0.9000000000	-0.0899000000
0.9000000000	-0.0900000000
0.9000000000	-0.0901000000
0.9000000000	-0.0902000000
0.9000000000	-0.0903000000
0.9000000000	-0.0905000000
0.9000000000	-0.0907000000
0.9000000000	-0.0909000000
0.9000000000	-0.0911000000
0.9000000000	-0.0912000000
0.9000000000	-0.0913000000
0.9000000000	-0.0917000000
0.9000000000	-0.0918000000
0.9000000000	-0.0919000000
0.9000000000	-0.0920000000
0.9000000000	-0.0921000000
0.9000000000	-0.0921000000
0.9000000000	-0.0921000000
0.9000000000	-0.0920000000
0.9000000000	-0.0916000000
0.9000000000	-0.0914000000
0.9000000000	-0.0914000000
0.9000000000	-0.0914000000
0.9000000000	-0.0914000000
0.9000000000	-0.0914000000
0.9000000000	-0.0914000000
0.9000000000	-0.0914000000
0.9000000000	-0.0914000000
0.9000000000	-0.0914000000
0.9000000000	-0.0915000000
0.9000000000	-0.0915000000
0.9000000000	-0.0916000000
0.9000000000	-0.0917000000
0.9000000000	-0.0918000000
0.9000000000	-0.0920000000
1.0000000000	-0.0924000000
1.0000000000	-0.0928000000
1.0000000000	-0.0930000000
1.0000000000	-0.0932000000
1.0000000000	-0.0933000000
1.0000000000	-0.0933000000
1.0000000000	-0.0934000000
1.0000000000	-0.0936000000
1.0000000000	-0.0938000000
1.0000000000	-0.0939000000
1.0000000000	-0.0941000000
0.9000000000	-0.0943000000
0.9000000000	-0.0945000000
0.9000000000	-0.0945000000
1.0000000000	-0.0947000000
1.0000000000	-0.0947000000
1.0000000000	-0.0948000000
1.0000000000	-0.0950000000
1.0000000000	-0.0953000000
1.0000000000	-0.0954000000
1.0000000000	-0.0955000000
1.0000000000	-0.0957000000
1.0000000000	-0.0958000000
1.0000000000	-0.0959000000
1.0000000000	-0.0963000000
1.0000000000	-0.0964000000
1.0000000000	-0.0965000000
1.0000000000	-0.0965000000
1.0000000000	-0.0965000000
1.0000000000	-0.0965000000
1.0000000000	-0.0965000000
1.0000000000	-0.0962000000
1.0000000000	-0.0962000000
1.0000000000	-0.0962000000
1.0000000000	-0.0962000000
1.0000000000	-0.0962000000
1.0000000000	-0.0962000000
1.0000000000	-0.0962000000
1.0000000000	-0.0962000000
1.0000000000	-0.0962000000
1.0000000000	-0.0962000000
1.0000000000	-0.0962000000
1.0000000000	-0.0964000000
1.0000000000	-0.0964000000
1.0000000000	-0.0965000000
1.0000000000	-0.0968000000
1.0000000000	-0.0974000000
1.0000000000	-0.0975000000
1.0000000000	-0.0975000000
1.0000000000	-0.0977000000
1.0000000000	-0.0977000000
1.0000000000	-0.0978000000
1.0000000000	-0.0980000000
1.0000000000	-0.0982000000
1.0000000000	-0.0984000000
1.0000000000	-0.0985000000
1.0000000000	-0.0986000000
1.0000000000	-0.0989000000
1.0000000000	-0.0991000000
1.0000000000	-0.0992000000
1.0000000000	-0.0994000000
1.0000000000	-0.0996000000
1.0000000000	-0.0997000000
1.0000000000	-0.0998000000
1.0000000000	-0.0998000000
1.0000000000	-0.0998000000
1.0000000000	-0.0998000000
1.0000000000	-0.0998000000
1.0000000000	-0.0997000000
1.0000000000	-0.0996000000
1.0000000000	-0.0996000000
1.0000000000	-0.0996000000
1.0000000000	-0.0996000000
1.0000000000	-0.0996000000
1.0000000000	-0.0996000000
1.0000000000	-0.0996000000
1.0000000000	-0.0996000000
1.0000000000	-0.0996000000
1.0000000000	-0.0997000000
1.0000000000	-0.0997000000
1.0000000000	-0.0998000000
1.0000000000	-0.0998000000
1.0000000000	-0.1000000000
1.0000000000	-0.1002000000
1.0000000000	-0.1003000000
1.0000000000	-0.1003000000
1.0000000000	-0.1004000000
1.0000000000	-0.1006000000
1.0000000000	-0.1007000000
1.0000000000	-0.1010000000
1.0000000000	-0.1012000000
1.0000000000	-0.1014000000
1.0000000000	-0.1017000000
1.0000000000	-0.1018000000
1.0000000000	-0.1020000000
1.0000000000	-0.1023000000
1.0000000000	-0.1025000000
1.0000000000	-0.1027000000
1.0000000000	-0.1028000000
1.0000000000	-0.1029000000
1.0000000000	-0.1031000000
1.0000000000	-0.1033000000
1.0000000000	-0.1033000000
1.0000000000	-0.1036000000
1.0000000000	-0.1038000000
1.0000000000	-0.1041000000
1.0000000000	-0.1044000000
1.0000000000	-0.1044000000
1.0000000000	-0.1044000000
1.0000000000	-0.1044000000
1.0000000000	-0.1042000000
1.0000000000	-0.1041000000
1.0000000000	-0.1041000000
1.0000000000	-0.1041000000
1.0000000000	-0.1041000000
1.0000000000	-0.1041000000
1.0000000000	-0.1041000000
1.0000000000	-0.1041000000
1.0000000000	-0.1041000000
1.0000000000	-0.1041000000
1.0000000000	-0.1041000000
1.0000000000	-0.1041000000
1.0000000000	-0.1041000000
1.0000000000	-0.1042000000
1.0000000000	-0.1044000000
0.9000000000	-0.1050000000
0.9000000000	-0.1054000000
0.8000000000	-0.1057000000
0.8000000000	-0.1061000000
0.8000000000	-0.1062000000
0.8000000000	-0.1063000000
0.8000000000	-0.1063000000
0.7000000000	-0.1064000000
0.7000000000	-0.1066000000
0.7000000000	-0.1068000000
0.7000000000	-0.1070000000
0.6000000000	-0.1071000000
0.6000000000	-0.1072000000
0.6000000000	-0.1075000000
0.6000000000	-0.1076000000
0.6000000000	-0.1077000000
0.5000000000	-0.1079000000
0.5000000000	-0.1080000000
0.5000000000	-0.1080000000
0.5000000000	-0.1081000000
0.5000000000	-0.1081000000
0.5000000000	-0.1082000000
0.5000000000	-0.1085000000
0.5000000000	-0.1086000000
0.4000000000	-0.1087000000
0.4000000000	-0.1088000000
0.4000000000	-0.1088000000
0.4000000000	-0.1088000000
0.4000000000	-0.1088000000
0.4000000000	-0.1088000000
0.4000000000	-0.1088000000
0.5000000000	-0.1085000000
0.5000000000	-0.1085000000
0.5000000000	-0.1085000000
0.5000000000	-0.1085000000
0.5000000000	-0.1085000000
0.5000000000	-0.1085000000
0.5000000000	-0.1085000000
0.5000000000	-0.1085000000
0.5000000000	-0.1085000000
0.5000000000	-0.1085000000
0.5000000000	-0.1085000000
0.5000000000	-0.1086000000
0.4000000000	-0.1088000000
0.4000000000	-0.1093000000
0.4000000000	-0.1098000000
0.3000000000	-0.1100000000
0.3000000000	-0.1103000000
0.3000000000	-0.1105000000
0.3000000000	-0.1107000000
0.3000000000	-0.1109000000
0.3000000000	-0.1111000000
0.3000000000	-0.1114000000
0.3000000000	-0.1116000000
0.3000000000	-0.1116000000
0.3000000000	-0.1117000000
0.3000000000	-0.1117000000
0.3000000000	-0.1118000000
0.3000000000	-0.1119000000
0.3000000000	-0.1121000000
0.3000000000	-0.1122000000
0.3000000000	-0.1123000000
0.2000000000	-0.1123000000
0.2000000000	-0.1123000000
0.2000000000	-0.1123000000
0.2000000000	-0.1123000000
0.2000000000	-0.1123000000
0.2000000000	-0.1122000000
0.2000000000	-0.1122000000
0.3000000000	-0.1121000000
0.3000000000	-0.1121000000
0.3000000000	-0.1121000000
0.3000000000	-0.1121000000
0.2000000000	-0.1121000000
0.2000000000	-0.1121000000
0.2000000000	-0.1121000000
0.3000000000	-0.1122000000
0.3000000000	-0.1122000000
0.2000000000	-0.1122000000
0.2000000000	-0.1125000000
0.2000000000	-0.1128000000
0.2000000000	-0.1130000000
0.2000000000	-0.1133000000
0.2000000000	-0.1133000000
0.2000000000	-0.1134000000
0.2000000000	-0.1136000000
0.2000000000	-0.1138000000
0.2000000000	-0.1141000000
0.2000000000	-0.1143000000
0.2000000000	-0.1145000000
0.2000000000	-0.1147000000
0.2000000000	-0.1149000000
0.2000000000	-0.1150000000
0.2000000000	-0.1151000000
0.2000000000	-0.1153000000
0.2000000000	-0.1155000000
0.2000000000	-0.1155000000
0.2000000000	-0.1157000000
0.2000000000	-0.1158000000
0.2000000000	-0.1159000000
0.2000000000	-0.1161000000
0.2000000000	-0.1162000000
0.2000000000	-0.1162000000
0.2000000000	-0.1162000000
0.2000000000	-0.1164000000
0.2000000000	-0.1164000000
0.2000000000	-0.1163000000
0.2000000000	-0.1162000000
0.2000000000	-0.1161000000
0.2000000000	-0.1161000000
0.2000000000	-0.1161000000
0.2000000000	-0.1161000000
0.2000000000	-0.1161000000
0.2000000000	-0.1161000000
0.2000000000	-0.1161000000
0.2000000000	-0.1161000000
0.2000000000	-0.1161000000
0.2000000000	-0.1162000000
0.2000000000	-0.1163000000
0.2000000000	-0.1164000000
0.2000000000	-0.1168000000
0.1000000000	-0.1172000000
0.1000000000	-0.1172000000
0.1000000000	-0.1174000000
0.1000000000	-0.1176000000
0.1000000000	-0.1178000000
0.1000000000	-0.1181000000
0.1000000000	-0.1183000000
0.1000000000	-0.1184000000
0.1000000000	-0.1185000000
0.1000000000	-0.1187000000
0.1000000000	-0.1189000000
0.1000000000	-0.1190000000
0.1000000000	-0.1192000000
0.1000000000	-0.1194000000
0.1000000000	-0.1196000000
0.1000000000	-0.1199000000
0.1000000000	-0.1201000000
0.1000000000	-0.1204000000
0.1000000000	-0.1206000000
0.1000000000	-0.1207000000
0.1000000000	-0.1208000000
0.1000000000	-0.1208000000
0.1000000000	-0.1208000000
0.1000000000	-0.1207000000
0.1000000000	-0.1204000000
0.1000000000	-0.1200000000
0.1000000000	-0.1198000000
0.1000000000	-0.1198000000
0.1000000000	-0.1198000000
0.1000000000	-0.1198000000
0.1000000000	-0.1198000000
0.1000000000	-0.1198000000
0.1000000000	-0.1198000000
0.1000000000	-0.1198000000
0.1000000000	-0.1199000000
0.1000000000	-0.1200000000
0.1000000000	-0.1204000000
0.1000000000	-0.1208000000
0.0000000000	-0.1212000000
0.0000000000	-0.1216000000
0.0000000000	-0.1219000000
0.0000000000	-0.1221000000
0.0000000000	-0.1223000000
0.0000000000	-0.1225000000
0.0000000000	-0.1228000000
0.0000000000	-0.1230000000
0.0000000000	-0.1232000000
0.0000000000	-0.1235000000
0.0000000000	-0.1237000000
0.0000000000	-0.1239000000
0.0000000000	-0.1241000000
0.0000000000	-0.1242000000
0.0000000000	-0.1244000000
0.0000000000	-0.1246000000
0.0000000000	-0.1247000000
0.0000000000	-0.1249000000
0.0000000000	-0.1251000000
0.0000000000	-0.1253000000
0.0000000000	-0.1255000000
0.0000000000	-0.1256000000
0.0000000000	-0.1256000000
0.0000000000	-0.1255000000
0.0000000000	-0.1252000000
0.0000000000	-0.1248000000
0.0000000000	-0.1248000000
0.0000000000	-0.1248000000
0.0000000000	-0.1248000000
0.0000000000	-0.1248000000
0.0000000000	-0.1248000000
0.0000000000	-0.1248000000
0.0000000000	-0.1248000000
0.0000000000	-0.1248000000
0.0000000000	-0.1249000000
0.0000000000	-0.1251000000
0.0000000000	-0.1255000000
0.0000000000	-0.1256000000
0.0000000000	-0.1258000000
0.0000000000	-0.1260000000
0.0000000000	-0.1262000000
0.0000000000	-0.1264000000
0.0000000000	-0.1267000000
0.0000000000	-0.1269000000
0.0000000000	-0.1271000000
0.0000000000	-0.1273000000
0.0000000000	-0.1275000000
0.0000000000	-0.1276000000
0.0000000000	-0.1277000000
0.0000000000	-0.1278000000
0.0000000000	-0.1280000000
0.0000000000	-0.1283000000
0.0000000000	-0.1284000000
0.0000000000	-0.1286000000
0.0000000000	-0.1288000000
0.1000000000	-0.1291000000
0.1000000000	-0.1293000000
0.1000000000	-0.1294000000
0.1000000000	-0.1296000000
0.1000000000	-0.1298000000
0.1000000000	-0.1299000000
0.1000000000	-0.1301000000
0.1000000000	-0.1302000000
0.1000000000	-0.1302000000
0.1000000000	-0.1302000000
0.1000000000	-0.1301000000
0.1000000000	-0.1300000000
0.1000000000	-0.1300000000
0.1000000000	-0.1300000000
0.1000000000	-0.1300000000
0.1000000000	-0.1300000000
0.1000000000	-0.1300000000
0.1000000000	-0.1300000000
0.1000000000	-0.1300000000
0.1000000000	-0.1300000000
0.1000000000	-0.1300000000
0.1000000000	-0.1301000000
0.1000000000	-0.1301000000
0.1000000000	-0.1302000000
0.1000000000	-0.1303000000
0.1000000000	-0.1307000000
0.1000000000	-0.1310000000
0.1000000000	-0.1313000000
0.1000000000	-0.1316000000
0.1000000000	-0.1319000000
0.1000000000	-0.1321000000
0.1000000000	-0.1323000000
0.1000000000	-0.1324000000
0.1000000000	-0.1326000000
0.1000000000	-0.1327000000
0.1000000000	-0.1331000000
0.1000000000	-0.1332000000
0.1000000000	-0.1334000000
0.1000000000	-0.1336000000
0.1000000000	-0.1338000000
0.1000000000	-0.1339000000
0.1000000000	-0.1342000000
0.1000000000	-0.1344000000
0.1000000000	-0.1346000000
0.1000000000	-0.1350000000
0.1000000000	-0.1351000000
0.1000000000	-0.1352000000
0.1000000000	-0.1352000000
0.1000000000	-0.1352000000
0.1000000000	-0.1351000000
0.1000000000	-0.1351000000
0.1000000000	-0.1351000000
0.1000000000	-0.1351000000
0.1000000000	-0.1351000000
0.1000000000	-0.1351000000
0.1000000000	-0.1351000000
0.1000000000	-0.1351000000
0.1000000000	-0.1351000000
0.1000000000	-0.1351000000
0.1000000000	-0.1352000000
0.1000000000	-0.1352000000
0.1000000000	-0.1357000000
0.1000000000	-0.1359000000
0.1000000000	-0.1360000000
0.1000000000	-0.1363000000
0.1000000000	-0.1366000000
0.1000000000	-0.1370000000
0.1000000000	-0.1374000000
0.1000000000	-0.1377000000
0.1000000000	-0.1380000000
0.1000000000	-0.1382000000
0.1000000000	-0.1382000000
0.1000000000	-0.1383000000
0.1000000000	-0.1384000000
0.1000000000	-0.1385000000
0.1000000000	-0.1386000000
0.1000000000	-0.1387000000
0.1000000000	-0.1388000000
0.1000000000	-0.1391000000
0.1000000000	-0.1394000000
0.1000000000	-0.1394000000
0.1000000000	-0.1394000000
0.1000000000	-0.1394000000
0.1000000000	-0.1394000000
0.1000000000	-0.1394000000
0.1000000000	-0.1394000000
0.1000000000	-0.1394000000
0.1000000000	-0.1394000000
0.1000000000	-0.1394000000
0.1000000000	-0.1394000000
0.1000000000	-0.1394000000
0.1000000000	-0.1394000000
0.1000000000	-0.1394000000
0.1000000000	-0.1394000000
0.1000000000	-0.1394000000
0.1000000000	-0.1393000000
0.1000000000	-0.1394000000
0.1000000000	-0.1394000000
0.1000000000	-0.1394000000
0.1000000000	-0.1397000000
0.1000000000	-0.1402000000
0.1000000000	-0.1403000000
0.1000000000	-0.1404000000
0.1000000000	-0.1408000000
0.1000000000	-0.1412000000
0.1000000000	-0.1416000000
0.1000000000	-0.1421000000
0.1000000000	-0.1423000000
0.1000000000	-0.1424000000
0.1000000000	-0.1425000000
0.1000000000	-0.1426000000
0.1000000000	-0.1428000000
0.1000000000	-0.1429000000
0.1000000000	-0.1430000000
0.1000000000	-0.1431000000
0.1000000000	-0.1434000000
0.1000000000	-0.1435000000
0.1000000000	-0.1436000000
0.1000000000	-0.1438000000
0.1000000000	-0.1441000000
0.1000000000	-0.1444000000
0.1000000000	-0.1446000000
0.1000000000	-0.1446000000
0.1000000000	-0.1446000000
0.1000000000	-0.1445000000
0.1000000000	-0.1444000000
0.1000000000	-0.1444000000
0.1000000000	-0.1444000000
0.1000000000	-0.1444000000
0.1000000000	-0.1444000000
0.1000000000	-0.1444000000
0.1000000000	-0.1444000000
0.1000000000	-0.1443000000
0.1000000000	-0.1443000000
0.1000000000	-0.1444000000
0.1000000000	-0.1445000000
0.1000000000	-0.1446000000
0.1000000000	-0.1446000000
0.1000000000	-0.1448000000
0.1000000000	-0.1451000000
0.1000000000	-0.1453000000
0.1000000000	-0.1455000000
0.1000000000	-0.1460000000
0.1000000000	-0.1462000000
0.1000000000	-0.1465000000
0.1000000000	-0.1469000000
0.1000000000	-0.1471000000
0.1000000000	-0.1473000000
0.1000000000	-0.1474000000
0.1000000000	-0.1475000000
0.1000000000	-0.1477000000
0.1000000000	-0.1479000000
0.1000000000	-0.1480000000
0.1000000000	-0.1482000000
0.1000000000	-0.1484000000
0.1000000000	-0.1486000000
0.1000000000	-0.1487000000
0.1000000000	-0.1489000000
0.1000000000	-0.1492000000
0.1000000000	-0.1496000000
0.0000000000	-0.1501000000
0.0000000000	-0.1504000000
0.0000000000	-0.1505000000
0.0000000000	-0.1505000000
0.0000000000	-0.1505000000
0.0000000000	-0.1504000000
0.0000000000	-0.1500000000
0.0000000000	-0.1500000000
0.0000000000	-0.1500000000
0.0000000000	-0.1500000000
0.0000000000	-0.1500000000
0.0000000000	-0.1500000000
0.0000000000	-0.1500000000
0.0000000000	-0.1500000000
0.0000000000	-0.1500000000
0.0000000000	-0.1501000000
0.0000000000	-0.1501000000
0.0000000000	-0.1503000000
0.0000000000	-0.1506000000
0.0000000000	-0.1508000000
0.0000000000	-0.1511000000
0.0000000000	-0.1515000000
0.0000000000	-0.1518000000
0.0000000000	-0.1520000000
0.0000000000	-0.1523000000
0.0000000000	-0.1525000000
0.0000000000	-0.1528000000
0.0000000000	-0.1528000000
0.0000000000	-0.1530000000
0.0000000000	-0.1532000000
0.0000000000	-0.1533000000
0.0000000000	-0.1536000000
0.0000000000	-0.1540000000
0.0000000000	-0.1542000000
0.0000000000	-0.1543000000
0.0000000000	-0.1544000000
0.0000000000	-0.1545000000
0.0000000000	-0.1545000000
0.0000000000	-0.1544000000
0.0000000000	-0.1542000000
0.0000000000	-0.1541000000
0.0000000000	-0.1541000000
0.0000000000	-0.1541000000
0.0000000000	-0.1541000000
0.0000000000	-0.1541000000
0.0000000000	-0.1541000000
0.0000000000	-0.1541000000
0.0000000000	-0.1541000000
0.0000000000	-0.1541000000
0.0000000000	-0.1542000000
0.0000000000	-0.1542000000
0.0000000000	-0.1544000000
0.0000000000	-0.1547000000
0.0000000000	-0.1549000000
0.0000000000	-0.1551000000
0.0000000000	-0.1554000000
0.0000000000	-0.1558000000
0.0000000000	-0.1561000000
0.0000000000	-0.1564000000
0.0000000000	-0.1566000000
0.0000000000	-0.1568000000
0.0000000000	-0.1571000000
0.0000000000	-0.1573000000
0.0000000000	-0.1576000000
0.0000000000	-0.1580000000
0.0000000000	-0.1584000000
0.0000000000	-0.1586000000
0.0000000000	-0.1588000000
0.0000000000	-0.1589000000
0.0000000000	-0.1589000000
0.0000000000	-0.1590000000
0.0000000000	-0.1591000000
0.0000000000	-0.1593000000
0.0000000000	-0.1593000000
0.0000000000	-0.1594000000
0.0000000000	-0.1595000000
0.0000000000	-0.1596000000
0.0000000000	-0.1596000000
0.0000000000	-0.1596000000
0.0000000000	-0.1594000000
0.0000000000	-0.1593000000
0.0000000000	-0.1593000000
0.0000000000	-0.1593000000
0.0000000000	-0.1593000000
0.0000000000	-0.1593000000
0.0000000000	-0.1593000000
0.0000000000	-0.1593000000
0.0000000000	-0.1593000000
0.0000000000	-0.1593000000
0.0000000000	-0.1594000000
0.0000000000	-0.1595000000
0.0000000000	-0.1599000000
0.0000000000	-0.1605000000
0.0000000000	-0.1608000000
0.0000000000	-0.1609000000
0.0000000000	-0.1613000000
0.0000000000	-0.1615000000
0.0000000000	-0.1618000000
0.0000000000	-0.1622000000
0.0000000000	-0.1625000000
0.0000000000	-0.1629000000
0.0000000000	-0.1634000000
0.0000000000	-0.1636000000
0.0000000000	-0.1637000000
0.0000000000	-0.1637000000
0.0000000000	-0.1638000000
0.0000000000	-0.1642000000
0.0000000000	-0.1646000000
0.0000000000	-0.1647000000
0.0000000000	-0.1649000000
0.0000000000	-0.1651000000
0.0000000000	-0.1652000000
0.0000000000	-0.1655000000
0.1000000000	-0.1659000000
0.1000000000	-0.1659000000
0.1000000000	-0.1660000000
0.1000000000	-0.1660000000
0.1000000000	-0.1660000000
0.1000000000	-0.1660000000
0.1000000000	-0.1659000000
0.1000000000	-0.1657000000
0.1000000000	-0.1657000000
0.1000000000	-0.1657000000
0.1000000000	-0.1657000000
0.1000000000	-0.1657000000
0.1000000000	-0.1657000000
0.1000000000	-0.1657000000
0.1000000000	-0.1657000000
0.1000000000	-0.1657000000
0.1000000000	-0.1657000000
0.1000000000	-0.1658000000
0.1000000000	-0.1659000000
0.1000000000	-0.1661000000
0.0000000000	-0.1668000000
0.0000000000	-0.1672000000
0.0000000000	-0.1673000000
0.0000000000	-0.1677000000
0.1000000000	-0.1681000000
0.1000000000	-0.1682000000
0.1000000000	-0.1683000000
0.1000000000	-0.1684000000
0.1000000000	-0.1684000000
0.1000000000	-0.1687000000
0.1000000000	-0.1691000000
0.1000000000	-0.1692000000
0.1000000000	-0.1693000000
0.1000000000	-0.1693000000
0.1000000000	-0.1693000000
0.1000000000	-0.1694000000
0.1000000000	-0.1694000000
0.1000000000	-0.1695000000
0.1000000000	-0.1696000000
0.1000000000	-0.1697000000
0.1000000000	-0.1699000000
0.1000000000	-0.1700000000
0.0000000000	-0.1701000000
0.1000000000	-0.1704000000
0.1000000000	-0.1707000000
0.1000000000	-0.1711000000
0.1000000000	-0.1714000000
0.1000000000	-0.1718000000
0.1000000000	-0.1720000000
0.1000000000	-0.1720000000
0.1000000000	-0.1720000000
0.1000000000	-0.1720000000
0.1000000000	-0.1717000000
0.1000000000	-0.1716000000
0.1000000000	-0.1716000000
0.1000000000	-0.1716000000
0.1000000000	-0.1716000000
0.1000000000	-0.1716000000
0.1000000000	-0.1716000000
0.1000000000	-0.1716000000
0.1000000000	-0.1716000000
0.1000000000	-0.1716000000
0.1000000000	-0.1716000000
0.1000000000	-0.1716000000
0.1000000000	-0.1717000000
0.1000000000	-0.1719000000
0.1000000000	-0.1720000000
0.1000000000	-0.1724000000
0.0000000000	-0.1728000000
0.0000000000	-0.1731000000
0.1000000000	-0.1739000000
0.1000000000	-0.1743000000
0.1000000000	-0.1745000000
0.1000000000	-0.1748000000
0.1000000000	-0.1749000000
0.1000000000	-0.1749000000
0.1000000000	-0.1749000000
0.1000000000	-0.1749000000
0.0000000000	-0.1752000000
0.0000000000	-0.1755000000
0.0000000000	-0.1756000000
0.0000000000	-0.1760000000
0.0000000000	-0.1766000000
0.0000000000	-0.1767000000
0.0000000000	-0.1770000000
0.0000000000	-0.1775000000
0.0000000000	-0.1777000000
0.0000000000	-0.1777000000
0.0000000000	-0.1777000000
0.0000000000	-0.1774000000
0.0000000000	-0.1774000000
0.0000000000	-0.1774000000
0.0000000000	-0.1774000000
0.0000000000	-0.1774000000
0.0000000000	-0.1774000000
0.0000000000	-0.1774000000
0.0000000000	-0.1774000000
0.0000000000	-0.1774000000
0.0000000000	-0.1774000000
0.0000000000	-0.1776000000
0.0000000000	-0.1780000000
0.0000000000	-0.1786000000
0.0000000000	-0.1793000000
0.0000000000	-0.1796000000
0.0000000000	-0.1798000000
0.0000000000	-0.1798000000
0.0000000000	-0.1798000000
0.0000000000	-0.1798000000
0.0000000000	-0.1798000000
0.0000000000	-0.1798000000
0.0000000000	-0.1798000000
0.0000000000	-0.1798000000
0.0000000000	-0.1798000000
0.0000000000	-0.1798000000
0.0000000000	-0.1798000000
0.0000000000	-0.1798000000
0.0000000000	-0.1798000000
0.0000000000	-0.1798000000
0.0000000000	-0.1798000000
0.0000000000	-0.1798000000
0.0000000000	-0.1798000000
0.0000000000	-0.1798000000
0.0000000000	-0.1797000000
0.0000000000	-0.1797000000
0.0000000000	-0.1794000000
0.0000000000	-0.1792000000
0.0000000000	-0.1786000000
0.0000000000	-0.1780000000
0.0000000000	-0.1776000000
0.0000000000	-0.1776000000
0.0000000000	-0.1774000000
0.0000000000	-0.1769000000
0.0000000000	-0.1762000000
0.0000000000	-0.1757000000
0.0000000000	-0.1754000000
0.0000000000	-0.1748000000
0.0000000000	-0.1746000000
0.0000000000	-0.1745000000
0.1000000000	-0.1741000000
0.1000000000	-0.1738000000
0.1000000000	-0.1737000000
0.1000000000	-0.1736000000
0.1000000000	-0.1733000000
0.1000000000	-0.1733000000
0.1000000000	-0.1733000000
0.1000000000	-0.1733000000
0.1000000000	-0.1734000000
0.1000000000	-0.1734000000
0.1000000000	-0.1734000000
0.1000000000	-0.1734000000
0.1000000000	-0.1734000000
0.1000000000	-0.1734000000
0.1000000000	-0.1734000000
0.1000000000	-0.1734000000
0.1000000000	-0.1733000000
0.1000000000	-0.1733000000
0.1000000000	-0.1733000000
0.1000000000	-0.1732000000
0.1000000000	-0.1731000000
0.0000000000	-0.1726000000
0.0000000000	-0.1720000000
0.1000000000	-0.1717000000
0.1000000000	-0.1716000000
0.1000000000	-0.1714000000
0.1000000000	-0.1714000000
0.1000000000	-0.1711000000
0.1000000000	-0.1709000000
0.1000000000	-0.1706000000
0.1000000000	-0.1701000000
0.1000000000	-0.1699000000
0.1000000000	-0.1699000000
0.1000000000	-0.1699000000
0.0000000000	-0.1697000000
0.0000000000	-0.1695000000
0.1000000000	-0.1693000000
0.1000000000	-0.1691000000
0.1000000000	-0.1689000000
0.1000000000	-0.1687000000
0.1000000000	-0.1686000000
0.1000000000	-0.1686000000
0.1000000000	-0.1685000000
0.1000000000	-0.1685000000
0.1000000000	-0.1685000000
0.1000000000	-0.1686000000
0.1000000000	-0.1686000000
0.1000000000	-0.1686000000
0.1000000000	-0.1686000000
0.1000000000	-0.1686000000
0.1000000000	-0.1686000000
0.1000000000	-0.1686000000
0.1000000000	-0.1685000000
0.1000000000	-0.1684000000
0.1000000000	-0.1681000000
0.1000000000	-0.1679000000
0.1000000000	-0.1678000000
0.1000000000	-0.1678000000
0.1000000000	-0.1676000000
0.1000000000	-0.1673000000
0.0000000000	-0.1670000000
0.0000000000	-0.1667000000
0.0000000000	-0.1665000000
0.0000000000	-0.1663000000
0.0000000000	-0.1661000000
0.0000000000	-0.1661000000
0.0000000000	-0.1660000000
0.0000000000	-0.1658000000
0.1000000000	-0.1657000000
0.1000000000	-0.1654000000
0.1000000000	-0.1651000000
0.1000000000	-0.1650000000
0.1000000000	-0.1648000000
0.0000000000	-0.1646000000
0.0000000000	-0.1645000000
0.0000000000	-0.1642000000
0.0000000000	-0.1638000000
0.0000000000	-0.1635000000
0.0000000000	-0.1633000000
0.0000000000	-0.1632000000
0.0000000000	-0.1631000000
0.0000000000	-0.1632000000
0.0000000000	-0.1633000000
0.0000000000	-0.1633000000
0.0000000000	-0.1633000000
0.0000000000	-0.1633000000
0.0000000000	-0.1633000000
0.0000000000	-0.1633000000
0.0000000000	-0.1633000000
0.0000000000	-0.1633000000
0.0000000000	-0.1633000000
0.0000000000	-0.1632000000
0.0000000000	-0.1630000000
0.0000000000	-0.1627000000
0.0000000000	-0.1623000000
0.0000000000	-0.1618000000
0.0000000000	-0.1614000000
0.0000000000	-0.1613000000
0.0000000000	-0.1611000000
0.0000000000	-0.1609000000
0.0000000000	-0.1607000000
0.0000000000	-0.1605000000
0.0000000000	-0.1601000000
0.0000000000	-0.1600000000
0.0000000000	-0.1599000000
0.0000000000	-0.1598000000
0.0000000000	-0.1598000000
0.0000000000	-0.1598000000
0.0000000000	-0.1597000000
0.0000000000	-0.1596000000
0.0000000000	-0.1594000000
0.0000000000	-0.1592000000
0.0000000000	-0.1592000000
0.0000000000	-0.1589000000
0.0000000000	-0.1586000000
0.0000000000	-0.1583000000
0.0000000000	-0.1581000000
0.0000000000	-0.1580000000
0.0000000000	-0.1579000000
0.0000000000	-0.1579000000
0.0000000000	-0.1579000000
0.0000000000	-0.1579000000
0.0000000000	-0.1580000000
0.0000000000	-0.1580000000
0.0000000000	-0.1580000000
0.0000000000	-0.1580000000
0.0000000000	-0.1580000000
0.0000000000	-0.1580000000
0.0000000000	-0.1580000000
0.0000000000	-0.1580000000
0.0000000000	-0.1579000000
0.0000000000	-0.1577000000
0.0000000000	-0.1572000000
0.0000000000	-0.1571000000
0.0000000000	-0.1570000000
0.0000000000	-0.1570000000
0.0000000000	-0.1570000000
0.0000000000	-0.1566000000
0.0000000000	-0.1562000000
0.0000000000	-0.1558000000
0.0000000000	-0.1556000000
0.0000000000	-0.1553000000
0.0000000000	-0.1550000000
0.0000000000	-0.1546000000
0.0000000000	-0.1544000000
0.0000000000	-0.1542000000
0.0000000000	-0.1542000000
0.0000000000	-0.1541000000
0.0000000000	-0.1538000000
0.0000000000	-0.1536000000
0.0000000000	-0.1534000000
0.0000000000	-0.1529000000
0.0000000000	-0.1526000000
0.0000000000	-0.1524000000
0.0000000000	-0.1521000000
0.0000000000	-0.1518000000
0.0000000000	-0.1517000000
0.0000000000	-0.1515000000
0.0000000000	-0.1514000000
0.0000000000	-0.1514000000
0.0000000000	-0.1514000000
0.0000000000	-0.1516000000
0.0000000000	-0.1516000000
0.0000000000	-0.1516000000
0.0000000000	-0.1516000000
0.0000000000	-0.1516000000
0.0000000000	-0.1516000000
0.0000000000	-0.1516000000
0.0000000000	-0.1516000000
0.0000000000	-0.1516000000
0.0000000000	-0.1516000000
0.0000000000	-0.1516000000
0.0000000000	-0.1515000000
0.0000000000	-0.1515000000
0.0000000000	-0.1513000000
0.0000000000	-0.1508000000
0.0000000000	-0.1505000000
0.0000000000	-0.1502000000
0.0000000000	-0.1499000000
0.0000000000	-0.1498000000
0.0000000000	-0.1495000000
0.0000000000	-0.1491000000
0.1000000000	-0.1486000000
0.1000000000	-0.1483000000
0.1000000000	-0.1481000000
0.1000000000	-0.1480000000
0.1000000000	-0.1480000000
0.1000000000	-0.1479000000
0.1000000000	-0.1478000000
0.1000000000	-0.1478000000
0.1000000000	-0.1478000000
0.1000000000	-0.1477000000
0.1000000000	-0.1475000000
0.1000000000	-0.1471000000
0.1000000000	-0.1468000000
0.1000000000	-0.1466000000
0.1000000000	-0.1465000000
0.1000000000	-0.1462000000
0.1000000000	-0.1459000000
0.1000000000	-0.1456000000
0.1000000000	-0.1456000000
0.1000000000	-0.1456000000
0.1000000000	-0.1456000000
0.1000000000	-0.1456000000
0.1000000000	-0.1456000000
0.1000000000	-0.1456000000
0.1000000000	-0.1456000000
0.1000000000	-0.1456000000
0.1000000000	-0.1456000000
0.1000000000	-0.1456000000
0.1000000000	-0.1456000000
0.1000000000	-0.1456000000
0.1000000000	-0.1456000000
0.1000000000	-0.1456000000
0.1000000000	-0.1456000000
0.1000000000	-0.1455000000
0.1000000000	-0.1452000000
0.1000000000	-0.1448000000
0.1000000000	-0.1444000000
0.1000000000	-0.1440000000
0.1000000000	-0.1436000000
0.1000000000	-0.1434000000
0.1000000000	-0.1431000000
0.1000000000	-0.1429000000
0.1000000000	-0.1428000000
0.1000000000	-0.1425000000
0.1000000000	-0.1422000000
0.1000000000	-0.1421000000
0.1000000000	-0.1420000000
0.1000000000	-0.1417000000
0.1000000000	-0.1414000000
0.1000000000	-0.1414000000
0.1000000000	-0.1413000000
0.1000000000	-0.1411000000
0.1000000000	-0.1409000000
0.1000000000	-0.1407000000
0.1000000000	-0.1405000000
0.1000000000	-0.1403000000
0.1000000000	-0.1401000000
0.1000000000	-0.1400000000
0.1000000000	-0.1398000000
0.1000000000	-0.1396000000
0.1000000000	-0.1394000000
0.1000000000	-0.1394000000
0.1000000000	-0.1394000000
0.1000000000	-0.1394000000
0.1000000000	-0.1394000000
0.1000000000	-0.1394000000
0.1000000000	-0.1394000000
0.1000000000	-0.1394000000
0.1000000000	-0.1394000000
0.1000000000	-0.1394000000
0.1000000000	-0.1394000000
0.1000000000	-0.1394000000
0.1000000000	-0.1394000000
0.1000000000	-0.1394000000
0.1000000000	-0.1394000000
0.1000000000	-0.1394000000
0.1000000000	-0.1394000000
0.1000000000	-0.1394000000
0.1000000000	-0.1394000000
0.1000000000	-0.1392000000
0.1000000000	-0.1389000000
0.1000000000	-0.1387000000
0.1000000000	-0.1384000000
0.1000000000	-0.1384000000
0.1000000000	-0.1383000000
0.1000000000	-0.1379000000
0.1000000000	-0.1377000000
0.1000000000	-0.1374000000
0.1000000000	-0.1371000000
0.1000000000	-0.1370000000
0.1000000000	-0.1370000000
0.1000000000	-0.1369000000
0.1000000000	-0.1368000000
0.1000000000	-0.1367000000
0.1000000000	-0.1365000000
0.1000000000	-0.1364000000
0.1000000000	-0.1363000000
0.1000000000	-0.1361000000
0.1000000000	-0.1359000000
0.1000000000	-0.1357000000
0.1000000000	-0.1356000000
0.1000000000	-0.1355000000
0.1000000000	-0.1352000000
0.1000000000	-0.1350000000
0.1000000000	-0.1346000000
0.1000000000	-0.1341000000
0.1000000000	-0.1339000000
0.1000000000	-0.1338000000
0.1000000000	-0.1337000000
0.1000000000	-0.1336000000
0.1000000000	-0.1335000000
0.1000000000	-0.1335000000
0.1000000000	-0.1335000000
0.1000000000	-0.1336000000
0.1000000000	-0.1336000000
0.1000000000	-0.1336000000
0.1000000000	-0.1336000000
0.1000000000	-0.1336000000
0.1000000000	-0.1336000000
0.1000000000	-0.1336000000
0.1000000000	-0.1336000000
0.1000000000	-0.1336000000
0.1000000000	-0.1336000000
0.1000000000	-0.1335000000
0.1000000000	-0.1335000000
0.1000000000	-0.1335000000
0.1000000000	-0.1331000000
0.1000000000	-0.1330000000
0.1000000000	-0.1328000000
0.1000000000	-0.1324000000
0.1000000000	-0.1321000000
0.1000000000	-0.1319000000
0.1000000000	-0.1317000000
0.1000000000	-0.1315000000
0.1000000000	-0.1313000000
0.1000000000	-0.1312000000
0.1000000000	-0.1311000000
0.1000000000	-0.1308000000
0.1000000000	-0.1307000000
0.1000000000	-0.1304000000
0.1000000000	-0.1301000000
0.1000000000	-0.1300000000
0.1000000000	-0.1298000000
0.1000000000	-0.1297000000
0.1000000000	-0.1296000000
0.1000000000	-0.1294000000
0.1000000000	-0.1292000000
0.1000000000	-0.1291000000
0.1000000000	-0.1289000000
0.0000000000	-0.1288000000
0.0000000000	-0.1287000000
0.0000000000	-0.1286000000
0.0000000000	-0.1283000000
0.0000000000	-0.1279000000
0.0000000000	-0.1276000000
0.0000000000	-0.1276000000
0.0000000000	-0.1276000000
0.0000000000	-0.1277000000
0.0000000000	-0.1277000000
0.0000000000	-0.1277000000
0.0000000000	-0.1277000000
0.0000000000	-0.1277000000
0.0000000000	-0.1277000000
0.0000000000	-0.1277000000
0.0000000000	-0.1277000000
0.0000000000	-0.1277000000
0.0000000000	-0.1276000000
0.0000000000	-0.1276000000
0.0000000000	-0.1276000000
0.0000000000	-0.1271000000
0.0000000000	-0.1268000000
0.0000000000	-0.1264000000
0.0000000000	-0.1261000000
0.0000000000	-0.1260000000
0.0000000000	-0.1258000000
0.0000000000	-0.1255000000
0.0000000000	-0.1253000000
0.0000000000	-0.1250000000
0.0000000000	-0.1249000000
0.0000000000	-0.1246000000
0.0000000000	-0.1244000000
0.0000000000	-0.1242000000
0.0000000000	-0.1241000000
0.0000000000	-0.1239000000
0.0000000000	-0.1237000000
0.0000000000	-0.1235000000
0.0000000000	-0.1232000000
0.0000000000	-0.1229000000
0.0000000000	-0.1227000000
0.0000000000	-0.1226000000
0.0000000000	-0.1224000000
0.0000000000	-0.1222000000
0.0000000000	-0.1220000000
0.0000000000	-0.1220000000
0.0000000000	-0.1220000000
0.0000000000	-0.1220000000
0.0000000000	-0.1220000000
0.0000000000	-0.1220000000
0.0000000000	-0.1220000000
0.0000000000	-0.1220000000
0.0000000000	-0.1220000000
0.0000000000	-0.1220000000
0.0000000000	-0.1220000000
0.0000000000	-0.1220000000
0.0000000000	-0.1220000000
0.0000000000	-0.1220000000
0.0000000000	-0.1220000000
0.0000000000	-0.1220000000
0.0000000000	-0.1220000000
0.0000000000	-0.1220000000
0.0000000000	-0.1220000000
0.0000000000	-0.1220000000
0.0000000000	-0.1220000000
0.0000000000	-0.1220000000
0.1000000000	-0.1215000000
0.1000000000	-0.1213000000
0.1000000000	-0.1210000000
0.1000000000	-0.1207000000
0.1000000000	-0.1204000000
0.1000000000	-0.1201000000
0.1000000000	-0.1198000000
0.1000000000	-0.1196000000
0.1000000000	-0.1195000000
0.1000000000	-0.1193000000
0.1000000000	-0.1192000000
0.1000000000	-0.1191000000
0.1000000000	-0.1188000000
0.1000000000	-0.1186000000
0.1000000000	-0.1183000000
0.1000000000	-0.1179000000
0.1000000000	-0.1175000000
0.1000000000	-0.1172000000
0.1000000000	-0.1171000000
0.1000000000	-0.1170000000
0.1000000000	-0.1169000000
0.1000000000	-0.1169000000
0.1000000000	-0.1169000000
0.1000000000	-0.1166000000
0.1000000000	-0.1165000000
0.1000000000	-0.1163000000
0.1000000000	-0.1160000000
0.2000000000	-0.1159000000
0.2000000000	-0.1159000000
0.2000000000	-0.1159000000
0.2000000000	-0.1159000000
0.2000000000	-0.1159000000
0.2000000000	-0.1159000000
0.2000000000	-0.1159000000
0.2000000000	-0.1159000000
0.2000000000	-0.1159000000
0.2000000000	-0.1159000000
0.2000000000	-0.1159000000
0.2000000000	-0.1159000000
0.2000000000	-0.1159000000
0.2000000000	-0.1159000000
0.2000000000	-0.1159000000
0.2000000000	-0.1159000000
0.2000000000	-0.1157000000
0.2000000000	-0.1152000000
0.2000000000	-0.1150000000
0.2000000000	-0.1147000000
0.2000000000	-0.1144000000
0.3000000000	-0.1142000000
0.3000000000	-0.1140000000
0.3000000000	-0.1136000000
0.3000000000	-0.1133000000
0.3000000000	-0.1129000000
0.3000000000	-0.1126000000
0.3000000000	-0.1124000000
0.3000000000	-0.1123000000
0.3000000000	-0.1119000000
0.3000000000	-0.1117000000
0.3000000000	-0.1113000000
0.3000000000	-0.1109000000
0.3000000000	-0.1106000000
0.4000000000	-0.1105000000
0.4000000000	-0.1102000000
0.4000000000	-0.1099000000
0.4000000000	-0.1096000000
0.4000000000	-0.1094000000
0.4000000000	-0.1092000000
0.4000000000	-0.1088000000
0.4000000000	-0.1087000000
0.4000000000	-0.1084000000
0.4000000000	-0.1081000000
0.4000000000	-0.1078000000
0.4000000000	-0.1077000000
0.4000000000	-0.1076000000
0.4000000000	-0.1074000000
0.4000000000	-0.1073000000
0.4000000000	-0.1072000000
0.4000000000	-0.1072000000
0.4000000000	-0.1072000000
0.4000000000	-0.1072000000
0.4000000000	-0.1072000000
0.4000000000	-0.1072000000
0.4000000000	-0.1072000000
0.4000000000	-0.1072000000
0.4000000000	-0.1072000000
0.4000000000	-0.1072000000
0.4000000000	-0.1072000000
0.4000000000	-0.1072000000
0.4000000000	-0.1072000000
0.4000000000	-0.1072000000
0.4000000000	-0.1072000000
0.4000000000	-0.1072000000
0.4000000000	-0.1072000000
0.4000000000	-0.1072000000
0.4000000000	-0.1072000000
0.4000000000	-0.1072000000
0.4000000000	-0.1072000000
0.4000000000	-0.1069000000
0.4000000000	-0.1067000000
0.5000000000	-0.1064000000
0.5000000000	-0.1060000000
0.5000000000	-0.1057000000
0.5000000000	-0.1053000000
0.5000000000	-0.1050000000
0.5000000000	-0.1047000000
0.6000000000	-0.1044000000
0.6000000000	-0.1042000000
0.6000000000	-0.1041000000
0.6000000000	-0.1040000000
0.6000000000	-0.1038000000
0.6000000000	-0.1036000000
0.7000000000	-0.1033000000
0.7000000000	-0.1030000000
0.7000000000	-0.1029000000
0.7000000000	-0.1029000000
0.7000000000	-0.1028000000
0.7000000000	-0.1027000000
0.7000000000	-0.1026000000
0.8000000000	-0.1025000000
0.8000000000	-0.1023000000
0.8000000000	-0.1022000000
0.8000000000	-0.1021000000
0.8000000000	-0.1020000000
0.8000000000	-0.1020000000
0.8000000000	-0.1020000000
0.8000000000	-0.1020000000
0.8000000000	-0.1020000000
0.8000000000	-0.1020000000
0.8000000000	-0.1020000000
0.8000000000	-0.1020000000
0.8000000000	-0.1020000000
0.8000000000	-0.1020000000
0.8000000000	-0.1020000000
0.8000000000	-0.1020000000
0.8000000000	-0.1020000000
0.8000000000	-0.1020000000
0.8000000000	-0.1020000000
0.8000000000	-0.1020000000
0.8000000000	-0.1020000000
0.8000000000	-0.1020000000
0.8000000000	-0.1020000000
0.8000000000	-0.1020000000
0.8000000000	-0.1020000000
0.8000000000	-0.1015000000
0.8000000000	-0.1013000000
0.9000000000	-0.1010000000
0.9000000000	-0.1008000000
0.9000000000	-0.1005000000
1.0000000000	-0.1001000000
1.0000000000	-0.0998000000
1.0000000000	-0.0996000000
1.0000000000	-0.0995000000
1.0000000000	-0.0994000000
1.1000000000	-0.0992000000
1.1000000000	-0.0990000000
1.1000000000	-0.0988000000
1.1000000000	-0.0987000000
1.1000000000	-0.0987000000
1.1000000000	-0.0985000000
1.1000000000	-0.0982000000
1.2000000000	-0.0979000000
1.2000000000	-0.0975000000
1.2000000000	-0.0971000000
1.2000000000	-0.0968000000
1.2000000000	-0.0968000000
1.2000000000	-0.0966000000
1.2000000000	-0.0964000000
1.2000000000	-0.0963000000
1.2000000000	-0.0961000000
1.3000000000	-0.0961000000
1.3000000000	-0.0961000000
1.3000000000	-0.0960000000
1.3000000000	-0.0960000000
1.3000000000	-0.0959000000
1.3000000000	-0.0959000000
1.3000000000	-0.0959000000
1.3000000000	-0.0959000000
1.3000000000	-0.0959000000
1.3000000000	-0.0959000000
1.3000000000	-0.0959000000
1.3000000000	-0.0959000000
1.3000000000	-0.0959000000
1.3000000000	-0.0959000000
1.3000000000	-0.0959000000
1.3000000000	-0.0959000000
1.3000000000	-0.0959000000
1.3000000000	-0.0959000000
1.3000000000	-0.0959000000
1.3000000000	-0.0959000000
1.3000000000	-0.0959000000
1.3000000000	-0.0959000000
1.3000000000	-0.0959000000
1.3000000000	-0.0959000000
1.3000000000	-0.0959000000
1.3000000000	-0.0959000000
1.3000000000	-0.0957000000
1.3000000000	-0.0954000000
1.3000000000	-0.0951000000
1.3000000000	-0.0948000000
1.3000000000	-0.0944000000
1.3000000000	-0.0941000000
1.3000000000	-0.0938000000
1.3000000000	-0.0936000000
1.3000000000	-0.0933000000
1.3000000000	-0.0930000000
1.3000000000	-0.0927000000
1.3000000000	-0.0924000000
1.3000000000	-0.0924000000
1.3000000000	-0.0922000000
1.3000000000	-0.0920000000
1.3000000000	-0.0918000000
1.3000000000	-0.0915000000
1.3000000000	-0.0913000000
1.3000000000	-0.0911000000
1.3000000000	-0.0909000000
1.3000000000	-0.0907000000
1.3000000000	-0.0905000000
1.3000000000	-0.0903000000
1.3000000000	-0.0901000000
1.3000000000	-0.0899000000
1.3000000000	-0.0898000000
1.3000000000	-0.0898000000
1.3000000000	-0.0898000000
1.3000000000	-0.0898000000
1.3000000000	-0.0898000000
1.3000000000	-0.0898000000
1.3000000000	-0.0898000000
1.3000000000	-0.0898000000
1.3000000000	-0.0898000000
1.3000000000	-0.0898000000
1.3000000000	-0.0898000000
1.3000000000	-0.0898000000
1.3000000000	-0.0898000000
1.3000000000	-0.0898000000
1.3000000000	-0.0898000000
1.3000000000	-0.0898000000
1.3000000000	-0.0897000000
1.2000000000	-0.0894000000
1.2000000000	-0.0891000000
1.2000000000	-0.0889000000
1.2000000000	-0.0886000000
1.2000000000	-0.0882000000
1.2000000000	-0.0879000000
1.1000000000	-0.0875000000
1.1000000000	-0.0874000000
1.1000000000	-0.0872000000
1.1000000000	-0.0870000000
1.1000000000	-0.0868000000
1.1000000000	-0.0866000000
1.0000000000	-0.0865000000
1.0000000000	-0.0864000000
1.0000000000	-0.0863000000
1.0000000000	-0.0862000000
1.0000000000	-0.0861000000
1.0000000000	-0.0860000000
1.0000000000	-0.0858000000
1.0000000000	-0.0857000000
1.0000000000	-0.0855000000
1.0000000000	-0.0853000000
0.9000000000	-0.0852000000
0.9000000000	-0.0850000000
0.9000000000	-0.0849000000
0.9000000000	-0.0847000000
0.9000000000	-0.0845000000
0.9000000000	-0.0843000000
0.8000000000	-0.0842000000
0.8000000000	-0.0841000000
0.8000000000	-0.0840000000
0.8000000000	-0.0839000000
0.8000000000	-0.0835000000
0.8000000000	-0.0834000000
0.8000000000	-0.0834000000
0.8000000000	-0.0834000000
0.8000000000	-0.0834000000
0.8000000000	-0.0834000000
0.8000000000	-0.0834000000
0.8000000000	-0.0834000000
0.8000000000	-0.0834000000
0.8000000000	-0.0834000000
0.8000000000	-0.0834000000
0.8000000000	-0.0834000000
0.8000000000	-0.0834000000
0.8000000000	-0.0834000000
0.8000000000	-0.0834000000
0.8000000000	-0.0834000000
0.8000000000	-0.0834000000
0.8000000000	-0.0834000000
0.7000000000	-0.0830000000
0.7000000000	-0.0828000000
0.7000000000	-0.0825000000
0.7000000000	-0.0824000000
0.6000000000	-0.0823000000
0.6000000000	-0.0822000000
0.6000000000	-0.0821000000
0.6000000000	-0.0818000000
0.6000000000	-0.0816000000
0.6000000000	-0.0813000000
0.5000000000	-0.0811000000
0.5000000000	-0.0808000000
0.5000000000	-0.0805000000
0.5000000000	-0.0803000000
0.5000000000	-0.0803000000
0.5000000000	-0.0803000000
0.5000000000	-0.0801000000
0.4000000000	-0.0799000000
0.4000000000	-0.0797000000
0.4000000000	-0.0796000000
0.4000000000	-0.0795000000
0.4000000000	-0.0794000000
0.4000000000	-0.0791000000
0.4000000000	-0.0788000000
0.4000000000	-0.0787000000
0.4000000000	-0.0786000000
0.4000000000	-0.0786000000
0.4000000000	-0.0786000000
0.4000000000	-0.0786000000
0.4000000000	-0.0786000000
0.4000000000	-0.0787000000
0.4000000000	-0.0787000000
0.4000000000	-0.0787000000
0.4000000000	-0.0787000000
0.4000000000	-0.0787000000
0.4000000000	-0.0787000000
0.4000000000	-0.0787000000
0.4000000000	-0.0786000000
0.4000000000	-0.0786000000
0.4000000000	-0.0786000000
0.4000000000	-0.0786000000
0.4000000000	-0.0786000000
0.4000000000	-0.0785000000
0.4000000000	-0.0783000000
0.4000000000	-0.0782000000
0.4000000000	-0.0781000000
0.3000000000	-0.0779000000
0.3000000000	-0.0777000000
0.3000000000	-0.0775000000
0.3000000000	-0.0771000000
0.3000000000	-0.0767000000
0.3000000000	-0.0764000000
0.3000000000	-0.0763000000
0.3000000000	-0.0762000000
0.3000000000	-0.0760000000
0.3000000000	-0.0758000000
0.3000000000	-0.0757000000
0.3000000000	-0.0756000000
0.3000000000	-0.0754000000
0.3000000000	-0.0753000000
0.3000000000	-0.0751000000
0.3000000000	-0.0750000000
0.3000000000	-0.0748000000
0.3000000000	-0.0748000000
0.3000000000	-0.0747000000
0.3000000000	-0.0746000000
0.3000000000	-0.0744000000
0.3000000000	-0.0740000000
0.3000000000	-0.0737000000
0.3000000000	-0.0735000000
0.3000000000	-0.0734000000
0.3000000000	-0.0732000000
0.3000000000	-0.0730000000
0.3000000000	-0.0727000000
0.2000000000	-0.0726000000
0.2000000000	-0.0726000000
0.2000000000	-0.0726000000
0.2000000000	-0.0726000000
0.2000000000	-0.0726000000
0.2000000000	-0.0726000000
0.2000000000	-0.0726000000
0.2000000000	-0.0726000000
0.2000000000	-0.0726000000
0.2000000000	-0.0726000000
0.2000000000	-0.0726000000
0.2000000000	-0.0726000000
0.2000000000	-0.0726000000
0.2000000000	-0.0726000000
0.2000000000	-0.0726000000
0.2000000000	-0.0726000000
0.2000000000	-0.0726000000
0.2000000000	-0.0726000000
0.2000000000	-0.0726000000
0.2000000000	-0.0723000000
0.2000000000	-0.0723000000
0.2000000000	-0.0722000000
0.2000000000	-0.0720000000
0.2000000000	-0.0718000000
0.2000000000	-0.0714000000
0.2000000000	-0.0710000000
0.2000000000	-0.0708000000
0.2000000000	-0.0704000000
0.1000000000	-0.0702000000
0.1000000000	-0.0699000000
0.1000000000	-0.0696000000
0.1000000000	-0.0693000000
0.1000000000	-0.0690000000
0.1000000000	-0.0688000000
0.1000000000	-0.0685000000
0.1000000000	-0.0682000000
0.1000000000	-0.0680000000
0.1000000000	-0.0678000000
0.1000000000	-0.0676000000
0.1000000000	-0.0675000000
0.1000000000	-0.0673000000
0.1000000000	-0.0671000000
0.1000000000	-0.0669000000
0.1000000000	-0.0667000000
0.1000000000	-0.0666000000
0.1000000000	-0.0665000000
0.1000000000	-0.0665000000
0.1000000000	-0.0664000000
0.1000000000	-0.0663000000
0.1000000000	-0.0662000000
0.1000000000	-0.0662000000
0.1000000000	-0.0662000000
0.1000000000	-0.0662000000
0.1000000000	-0.0662000000
0.1000000000	-0.0662000000
0.1000000000	-0.0662000000
0.1000000000	-0.0662000000
0.1000000000	-0.0662000000
0.1000000000	-0.0662000000
0.1000000000	-0.0662000000
0.1000000000	-0.0662000000
0.1000000000	-0.0662000000
0.1000000000	-0.0662000000
0.1000000000	-0.0662000000
0.1000000000	-0.0662000000
0.1000000000	-0.0662000000
0.1000000000	-0.0662000000
0.1000000000	-0.0662000000
0.1000000000	-0.0662000000
0.1000000000	-0.0658000000
0.0000000000	-0.0656000000
0.0000000000	-0.0653000000
0.0000000000	-0.0651000000
0.0000000000	-0.0649000000
0.0000000000	-0.0646000000
0.0000000000	-0.0644000000
0.0000000000	-0.0642000000
0.0000000000	-0.0639000000
0.0000000000	-0.0637000000
0.0000000000	-0.0635000000
0.0000000000	-0.0633000000
0.0000000000	-0.0631000000
0.0000000000	-0.0628000000
0.0000000000	-0.0625000000
0.0000000000	-0.0623000000
0.0000000000	-0.0621000000
0.0000000000	-0.0619000000
0.0000000000	-0.0618000000
0.0000000000	-0.0616000000
0.0000000000	-0.0614000000
0.0000000000	-0.0613000000
0.0000000000	-0.0613000000
0.0000000000	-0.0611000000
0.0000000000	-0.0610000000
0.0000000000	-0.0609000000
0.0000000000	-0.0609000000
0.0000000000	-0.0609000000
0.0000000000	-0.0609000000
0.0000000000	-0.0610000000
0.0000000000	-0.0610000000
0.0000000000	-0.0610000000
0.0000000000	-0.0610000000
0.0000000000	-0.0610000000
0.0000000000	-0.0610000000
0.0000000000	-0.0610000000
0.0000000000	-0.0610000000
0.0000000000	-0.0609000000
0.0000000000	-0.0609000000
0.0000000000	-0.0609000000
0.0000000000	-0.0609000000
0.0000000000	-0.0609000000
0.0000000000	-0.0609000000
0.0000000000	-0.0605000000
0.0000000000	-0.0602000000
0.0000000000	-0.0599000000
0.0000000000	-0.0596000000
0.0000000000	-0.0594000000
0.0000000000	-0.0592000000
0.0000000000	-0.0589000000
0.0000000000	-0.0587000000
0.0000000000	-0.0584000000
0.0000000000	-0.0582000000
0.0000000000	-0.0580000000
0.0000000000	-0.0577000000
0.0000000000	-0.0576000000
0.1000000000	-0.0573000000
0.1000000000	-0.0571000000
0.1000000000	-0.0569000000
0.1000000000	-0.0568000000
0.1000000000	-0.0567000000
0.1000000000	-0.0564000000
0.1000000000	-0.0562000000
0.1000000000	-0.0561000000
0.1000000000	-0.0560000000
0.1000000000	-0.0558000000
0.1000000000	-0.0557000000
0.1000000000	-0.0555000000
0.1000000000	-0.0553000000
0.1000000000	-0.0551000000
0.1000000000	-0.0549000000
0.1000000000	-0.0546000000
0.1000000000	-0.0542000000
0.1000000000	-0.0542000000
0.1000000000	-0.0541000000
0.1000000000	-0.0539000000
0.1000000000	-0.0537000000
0.1000000000	-0.0533000000
0.1000000000	-0.0530000000
0.1000000000	-0.0526000000
0.1000000000	-0.0524000000
0.1000000000	-0.0523000000
0.1000000000	-0.0520000000
0.1000000000	-0.0519000000
0.1000000000	-0.0519000000
0.1000000000	-0.0518000000
0.1000000000	-0.0518000000
0.1000000000	-0.0519000000
0.1000000000	-0.0519000000
0.1000000000	-0.0519000000
0.1000000000	-0.0519000000
0.1000000000	-0.0519000000
0.1000000000	-0.0519000000
0.1000000000	-0.0519000000
0.1000000000	-0.0519000000
0.1000000000	-0.0519000000
0.1000000000	-0.0518000000
0.1000000000	-0.0518000000
0.1000000000	-0.0518000000
0.1000000000	-0.0518000000
0.1000000000	-0.0513000000
0.1000000000	-0.0508000000
0.1000000000	-0.0504000000
0.1000000000	-0.0501000000
0.1000000000	-0.0499000000
0.1000000000	-0.0497000000
0.1000000000	-0.0494000000
0.1000000000	-0.0491000000
0.1000000000	-0.0487000000
0.1000000000	-0.0483000000
0.1000000000	-0.0481000000
0.1000000000	-0.0480000000
0.1000000000	-0.0479000000
0.1000000000	-0.0477000000
0.1000000000	-0.0476000000
0.1000000000	-0.0473000000
0.1000000000	-0.0470000000
0.1000000000	-0.0468000000
0.1000000000	-0.0466000000
0.1000000000	-0.0464000000
0.1000000000	-0.0463000000
0.1000000000	-0.0461000000
0.1000000000	-0.0458000000
0.1000000000	-0.0455000000
0.1000000000	-0.0452000000
0.1000000000	-0.0451000000
0.1000000000	-0.0451000000
0.1000000000	-0.0450000000
0.1000000000	-0.0449000000
0.1000000000	-0.0447000000
0.1000000000	-0.0446000000
0.1000000000	-0.0442000000
0.1000000000	-0.0438000000
0.1000000000	-0.0435000000
0.1000000000	-0.0433000000
0.1000000000	-0.0432000000
0.1000000000	-0.0429000000
0.1000000000	-0.0428000000
0.1000000000	-0.0427000000
0.1000000000	-0.0426000000
0.1000000000	-0.0426000000
0.1000000000	-0.0426000000
0.1000000000	-0.0426000000
0.1000000000	-0.0426000000
0.1000000000	-0.0426000000
0.1000000000	-0.0426000000
0.1000000000	-0.0426000000
0.1000000000	-0.0426000000
0.1000000000	-0.0426000000
0.1000000000	-0.0426000000
0.1000000000	-0.0426000000
0.1000000000	-0.0426000000
0.1000000000	-0.0426000000
0.1000000000	-0.0426000000
0.1000000000	-0.0426000000
0.1000000000	-0.0426000000
0.1000000000	-0.0426000000
0.1000000000	-0.0426000000
0.1000000000	-0.0425000000
0.1000000000	-0.0419000000
0.1000000000	-0.0414000000
0.1000000000	-0.0411000000
0.1000000000	-0.0408000000
0.1000000000	-0.0405000000
0.1000000000	-0.0402000000
0.1000000000	-0.0399000000
0.1000000000	-0.0396000000
0.1000000000	-0.0394000000
0.0000000000	-0.0392000000
0.0000000000	-0.0390000000
0.0000000000	-0.0388000000
0.0000000000	-0.0386000000
0.0000000000	-0.0384000000
0.0000000000	-0.0382000000
0.0000000000	-0.0381000000
0.0000000000	-0.0381000000
0.0000000000	-0.0379000000
0.0000000000	-0.0377000000
0.0000000000	-0.0375000000
0.0000000000	-0.0373000000
0.0000000000	-0.0372000000
0.0000000000	-0.0370000000
0.0000000000	-0.0369000000
0.0000000000	-0.0368000000
0.0000000000	-0.0368000000
0.0000000000	-0.0368000000
0.0000000000	-0.0367000000
0.0000000000	-0.0365000000
0.0000000000	-0.0364000000
0.0000000000	-0.0363000000
0.0000000000	-0.0362000000
0.0000000000	-0.0362000000
0.0000000000	-0.0361000000
0.0000000000	-0.0360000000
0.0000000000	-0.0359000000
0.0000000000	-0.0357000000
0.0000000000	-0.0356000000
0.0000000000	-0.0355000000
0.0000000000	-0.0353000000
0.0000000000	-0.0352000000
0.0000000000	-0.0352000000
0.0000000000	-0.0351000000
0.0000000000	-0.0351000000
0.0000000000	-0.0351000000
0.0000000000	-0.0351000000
0.0000000000	-0.0351000000
0.0000000000	-0.0351000000
0.0000000000	-0.0351000000
0.0000000000	-0.0351000000
0.0000000000	-0.0351000000
0.0000000000	-0.0351000000
0.0000000000	-0.0351000000
0.0000000000	-0.0351000000
0.0000000000	-0.0351000000
0.0000000000	-0.0351000000
0.0000000000	-0.0351000000
0.0000000000	-0.0351000000
0.0000000000	-0.0351000000
0.0000000000	-0.0351000000
0.0000000000	-0.0351000000
0.0000000000	-0.0348000000
0.0000000000	-0.0345000000
0.0000000000	-0.0340000000
0.0000000000	-0.0337000000
0.0000000000	-0.0335000000
0.0000000000	-0.0333000000
0.0000000000	-0.0332000000
0.0000000000	-0.0331000000
0.0000000000	-0.0329000000
0.0000000000	-0.0327000000
0.0000000000	-0.0323000000
0.0000000000	-0.0321000000
0.0000000000	-0.0320000000
0.0000000000	-0.0319000000
0.0000000000	-0.0318000000
0.0000000000	-0.0317000000
0.0000000000	-0.0315000000
0.0000000000	-0.0314000000
0.0000000000	-0.0313000000
0.0000000000	-0.0312000000
0.0000000000	-0.0310000000
0.0000000000	-0.0308000000
0.0000000000	-0.0307000000
0.0000000000	-0.0306000000
0.0000000000	-0.0305000000
0.0000000000	-0.0303000000
0.0000000000	-0.0303000000
0.0000000000	-0.0301000000
0.0000000000	-0.0300000000
0.0000000000	-0.0300000000
0.0000000000	-0.0300000000
0.0000000000	-0.0298000000
0.0000000000	-0.0297000000
0.0000000000	-0.0296000000
0.0000000000	-0.0295000000
0.0000000000	-0.0295000000
0.0000000000	-0.0295000000
0.0000000000	-0.0296000000
0.0000000000	-0.0296000000
0.0000000000	-0.0296000000
0.0000000000	-0.0296000000
0.0000000000	-0.0296000000
0.0000000000	-0.0296000000
0.0000000000	-0.0296000000
0.0000000000	-0.0296000000
0.0000000000	-0.0296000000
0.0000000000	-0.0296000000
0.0000000000	-0.0296000000
0.0000000000	-0.0296000000
0.0000000000	-0.0295000000
0.0000000000	-0.0295000000
0.0000000000	-0.0295000000
0.0000000000	-0.0294000000
0.0000000000	-0.0291000000
0.0000000000	-0.0287000000
0.0000000000	-0.0287000000
0.0000000000	-0.0285000000
0.0000000000	-0.0283000000
0.0000000000	-0.0280000000
0.0000000000	-0.0277000000
0.0000000000	-0.0274000000
0.0000000000	-0.0271000000
0.0000000000	-0.0269000000
0.0000000000	-0.0268000000
0.0000000000	-0.0267000000
0.0000000000	-0.0265000000
0.0000000000	-0.0264000000
0.0000000000	-0.0262000000
0.0000000000	-0.0261000000
0.0000000000	-0.0260000000
0.0000000000	-0.0258000000
0.0000000000	-0.0258000000
0.0000000000	-0.0256000000
0.0000000000	-0.0253000000
0.0000000000	-0.0252000000
0.0000000000	-0.0252000000
0.0000000000	-0.0251000000
0.0000000000	-0.0250000000
0.0000000000	-0.0250000000
0.0000000000	-0.0249000000
0.0000000000	-0.0249000000
0.0000000000	-0.0248000000
0.0000000000	-0.0248000000
0.0000000000	-0.0247000000
0.0000000000	-0.0247000000
0.0000000000	-0.0247000000
0.0000000000	-0.0247000000
0.0000000000	-0.0247000000
0.0000000000	-0.0247000000
0.0000000000	-0.0247000000
0.0000000000	-0.0247000000
0.0000000000	-0.0247000000
0.0000000000	-0.0247000000
0.0000000000	-0.0247000000
0.0000000000	-0.0247000000
0.0000000000	-0.0247000000
0.0000000000	-0.0247000000
0.0000000000	-0.0247000000
0.0000000000	-0.0247000000
0.0000000000	-0.0247000000
0.0000000000	-0.0247000000
0.0000000000	-0.0246000000
0.0000000000	-0.0244000000
0.0000000000	-0.0242000000
0.0000000000	-0.0241000000
0.0000000000	-0.0239000000
0.0000000000	-0.0237000000
0.0000000000	-0.0234000000
0.0000000000	-0.0233000000
0.0000000000	-0.0232000000
0.0000000000	-0.0231000000
0.0000000000	-0.0230000000
0.0000000000	-0.0229000000
0.0000000000	-0.0228000000
0.0000000000	-0.0226000000
0.0000000000	-0.0224000000
0.0000000000	-0.0222000000
0.0000000000	-0.0221000000
0.0000000000	-0.0220000000
0.0000000000	-0.0218000000
0.0000000000	-0.0217000000
0.0000000000	-0.0216000000
0.0000000000	-0.0213000000
0.0000000000	-0.0210000000
0.0000000000	-0.0210000000
0.0000000000	-0.0208000000
0.0000000000	-0.0208000000
0.0000000000	-0.0208000000
0.0000000000	-0.0207000000
0.0000000000	-0.0206000000
0.0000000000	-0.0204000000
0.0000000000	-0.0203000000
0.0000000000	-0.0201000000
0.0000000000	-0.0200000000
0.0000000000	-0.0200000000
0.0000000000	-0.0199000000
0.0000000000	-0.0199000000
0.0000000000	-0.0197000000
0.0000000000	-0.0195000000
0.0000000000	-0.0193000000
0.0000000000	-0.0191000000
0.0000000000	-0.0188000000
0.0000000000	-0.0188000000
0.0000000000	-0.0188000000
0.0000000000	-0.0186000000
0.0000000000	-0.0186000000
0.0000000000	-0.0186000000
0.0000000000	-0.0186000000
0.0000000000	-0.0186000000
0.0000000000	-0.0186000000
0.0000000000	-0.0186000000
0.0000000000	-0.0186000000
0.0000000000	-0.0186000000
0.0000000000	-0.0186000000
0.0000000000	-0.0186000000
0.0000000000	-0.0186000000
0.0000000000	-0.0186000000
0.0000000000	-0.0186000000
0.0000000000	-0.0186000000
0.0000000000	-0.0186000000
0.0000000000	-0.0186000000
0.0000000000	-0.0186000000
0.0000000000	-0.0183000000
0.0000000000	-0.0180000000
0.0000000000	-0.0178000000
0.0000000000	-0.0175000000
0.0000000000	-0.0172000000
0.0000000000	-0.0171000000
0.0000000000	-0.0170000000
0.0000000000	-0.0169000000
0.0000000000	-0.0167000000
0.0000000000	-0.0165000000
0.0000000000	-0.0164000000
0.0000000000	-0.0160000000
0.0000000000	-0.0156000000
0.0000000000	-0.0152000000
0.0000000000	-0.0151000000
0.0000000000	-0.0150000000
0.0000000000	-0.0149000000
0.0000000000	-0.0148000000
0.0000000000	-0.0147000000
0.0000000000	-0.0146000000
0.0000000000	-0.0144000000
0.0000000000	-0.0144000000
0.0000000000	-0.0142000000
0.0000000000	-0.0140000000
0.0000000000	-0.0137000000
0.0000000000	-0.0135000000
0.0000000000	-0.0135000000
0.0000000000	-0.0135000000
0.0000000000	-0.0135000000
0.0000000000	-0.0134000000
0.0000000000	-0.0131000000
0.0000000000	-0.0130000000
0.0000000000	-0.0129000000
0.0000000000	-0.0128000000
0.0000000000	-0.0126000000
0.0000000000	-0.0122000000
0.0000000000	-0.0120000000
0.0000000000	-0.0119000000
0.0000000000	-0.0117000000
0.0000000000	-0.0117000000
0.0000000000	-0.0117000000
0.0000000000	-0.0117000000
0.0000000000	-0.0117000000
0.0000000000	-0.0117000000
0.0000000000	-0.0117000000
0.0000000000	-0.0117000000
0.0000000000	-0.0117000000
0.0000000000	-0.0117000000
0.0000000000	-0.0117000000
0.0000000000	-0.0117000000
0.0000000000	-0.0117000000
0.0000000000	-0.0117000000
0.0000000000	-0.0117000000
0.0000000000	-0.0117000000
0.0000000000	-0.0117000000
0.0000000000	-0.0117000000
0.0000000000	-0.0116000000
0.0000000000	-0.0111000000
0.0000000000	-0.0110000000
0.0000000000	-0.0107000000
0.0000000000	-0.0106000000
0.0000000000	-0.0105000000
0.0000000000	-0.0101000000
0.0000000000	-0.0100000000
0.0000000000	-0.0098000000
0.0000000000	-0.0094000000
0.0000000000	-0.0090000000
0.0000000000	-0.0087000000
0.0000000000	-0.0085000000
0.0000000000	-0.0082000000
0.0000000000	-0.0078000000
0.0000000000	-0.0075000000
0.0000000000	-0.0074000000
0.0000000000	-0.0073000000
0.0000000000	-0.0073000000
0.0000000000	-0.0072000000
0.0000000000	-0.0071000000
0.0000000000	-0.0069000000
0.0000000000	-0.0065000000
0.0000000000	-0.0060000000
0.0000000000	-0.0054000000
0.0000000000	-0.0052000000
0.0000000000	-0.0050000000
0.0000000000	-0.0047000000
0.0000000000	-0.0046000000
0.0000000000	-0.0046000000
0.0000000000	-0.0045000000
0.0000000000	-0.0043000000
0.0000000000	-0.0043000000
0.0000000000	-0.0040000000
0.0000000000	-0.0036000000
0.0000000000	-0.0035000000
0.0000000000	-0.0035000000
0.0000000000	-0.0035000000
0.0000000000	-0.0035000000
0.0000000000	-0.0035000000
0.0000000000	-0.0035000000
0.0000000000	-0.0035000000
0.0000000000	-0.0035000000
0.0000000000	-0.0035000000
0.0000000000	-0.0035000000
0.0000000000	-0.0035000000
0.0000000000	-0.0035000000
0.0000000000	-0.0035000000
0.0000000000	-0.0035000000
0.0000000000	-0.0035000000
0.0000000000	-0.0035000000
0.0000000000	-0.0035000000
0.0000000000	-0.0033000000
0.0000000000	-0.0031000000
0.0000000000	-0.0027000000
0.0000000000	-0.0021000000
0.0000000000	-0.0016000000
0.0000000000	-0.0011000000
0.0000000000	-0.0006900000
0.0000000000	-0.0004340000
0.0000000000	-0.0000197000
0.0000000000	0.0000000000
0.0000000000	0.0000000000
0.0000000000	0.0000000000
0.0000000000	0.0000000000
0.0000000000	0.0000000000
0.0000000000	0.0000000000
0.0000000000	0.0000000000
0.0000000000	0.0000000000
0.0000000000	0.0000000000
0.0000000000	-0.0000197000
0.0000000000	-0.0000197000
0.0000000000	-0.0000197000
0.0000000000	-0.0000197000
0.0000000000	-0.0000197000
0.0000000000	-0.0000197000
0.0000000000	-0.0000197000
0.0000000000	-0.0000197000
0.0000000000	-0.0000197000
0.0000000000	-0.0000197000
0.0000000000	-0.0000197000
0.0000000000	-0.0000197000
0.0000000000	-0.0000197000
0.0000000000	-0.0000197000
0.0000000000	-0.0000197000
0.0000000000	-0.0000197000
0.0000000000	-0.0000197000
0.0000000000	-0.0000197000
0.0000000000	-0.0000197000
0.0000000000	-0.0000197000
0.0000000000	-0.0000197000
0.0000000000	-0.0000197000
0.0000000000	-0.0000197000
0.0000000000	-0.0000197000
0.0000000000	-0.0000197000
0.0000000000	-0.0000197000
0.0000000000	-0.0000197000
0.0000000000	-0.0000197000
0.0000000000	-0.0000197000
0.0000000000	-0.0000197000
0.0000000000	-0.0000197000
0.0000000000	-0.0000197000
0.0000000000	-0.0000197000
0.0000000000	-0.0000197000
0.0000000000	-0.0000197000
0.0000000000	-0.0000197000
0.0000000000	-0.0000197000
0.0000000000	-0.0000197000
0.0000000000	-0.0000197000
0.0000000000	-0.0000197000
0.0000000000	-0.0000197000
0.0000000000	-0.0000197000
0.0000000000	-0.0000197000
0.0000000000	-0.0000197000
0.0000000000	-0.0000197000
0.0000000000	-0.0000197000
0.0000000000	-0.0000197000
0.0000000000	-0.0000197000
0.0000000000	-0.0000197000
0.0000000000	-0.0000197000
0.0000000000	-0.0000197000
0.0000000000	-0.0000197000
0.0000000000	-0.0000197000
0.0000000000	-0.0000197000
0.0000000000	-0.0000197000
0.0000000000	-0.0000197000
0.0000000000	-0.0000197000
0.0000000000	-0.0000197000
0.0000000000	-0.0000197000
0.0000000000	-0.0000197000
0.0000000000	-0.0000197000
0.0000000000	-0.0000197000
0.0000000000	-0.0000197000
0.0000000000	-0.0000197000
0.0000000000	-0.0000197000
0.0000000000	-0.0000197000
0.0000000000	-0.0000197000
0.0000000000	-0.0000197000
0.0000000000	-0.0000197000
0.0000000000	-0.0000197000
0.0000000000	-0.0000197000
0.0000000000	-0.0000197000
0.0000000000	-0.0000197000
0.0000000000	-0.0000197000
0.0000000000	-0.0000197000
0.0000000000	-0.0000197000
0.0000000000	-0.0000197000
0.0000000000	-0.0000197000
0.0000000000	-0.0000197000
0.0000000000	-0.0000197000
0.0000000000	-0.0000197000
0.0000000000	-0.0000197000
0.0000000000	-0.0000197000
0.0000000000	-0.0000197000
0.0000000000	-0.0000197000
0.0000000000	-0.0000197000
0.0000000000	-0.0000197000
0.0000000000	-0.0000197000
0.0000000000	-0.0000197000
0.0000000000	-0.0000197000
0.0000000000	-0.0000197000
0.0000000000	-0.0000197000
0.0000000000	-0.0000197000
0.0000000000	-0.0000197000
0.0000000000	-0.0000197000
0.0000000000	-0.0000197000
0.0000000000	-0.0000197000
0.0000000000	-0.0000197000
0.0000000000	-0.0000197000
0.0000000000	-0.0000197000
0.0000000000	-0.0000197000
0.0000000000	-0.0000197000
0.0000000000	-0.0000197000
0.0000000000	-0.0000197000
0.0000000000	-0.0000197000
0.0000000000	-0.0000197000
0.0000000000	-0.0000197000
0.0000000000	-0.0000197000
0.0000000000	-0.0000197000
0.0000000000	-0.0000197000
0.0000000000	-0.0000197000
0.0000000000	-0.0000197000
0.0000000000	-0.0000197000
0.0000000000	-0.0000197000
0.0000000000	-0.0000197000
0.0000000000	-0.0000197000
0.0000000000	-0.0000197000
0.0000000000	-0.0000197000
0.0000000000	-0.0000197000
0.0000000000	-0.0000197000
0.0000000000	-0.0000197000
0.0000000000	-0.0000197000
0.0000000000	-0.0000197000
0.0000000000	-0.0000197000
0.0000000000	-0.0000197000
0.0000000000	-0.0000197000
0.0000000000	-0.0000197000
0.0000000000	-0.0000197000
0.0000000000	-0.0000197000
0.0000000000	-0.0000197000
0.0000000000	-0.0000197000
0.0000000000	-0.0000197000
0.0000000000	-0.0000197000
0.0000000000	-0.0000197000
0.0000000000	-0.0000197000
0.0000000000	-0.0000197000
0.0000000000	-0.0000197000
0.0000000000	-0.0000197000
0.0000000000	-0.0000197000
0.0000000000	-0.0000197000
0.0000000000	-0.0000197000
0.0000000000	-0.0000197000
0.0000000000	-0.0000197000
0.0000000000	-0.0000197000
0.0000000000	-0.0000197000
0.0000000000	-0.0000197000
0.0000000000	-0.0000197000
0.0000000000	-0.0000197000
0.0000000000	-0.0000197000
0.0000000000	-0.0000197000
0.0000000000	-0.0000197000
0.0000000000	-0.0000197000
0.0000000000	-0.0000197000
0.0000000000	-0.0000197000
0.0000000000	-0.0000197000
0.0000000000	-0.0000197000
0.0000000000	-0.0000197000
0.0000000000	-0.0000197000
0.0000000000	-0.0000197000
0.0000000000	-0.0000197000
0.0000000000	-0.0000197000
0.0000000000	-0.0000197000
0.0000000000	-0.0000197000
0.0000000000	-0.0000197000
0.0000000000	-0.0000197000
0.0000000000	-0.0000197000
0.0000000000	-0.0000197000
0.0000000000	-0.0000197000
0.0000000000	-0.0000197000
0.0000000000	-0.0000197000
0.0000000000	-0.0000197000
0.0000000000	-0.0000197000
0.0000000000	-0.0000197000
0.0000000000	-0.0000197000
0.0000000000	-0.0000197000
0.0000000000	-0.0000197000
0.0000000000	-0.0000197000
0.0000000000	-0.0000197000
0.0000000000	-0.0000197000
0.0000000000	-0.0000197000
0.0000000000	-0.0000197000
0.0000000000	-0.0000197000
0.0000000000	-0.0000197000
0.0000000000	-0.0000197000
0.0000000000	-0.0000197000
0.0000000000	-0.0000197000
0.0000000000	-0.0000197000
0.0000000000	-0.0000197000
0.0000000000	-0.0000197000
0.0000000000	-0.0000197000
0.0000000000	-0.0000197000
0.0000000000	-0.0000197000
0.0000000000	-0.0000197000
0.0000000000	-0.0000197000
0.0000000000	-0.0000197000
0.0000000000	-0.0000197000
0.0000000000	-0.0000197000
0.0000000000	-0.0000197000
0.0000000000	-0.0000197000
0.0000000000	-0.0000197000
0.0000000000	-0.0000197000
0.0000000000	-0.0000197000
0.0000000000	-0.0000197000
0.0000000000	-0.0000197000
0.0000000000	-0.0000197000
0.0000000000	-0.0000197000
0.0000000000	-0.0000197000
0.0000000000	-0.0000197000
0.0000000000	-0.0000197000
0.0000000000	-0.0000197000
0.0000000000	-0.0000197000
0.0000000000	-0.0000197000
0.0000000000	-0.0000197000
0.0000000000	-0.0000197000
0.0000000000	-0.0000197000
0.0000000000	-0.0000197000
0.0000000000	-0.0000197000
0.0000000000	-0.0000197000
0.0000000000	-0.0000197000
0.0000000000	-0.0000197000
0.0000000000	-0.0000197000
0.0000000000	-0.0000197000
