Light Intensity (% of scale max) Alessio_doubleslit_0.04_0.25_1.5_lampadina	Position (m) Alessio_doubleslit_0.04_0.25_1.5_lampadina
0.0000000000	0.0000000000
0.0000000000	0.0000000000
0.0000000000	0.0000000000
0.0000000000	0.0000000000
0.0000000000	0.0000000000
0.0000000000	-0.0000197000
0.0000000000	-0.0000197000
0.0000000000	-0.0000395000
0.0000000000	-0.0000395000
0.0000000000	-0.0000395000
0.0000000000	-0.0000395000
0.0000000000	-0.0000395000
0.0000000000	-0.0000592000
0.0000000000	-0.0000592000
0.0000000000	-0.0000592000
0.0000000000	-0.0000592000
0.0000000000	-0.0000592000
0.0000000000	-0.0001970000
0.0000000000	-0.0005520000
0.0000000000	-0.0006900000
0.0000000000	-0.0007890000
0.0000000000	-0.0011000000
0.0000000000	-0.0016000000
0.0000000000	-0.0022000000
0.0000000000	-0.0025000000
0.0000000000	-0.0025000000
0.0000000000	-0.0025000000
0.0000000000	-0.0025000000
0.0000000000	-0.0025000000
0.0000000000	-0.0025000000
0.0000000000	-0.0025000000
0.0000000000	-0.0025000000
0.0000000000	-0.0025000000
0.0000000000	-0.0025000000
0.0000000000	-0.0025000000
0.0000000000	-0.0025000000
0.0000000000	-0.0025000000
0.0000000000	-0.0025000000
0.0000000000	-0.0025000000
0.0000000000	-0.0025000000
0.0000000000	-0.0027000000
0.0000000000	-0.0031000000
0.0000000000	-0.0033000000
0.0000000000	-0.0036000000
0.0000000000	-0.0039000000
0.0000000000	-0.0042000000
0.0000000000	-0.0046000000
0.0000000000	-0.0049000000
0.0000000000	-0.0052000000
0.0000000000	-0.0056000000
0.0000000000	-0.0059000000
0.0000000000	-0.0059000000
0.0000000000	-0.0059000000
0.0000000000	-0.0059000000
0.0000000000	-0.0059000000
0.0000000000	-0.0059000000
0.0000000000	-0.0059000000
0.0000000000	-0.0059000000
0.0000000000	-0.0059000000
0.0000000000	-0.0059000000
0.0000000000	-0.0059000000
0.0000000000	-0.0059000000
0.0000000000	-0.0059000000
0.0000000000	-0.0059000000
0.0000000000	-0.0059000000
0.0000000000	-0.0061000000
0.0000000000	-0.0063000000
0.0000000000	-0.0068000000
0.0000000000	-0.0070000000
0.0000000000	-0.0073000000
0.0000000000	-0.0079000000
0.0000000000	-0.0080000000
0.0000000000	-0.0083000000
0.0000000000	-0.0084000000
0.0000000000	-0.0085000000
0.0000000000	-0.0090000000
0.0000000000	-0.0091000000
0.0000000000	-0.0091000000
0.0000000000	-0.0090000000
0.0000000000	-0.0090000000
0.0000000000	-0.0090000000
0.0000000000	-0.0090000000
0.0000000000	-0.0090000000
0.0000000000	-0.0090000000
0.0000000000	-0.0090000000
0.0000000000	-0.0090000000
0.0000000000	-0.0091000000
0.0000000000	-0.0093000000
0.0000000000	-0.0096000000
0.0000000000	-0.0097000000
0.0000000000	-0.0102000000
0.0000000000	-0.0107000000
0.0000000000	-0.0109000000
0.0000000000	-0.0112000000
0.0000000000	-0.0115000000
0.0000000000	-0.0118000000
0.0000000000	-0.0122000000
0.0000000000	-0.0123000000
0.0000000000	-0.0124000000
0.0000000000	-0.0124000000
0.0000000000	-0.0124000000
0.0000000000	-0.0124000000
0.0000000000	-0.0124000000
0.0000000000	-0.0124000000
0.0000000000	-0.0124000000
0.0000000000	-0.0124000000
0.0000000000	-0.0124000000
0.0000000000	-0.0124000000
0.0000000000	-0.0124000000
0.0000000000	-0.0124000000
0.0000000000	-0.0126000000
0.0000000000	-0.0133000000
0.0000000000	-0.0135000000
0.0000000000	-0.0136000000
0.0000000000	-0.0140000000
0.0000000000	-0.0142000000
0.0000000000	-0.0145000000
0.0000000000	-0.0148000000
0.0000000000	-0.0151000000
0.0000000000	-0.0153000000
0.0000000000	-0.0157000000
0.0000000000	-0.0158000000
0.0000000000	-0.0158000000
0.0000000000	-0.0158000000
0.0000000000	-0.0158000000
0.0000000000	-0.0158000000
0.0000000000	-0.0158000000
0.0000000000	-0.0158000000
0.0000000000	-0.0158000000
0.0000000000	-0.0158000000
0.0000000000	-0.0158000000
0.0000000000	-0.0158000000
0.0000000000	-0.0158000000
0.0000000000	-0.0158000000
0.0000000000	-0.0165000000
0.0000000000	-0.0170000000
0.0000000000	-0.0170000000
0.0000000000	-0.0171000000
0.0000000000	-0.0174000000
0.0000000000	-0.0178000000
0.0000000000	-0.0184000000
0.0000000000	-0.0188000000
0.0000000000	-0.0190000000
0.0000000000	-0.0190000000
0.0000000000	-0.0190000000
0.0000000000	-0.0190000000
0.0000000000	-0.0190000000
0.0000000000	-0.0190000000
0.0000000000	-0.0190000000
0.0000000000	-0.0190000000
0.0000000000	-0.0190000000
0.0000000000	-0.0190000000
0.0000000000	-0.0190000000
0.0000000000	-0.0190000000
0.0000000000	-0.0190000000
0.0000000000	-0.0190000000
0.1000000000	-0.0191000000
0.1000000000	-0.0198000000
0.1000000000	-0.0199000000
0.1000000000	-0.0200000000
0.0000000000	-0.0203000000
0.0000000000	-0.0206000000
0.0000000000	-0.0210000000
0.0000000000	-0.0212000000
0.0000000000	-0.0213000000
0.1000000000	-0.0217000000
0.1000000000	-0.0218000000
0.1000000000	-0.0218000000
0.1000000000	-0.0218000000
0.1000000000	-0.0218000000
0.1000000000	-0.0218000000
0.1000000000	-0.0218000000
0.1000000000	-0.0218000000
0.1000000000	-0.0218000000
0.1000000000	-0.0218000000
0.1000000000	-0.0218000000
0.1000000000	-0.0218000000
0.1000000000	-0.0218000000
0.1000000000	-0.0220000000
0.1000000000	-0.0225000000
0.1000000000	-0.0226000000
0.0000000000	-0.0230000000
0.0000000000	-0.0232000000
0.0000000000	-0.0234000000
0.0000000000	-0.0237000000
0.0000000000	-0.0239000000
0.0000000000	-0.0240000000
0.0000000000	-0.0244000000
0.0000000000	-0.0246000000
0.0000000000	-0.0247000000
0.0000000000	-0.0246000000
0.0000000000	-0.0246000000
0.0000000000	-0.0246000000
0.0000000000	-0.0246000000
0.0000000000	-0.0246000000
0.0000000000	-0.0246000000
0.0000000000	-0.0246000000
0.0000000000	-0.0246000000
0.0000000000	-0.0246000000
0.0000000000	-0.0246000000
0.0000000000	-0.0246000000
0.0000000000	-0.0247000000
0.0000000000	-0.0257000000
0.0000000000	-0.0264000000
0.0000000000	-0.0264000000
0.0000000000	-0.0265000000
0.0000000000	-0.0268000000
0.0000000000	-0.0271000000
0.0000000000	-0.0273000000
0.0000000000	-0.0274000000
0.0000000000	-0.0276000000
0.0000000000	-0.0278000000
0.0000000000	-0.0278000000
0.0000000000	-0.0278000000
0.0000000000	-0.0278000000
0.0000000000	-0.0278000000
0.0000000000	-0.0278000000
0.0000000000	-0.0278000000
0.0000000000	-0.0278000000
0.0000000000	-0.0278000000
0.0000000000	-0.0278000000
0.0000000000	-0.0278000000
0.0000000000	-0.0278000000
0.0000000000	-0.0278000000
0.0000000000	-0.0282000000
0.0000000000	-0.0284000000
0.0000000000	-0.0284000000
0.0000000000	-0.0286000000
0.0000000000	-0.0290000000
0.0000000000	-0.0293000000
0.0000000000	-0.0295000000
0.0000000000	-0.0298000000
0.0000000000	-0.0300000000
0.0000000000	-0.0303000000
0.0000000000	-0.0305000000
0.0000000000	-0.0305000000
0.0000000000	-0.0305000000
0.0000000000	-0.0305000000
0.0000000000	-0.0305000000
0.0000000000	-0.0305000000
0.0000000000	-0.0305000000
0.0000000000	-0.0305000000
0.0000000000	-0.0305000000
0.0000000000	-0.0305000000
0.0000000000	-0.0305000000
0.0000000000	-0.0305000000
0.0000000000	-0.0306000000
0.0000000000	-0.0309000000
0.0000000000	-0.0312000000
0.0000000000	-0.0313000000
0.0000000000	-0.0318000000
0.0000000000	-0.0319000000
0.1000000000	-0.0323000000
0.1000000000	-0.0327000000
0.1000000000	-0.0327000000
0.1000000000	-0.0329000000
0.1000000000	-0.0330000000
0.1000000000	-0.0330000000
0.1000000000	-0.0330000000
0.1000000000	-0.0330000000
0.1000000000	-0.0330000000
0.1000000000	-0.0330000000
0.1000000000	-0.0330000000
0.1000000000	-0.0330000000
0.1000000000	-0.0330000000
0.1000000000	-0.0330000000
0.1000000000	-0.0330000000
0.1000000000	-0.0330000000
0.1000000000	-0.0330000000
0.1000000000	-0.0331000000
0.0000000000	-0.0334000000
0.0000000000	-0.0337000000
0.0000000000	-0.0337000000
0.0000000000	-0.0339000000
0.0000000000	-0.0342000000
0.1000000000	-0.0345000000
0.1000000000	-0.0349000000
0.1000000000	-0.0350000000
0.1000000000	-0.0352000000
0.1000000000	-0.0355000000
0.1000000000	-0.0355000000
0.1000000000	-0.0355000000
0.1000000000	-0.0355000000
0.1000000000	-0.0355000000
0.1000000000	-0.0355000000
0.1000000000	-0.0355000000
0.1000000000	-0.0355000000
0.1000000000	-0.0355000000
0.1000000000	-0.0355000000
0.1000000000	-0.0355000000
0.1000000000	-0.0355000000
0.1000000000	-0.0355000000
0.0000000000	-0.0359000000
0.1000000000	-0.0365000000
0.1000000000	-0.0366000000
0.1000000000	-0.0368000000
0.1000000000	-0.0369000000
0.1000000000	-0.0369000000
0.1000000000	-0.0373000000
0.1000000000	-0.0374000000
0.1000000000	-0.0376000000
0.1000000000	-0.0380000000
0.1000000000	-0.0381000000
0.1000000000	-0.0381000000
0.1000000000	-0.0381000000
0.1000000000	-0.0381000000
0.1000000000	-0.0381000000
0.1000000000	-0.0381000000
0.1000000000	-0.0381000000
0.1000000000	-0.0381000000
0.1000000000	-0.0381000000
0.1000000000	-0.0381000000
0.1000000000	-0.0381000000
0.1000000000	-0.0381000000
0.1000000000	-0.0381000000
0.1000000000	-0.0381000000
0.1000000000	-0.0383000000
0.0000000000	-0.0387000000
0.0000000000	-0.0388000000
0.0000000000	-0.0390000000
0.1000000000	-0.0395000000
0.1000000000	-0.0397000000
0.1000000000	-0.0400000000
0.1000000000	-0.0403000000
0.1000000000	-0.0405000000
0.1000000000	-0.0409000000
0.1000000000	-0.0411000000
0.0000000000	-0.0411000000
0.1000000000	-0.0411000000
0.0000000000	-0.0411000000
0.0000000000	-0.0411000000
0.0000000000	-0.0411000000
0.0000000000	-0.0411000000
0.0000000000	-0.0411000000
0.0000000000	-0.0411000000
0.0000000000	-0.0411000000
0.0000000000	-0.0411000000
0.1000000000	-0.0411000000
0.0000000000	-0.0411000000
0.0000000000	-0.0415000000
0.0000000000	-0.0420000000
0.0000000000	-0.0426000000
0.0000000000	-0.0428000000
0.0000000000	-0.0431000000
0.0000000000	-0.0434000000
0.0000000000	-0.0436000000
0.0000000000	-0.0436000000
0.0000000000	-0.0437000000
0.0000000000	-0.0439000000
0.0000000000	-0.0439000000
0.0000000000	-0.0438000000
0.0000000000	-0.0438000000
0.0000000000	-0.0438000000
0.0000000000	-0.0438000000
0.0000000000	-0.0438000000
0.0000000000	-0.0438000000
0.0000000000	-0.0438000000
0.0000000000	-0.0439000000
0.0000000000	-0.0439000000
0.0000000000	-0.0441000000
0.0000000000	-0.0446000000
0.0000000000	-0.0447000000
0.0000000000	-0.0450000000
0.0000000000	-0.0451000000
0.0000000000	-0.0453000000
0.0000000000	-0.0456000000
0.0000000000	-0.0456000000
0.0000000000	-0.0458000000
0.0000000000	-0.0461000000
0.0000000000	-0.0463000000
0.0000000000	-0.0464000000
0.0000000000	-0.0464000000
0.0000000000	-0.0464000000
0.0000000000	-0.0463000000
0.0000000000	-0.0463000000
0.0000000000	-0.0463000000
0.0000000000	-0.0463000000
0.0000000000	-0.0463000000
0.0000000000	-0.0464000000
0.0000000000	-0.0464000000
0.0000000000	-0.0464000000
0.0000000000	-0.0465000000
0.0000000000	-0.0470000000
0.0000000000	-0.0472000000
0.1000000000	-0.0475000000
0.1000000000	-0.0478000000
0.1000000000	-0.0480000000
0.1000000000	-0.0484000000
0.0000000000	-0.0488000000
0.0000000000	-0.0491000000
0.1000000000	-0.0495000000
0.1000000000	-0.0496000000
0.1000000000	-0.0496000000
0.1000000000	-0.0496000000
0.1000000000	-0.0496000000
0.1000000000	-0.0495000000
0.1000000000	-0.0495000000
0.1000000000	-0.0495000000
0.1000000000	-0.0495000000
0.1000000000	-0.0495000000
0.1000000000	-0.0495000000
0.1000000000	-0.0495000000
0.1000000000	-0.0496000000
0.1000000000	-0.0496000000
0.1000000000	-0.0499000000
0.1000000000	-0.0506000000
0.1000000000	-0.0507000000
0.1000000000	-0.0508000000
0.1000000000	-0.0511000000
0.1000000000	-0.0513000000
0.1000000000	-0.0515000000
0.1000000000	-0.0518000000
0.1000000000	-0.0520000000
0.1000000000	-0.0523000000
0.1000000000	-0.0523000000
0.1000000000	-0.0523000000
0.1000000000	-0.0523000000
0.1000000000	-0.0523000000
0.1000000000	-0.0522000000
0.1000000000	-0.0522000000
0.1000000000	-0.0522000000
0.1000000000	-0.0522000000
0.1000000000	-0.0522000000
0.1000000000	-0.0523000000
0.1000000000	-0.0523000000
0.1000000000	-0.0523000000
0.1000000000	-0.0524000000
0.1000000000	-0.0527000000
0.1000000000	-0.0530000000
0.1000000000	-0.0532000000
0.1000000000	-0.0535000000
0.1000000000	-0.0538000000
0.1000000000	-0.0540000000
0.1000000000	-0.0543000000
0.1000000000	-0.0547000000
0.1000000000	-0.0549000000
0.1000000000	-0.0550000000
0.1000000000	-0.0550000000
0.1000000000	-0.0550000000
0.1000000000	-0.0550000000
0.1000000000	-0.0550000000
0.1000000000	-0.0550000000
0.1000000000	-0.0550000000
0.1000000000	-0.0550000000
0.1000000000	-0.0550000000
0.1000000000	-0.0550000000
0.1000000000	-0.0550000000
0.1000000000	-0.0550000000
0.2000000000	-0.0552000000
0.2000000000	-0.0558000000
0.1000000000	-0.0561000000
0.1000000000	-0.0563000000
0.1000000000	-0.0566000000
0.1000000000	-0.0567000000
0.1000000000	-0.0571000000
0.1000000000	-0.0574000000
0.1000000000	-0.0575000000
0.1000000000	-0.0579000000
0.1000000000	-0.0581000000
0.1000000000	-0.0581000000
0.1000000000	-0.0581000000
0.1000000000	-0.0581000000
0.1000000000	-0.0580000000
0.1000000000	-0.0580000000
0.1000000000	-0.0580000000
0.1000000000	-0.0580000000
0.1000000000	-0.0580000000
0.1000000000	-0.0581000000
0.1000000000	-0.0581000000
0.1000000000	-0.0581000000
0.1000000000	-0.0584000000
0.1000000000	-0.0590000000
0.0000000000	-0.0592000000
0.0000000000	-0.0596000000
0.0000000000	-0.0597000000
0.0000000000	-0.0600000000
0.0000000000	-0.0603000000
0.0000000000	-0.0605000000
0.0000000000	-0.0608000000
0.0000000000	-0.0612000000
0.0000000000	-0.0614000000
0.0000000000	-0.0614000000
0.0000000000	-0.0614000000
0.0000000000	-0.0614000000
0.0000000000	-0.0614000000
0.0000000000	-0.0614000000
0.0000000000	-0.0614000000
0.0000000000	-0.0614000000
0.0000000000	-0.0614000000
0.0000000000	-0.0614000000
0.0000000000	-0.0614000000
0.0000000000	-0.0615000000
0.1000000000	-0.0623000000
0.1000000000	-0.0627000000
0.1000000000	-0.0628000000
0.1000000000	-0.0632000000
0.1000000000	-0.0634000000
0.1000000000	-0.0637000000
0.1000000000	-0.0642000000
0.1000000000	-0.0643000000
0.1000000000	-0.0645000000
0.1000000000	-0.0647000000
0.1000000000	-0.0647000000
0.1000000000	-0.0647000000
0.1000000000	-0.0647000000
0.1000000000	-0.0647000000
0.1000000000	-0.0647000000
0.1000000000	-0.0647000000
0.1000000000	-0.0647000000
0.1000000000	-0.0647000000
0.1000000000	-0.0647000000
0.1000000000	-0.0647000000
0.1000000000	-0.0649000000
0.2000000000	-0.0656000000
0.2000000000	-0.0658000000
0.2000000000	-0.0659000000
0.1000000000	-0.0663000000
0.1000000000	-0.0664000000
0.1000000000	-0.0668000000
0.1000000000	-0.0670000000
0.2000000000	-0.0673000000
0.2000000000	-0.0676000000
0.3000000000	-0.0677000000
0.3000000000	-0.0677000000
0.3000000000	-0.0677000000
0.3000000000	-0.0677000000
0.3000000000	-0.0677000000
0.3000000000	-0.0677000000
0.3000000000	-0.0677000000
0.3000000000	-0.0677000000
0.3000000000	-0.0677000000
0.2000000000	-0.0677000000
0.2000000000	-0.0677000000
0.2000000000	-0.0677000000
0.2000000000	-0.0677000000
0.3000000000	-0.0677000000
0.3000000000	-0.0681000000
0.3000000000	-0.0685000000
0.2000000000	-0.0687000000
0.2000000000	-0.0692000000
0.2000000000	-0.0695000000
0.2000000000	-0.0696000000
0.3000000000	-0.0700000000
0.4000000000	-0.0701000000
0.4000000000	-0.0702000000
0.5000000000	-0.0705000000
0.5000000000	-0.0705000000
0.5000000000	-0.0705000000
0.5000000000	-0.0705000000
0.5000000000	-0.0705000000
0.5000000000	-0.0705000000
0.5000000000	-0.0705000000
0.5000000000	-0.0705000000
0.5000000000	-0.0705000000
0.5000000000	-0.0705000000
0.5000000000	-0.0705000000
0.5000000000	-0.0705000000
0.5000000000	-0.0705000000
0.5000000000	-0.0710000000
0.3000000000	-0.0714000000
0.3000000000	-0.0714000000
0.3000000000	-0.0715000000
0.2000000000	-0.0717000000
0.2000000000	-0.0718000000
0.2000000000	-0.0719000000
0.2000000000	-0.0721000000
0.4000000000	-0.0726000000
0.4000000000	-0.0729000000
0.4000000000	-0.0731000000
0.4000000000	-0.0734000000
0.4000000000	-0.0734000000
0.4000000000	-0.0734000000
0.4000000000	-0.0734000000
0.4000000000	-0.0734000000
0.4000000000	-0.0734000000
0.4000000000	-0.0734000000
0.4000000000	-0.0734000000
0.4000000000	-0.0734000000
0.4000000000	-0.0734000000
0.4000000000	-0.0734000000
0.4000000000	-0.0734000000
0.4000000000	-0.0735000000
0.3000000000	-0.0738000000
0.2000000000	-0.0743000000
0.1000000000	-0.0747000000
0.1000000000	-0.0751000000
0.1000000000	-0.0754000000
0.1000000000	-0.0755000000
0.1000000000	-0.0759000000
0.1000000000	-0.0760000000
0.1000000000	-0.0762000000
0.1000000000	-0.0762000000
0.1000000000	-0.0762000000
0.1000000000	-0.0762000000
0.1000000000	-0.0762000000
0.1000000000	-0.0762000000
0.1000000000	-0.0762000000
0.1000000000	-0.0762000000
0.1000000000	-0.0762000000
0.1000000000	-0.0762000000
0.1000000000	-0.0762000000
0.1000000000	-0.0762000000
0.1000000000	-0.0767000000
0.1000000000	-0.0770000000
0.1000000000	-0.0770000000
0.1000000000	-0.0773000000
0.1000000000	-0.0776000000
0.1000000000	-0.0777000000
0.1000000000	-0.0783000000
0.1000000000	-0.0785000000
0.1000000000	-0.0785000000
0.1000000000	-0.0786000000
0.1000000000	-0.0786000000
0.1000000000	-0.0786000000
0.1000000000	-0.0785000000
0.1000000000	-0.0785000000
0.1000000000	-0.0785000000
0.1000000000	-0.0785000000
0.1000000000	-0.0785000000
0.1000000000	-0.0786000000
0.1000000000	-0.0786000000
0.1000000000	-0.0786000000
0.1000000000	-0.0786000000
0.1000000000	-0.0787000000
0.1000000000	-0.0793000000
0.1000000000	-0.0793000000
0.1000000000	-0.0794000000
0.1000000000	-0.0796000000
0.1000000000	-0.0798000000
0.3000000000	-0.0803000000
0.5000000000	-0.0807000000
0.5000000000	-0.0810000000
0.5000000000	-0.0812000000
0.4000000000	-0.0813000000
0.4000000000	-0.0813000000
0.4000000000	-0.0813000000
0.4000000000	-0.0813000000
0.4000000000	-0.0813000000
0.4000000000	-0.0813000000
0.4000000000	-0.0813000000
0.4000000000	-0.0813000000
0.4000000000	-0.0813000000
0.4000000000	-0.0813000000
0.4000000000	-0.0813000000
0.4000000000	-0.0813000000
0.4000000000	-0.0815000000
0.3000000000	-0.0818000000
0.4000000000	-0.0820000000
0.6000000000	-0.0823000000
1.3000000000	-0.0827000000
1.5000000000	-0.0828000000
1.8000000000	-0.0832000000
1.7000000000	-0.0835000000
1.6000000000	-0.0836000000
1.3000000000	-0.0838000000
1.0000000000	-0.0840000000
1.0000000000	-0.0840000000
1.0000000000	-0.0840000000
1.0000000000	-0.0840000000
1.0000000000	-0.0840000000
1.0000000000	-0.0840000000
1.0000000000	-0.0840000000
1.0000000000	-0.0840000000
1.0000000000	-0.0840000000
1.0000000000	-0.0840000000
1.0000000000	-0.0840000000
1.0000000000	-0.0841000000
2.1000000000	-0.0848000000
2.4000000000	-0.0849000000
3.2000000000	-0.0852000000
4.3000000000	-0.0856000000
4.4000000000	-0.0859000000
3.6000000000	-0.0863000000
2.3000000000	-0.0865000000
2.0000000000	-0.0868000000
2.1000000000	-0.0869000000
2.1000000000	-0.0869000000
2.1000000000	-0.0869000000
2.1000000000	-0.0869000000
2.1000000000	-0.0869000000
2.1000000000	-0.0869000000
2.1000000000	-0.0869000000
2.1000000000	-0.0869000000
2.1000000000	-0.0869000000
2.1000000000	-0.0869000000
2.1000000000	-0.0869000000
2.1000000000	-0.0869000000
2.1000000000	-0.0869000000
2.8000000000	-0.0871000000
6.2000000000	-0.0877000000
7.7000000000	-0.0881000000
7.8000000000	-0.0883000000
6.7000000000	-0.0886000000
4.7000000000	-0.0889000000
3.0000000000	-0.0893000000
3.0000000000	-0.0894000000
4.1000000000	-0.0897000000
7.2000000000	-0.0900000000
7.2000000000	-0.0900000000
7.1000000000	-0.0900000000
7.2000000000	-0.0900000000
7.3000000000	-0.0900000000
7.3000000000	-0.0900000000
7.3000000000	-0.0900000000
7.3000000000	-0.0900000000
7.3000000000	-0.0900000000
7.2000000000	-0.0900000000
7.2000000000	-0.0900000000
7.3000000000	-0.0900000000
8.0000000000	-0.0901000000
9.9000000000	-0.0905000000
9.7000000000	-0.0909000000
8.3000000000	-0.0911000000
7.1000000000	-0.0912000000
4.8000000000	-0.0916000000
3.8000000000	-0.0921000000
7.9000000000	-0.0925000000
10.6000000000	-0.0928000000
11.6000000000	-0.0931000000
11.6000000000	-0.0933000000
10.8000000000	-0.0934000000
10.5000000000	-0.0934000000
10.4000000000	-0.0934000000
10.5000000000	-0.0934000000
10.6000000000	-0.0934000000
10.7000000000	-0.0934000000
10.7000000000	-0.0934000000
10.7000000000	-0.0934000000
10.7000000000	-0.0934000000
10.7000000000	-0.0934000000
10.7000000000	-0.0934000000
6.4000000000	-0.0938000000
3.6000000000	-0.0944000000
3.8000000000	-0.0946000000
4.6000000000	-0.0948000000
5.6000000000	-0.0950000000
7.8000000000	-0.0951000000
9.0000000000	-0.0953000000
10.2000000000	-0.0956000000
10.4000000000	-0.0959000000
7.8000000000	-0.0963000000
4.0000000000	-0.0966000000
3.3000000000	-0.0968000000
3.2000000000	-0.0968000000
3.3000000000	-0.0968000000
3.3000000000	-0.0968000000
3.2000000000	-0.0968000000
3.3000000000	-0.0968000000
3.2000000000	-0.0968000000
3.2000000000	-0.0968000000
3.2000000000	-0.0968000000
3.3000000000	-0.0968000000
3.2000000000	-0.0968000000
3.1000000000	-0.0970000000
5.9000000000	-0.0977000000
6.1000000000	-0.0978000000
6.7000000000	-0.0979000000
7.8000000000	-0.0982000000
7.5000000000	-0.0984000000
5.0000000000	-0.0989000000
3.4000000000	-0.0991000000
3.3000000000	-0.0991000000
3.3000000000	-0.0991000000
3.2000000000	-0.0991000000
3.2000000000	-0.0991000000
3.3000000000	-0.0991000000
3.3000000000	-0.0991000000
3.3000000000	-0.0991000000
3.3000000000	-0.0991000000
3.3000000000	-0.0991000000
3.3000000000	-0.0991000000
3.3000000000	-0.0991000000
2.7000000000	-0.0992000000
2.9000000000	-0.1000000000
3.7000000000	-0.1003000000
4.0000000000	-0.1004000000
4.5000000000	-0.1008000000
4.2000000000	-0.1010000000
3.0000000000	-0.1013000000
2.0000000000	-0.1016000000
1.8000000000	-0.1017000000
1.2000000000	-0.1020000000
1.1000000000	-0.1025000000
1.2000000000	-0.1025000000
1.2000000000	-0.1025000000
1.2000000000	-0.1025000000
1.2000000000	-0.1025000000
1.2000000000	-0.1025000000
1.2000000000	-0.1025000000
1.2000000000	-0.1025000000
1.2000000000	-0.1025000000
1.2000000000	-0.1025000000
1.2000000000	-0.1025000000
1.2000000000	-0.1025000000
1.5000000000	-0.1030000000
0.8000000000	-0.1040000000
0.5000000000	-0.1044000000
0.3000000000	-0.1047000000
0.4000000000	-0.1050000000
0.4000000000	-0.1050000000
0.5000000000	-0.1053000000
0.5000000000	-0.1056000000
0.5000000000	-0.1056000000
0.5000000000	-0.1057000000
0.5000000000	-0.1057000000
0.5000000000	-0.1056000000
0.5000000000	-0.1056000000
0.5000000000	-0.1056000000
0.5000000000	-0.1056000000
0.5000000000	-0.1056000000
0.5000000000	-0.1056000000
0.5000000000	-0.1056000000
0.5000000000	-0.1056000000
0.5000000000	-0.1056000000
0.5000000000	-0.1057000000
0.5000000000	-0.1057000000
0.5000000000	-0.1062000000
0.2000000000	-0.1069000000
0.1000000000	-0.1069000000
0.1000000000	-0.1071000000
0.1000000000	-0.1074000000
0.1000000000	-0.1078000000
0.1000000000	-0.1081000000
0.1000000000	-0.1081000000
0.1000000000	-0.1083000000
0.1000000000	-0.1086000000
0.1000000000	-0.1086000000
0.1000000000	-0.1086000000
0.1000000000	-0.1086000000
0.1000000000	-0.1086000000
0.1000000000	-0.1086000000
0.1000000000	-0.1086000000
0.1000000000	-0.1086000000
0.1000000000	-0.1086000000
0.1000000000	-0.1086000000
0.1000000000	-0.1086000000
0.1000000000	-0.1086000000
0.1000000000	-0.1087000000
0.1000000000	-0.1090000000
0.1000000000	-0.1092000000
0.0000000000	-0.1097000000
0.1000000000	-0.1100000000
0.1000000000	-0.1103000000
0.1000000000	-0.1108000000
0.1000000000	-0.1110000000
0.1000000000	-0.1111000000
0.1000000000	-0.1111000000
0.1000000000	-0.1111000000
0.1000000000	-0.1111000000
0.1000000000	-0.1111000000
0.1000000000	-0.1111000000
0.1000000000	-0.1111000000
0.1000000000	-0.1111000000
0.1000000000	-0.1111000000
0.1000000000	-0.1111000000
0.1000000000	-0.1111000000
0.1000000000	-0.1111000000
0.1000000000	-0.1111000000
0.1000000000	-0.1111000000
0.1000000000	-0.1111000000
0.1000000000	-0.1113000000
0.1000000000	-0.1119000000
0.1000000000	-0.1120000000
0.1000000000	-0.1123000000
0.1000000000	-0.1126000000
0.2000000000	-0.1127000000
0.3000000000	-0.1131000000
0.4000000000	-0.1134000000
0.4000000000	-0.1135000000
0.4000000000	-0.1136000000
0.4000000000	-0.1136000000
0.4000000000	-0.1136000000
0.4000000000	-0.1136000000
0.4000000000	-0.1136000000
0.4000000000	-0.1136000000
0.4000000000	-0.1136000000
0.4000000000	-0.1136000000
0.4000000000	-0.1136000000
0.4000000000	-0.1136000000
0.4000000000	-0.1136000000
0.4000000000	-0.1136000000
0.4000000000	-0.1136000000
0.4000000000	-0.1136000000
0.2000000000	-0.1145000000
0.2000000000	-0.1151000000
0.2000000000	-0.1151000000
0.3000000000	-0.1154000000
0.4000000000	-0.1159000000
0.4000000000	-0.1163000000
0.4000000000	-0.1164000000
0.4000000000	-0.1166000000
0.3000000000	-0.1166000000
0.3000000000	-0.1166000000
0.3000000000	-0.1166000000
0.3000000000	-0.1166000000
0.3000000000	-0.1166000000
0.3000000000	-0.1166000000
0.3000000000	-0.1166000000
0.3000000000	-0.1166000000
0.3000000000	-0.1166000000
0.3000000000	-0.1166000000
0.3000000000	-0.1166000000
0.3000000000	-0.1166000000
0.3000000000	-0.1167000000
0.2000000000	-0.1173000000
0.3000000000	-0.1183000000
0.3000000000	-0.1183000000
0.3000000000	-0.1184000000
0.3000000000	-0.1186000000
0.3000000000	-0.1189000000
0.3000000000	-0.1191000000
0.3000000000	-0.1191000000
0.2000000000	-0.1193000000
0.2000000000	-0.1196000000
0.1000000000	-0.1196000000
0.2000000000	-0.1196000000
0.2000000000	-0.1196000000
0.2000000000	-0.1196000000
0.2000000000	-0.1196000000
0.2000000000	-0.1196000000
0.2000000000	-0.1196000000
0.2000000000	-0.1196000000
0.2000000000	-0.1196000000
0.2000000000	-0.1196000000
0.2000000000	-0.1196000000
0.1000000000	-0.1199000000
0.2000000000	-0.1209000000
0.2000000000	-0.1210000000
0.2000000000	-0.1211000000
0.2000000000	-0.1213000000
0.2000000000	-0.1214000000
0.2000000000	-0.1218000000
0.1000000000	-0.1220000000
0.1000000000	-0.1221000000
0.1000000000	-0.1224000000
0.1000000000	-0.1227000000
0.1000000000	-0.1227000000
0.1000000000	-0.1227000000
0.1000000000	-0.1227000000
0.1000000000	-0.1226000000
0.1000000000	-0.1226000000
0.1000000000	-0.1226000000
0.1000000000	-0.1226000000
0.1000000000	-0.1226000000
0.1000000000	-0.1226000000
0.1000000000	-0.1226000000
0.1000000000	-0.1227000000
0.1000000000	-0.1227000000
0.1000000000	-0.1229000000
0.1000000000	-0.1237000000
0.1000000000	-0.1240000000
0.1000000000	-0.1241000000
0.1000000000	-0.1245000000
0.0000000000	-0.1247000000
0.0000000000	-0.1248000000
0.0000000000	-0.1252000000
0.0000000000	-0.1254000000
0.0000000000	-0.1255000000
0.0000000000	-0.1255000000
0.0000000000	-0.1255000000
0.0000000000	-0.1254000000
0.0000000000	-0.1254000000
0.0000000000	-0.1254000000
0.0000000000	-0.1254000000
0.0000000000	-0.1254000000
0.0000000000	-0.1254000000
0.0000000000	-0.1254000000
0.0000000000	-0.1255000000
0.0000000000	-0.1255000000
0.0000000000	-0.1255000000
0.0000000000	-0.1259000000
0.0000000000	-0.1264000000
0.0000000000	-0.1265000000
0.0000000000	-0.1268000000
0.0000000000	-0.1271000000
0.0000000000	-0.1273000000
0.1000000000	-0.1279000000
0.1000000000	-0.1281000000
0.1000000000	-0.1284000000
0.1000000000	-0.1285000000
0.1000000000	-0.1285000000
0.1000000000	-0.1285000000
0.1000000000	-0.1284000000
0.1000000000	-0.1284000000
0.1000000000	-0.1284000000
0.1000000000	-0.1284000000
0.1000000000	-0.1284000000
0.1000000000	-0.1284000000
0.1000000000	-0.1285000000
0.1000000000	-0.1285000000
0.1000000000	-0.1285000000
0.1000000000	-0.1290000000
0.1000000000	-0.1297000000
0.1000000000	-0.1299000000
0.1000000000	-0.1303000000
0.1000000000	-0.1307000000
0.1000000000	-0.1309000000
0.2000000000	-0.1311000000
0.2000000000	-0.1313000000
0.1000000000	-0.1316000000
0.1000000000	-0.1319000000
0.1000000000	-0.1319000000
0.1000000000	-0.1318000000
0.1000000000	-0.1318000000
0.1000000000	-0.1318000000
0.1000000000	-0.1318000000
0.1000000000	-0.1318000000
0.1000000000	-0.1318000000
0.1000000000	-0.1318000000
0.1000000000	-0.1318000000
0.1000000000	-0.1318000000
0.1000000000	-0.1319000000
0.1000000000	-0.1319000000
0.1000000000	-0.1321000000
0.1000000000	-0.1327000000
0.1000000000	-0.1328000000
0.1000000000	-0.1330000000
0.1000000000	-0.1334000000
0.2000000000	-0.1337000000
0.2000000000	-0.1339000000
0.2000000000	-0.1343000000
0.2000000000	-0.1344000000
0.1000000000	-0.1346000000
0.1000000000	-0.1347000000
0.1000000000	-0.1347000000
0.1000000000	-0.1347000000
0.1000000000	-0.1346000000
0.1000000000	-0.1346000000
0.1000000000	-0.1347000000
0.1000000000	-0.1347000000
0.1000000000	-0.1347000000
0.1000000000	-0.1347000000
0.1000000000	-0.1347000000
0.1000000000	-0.1347000000
0.1000000000	-0.1352000000
0.1000000000	-0.1358000000
0.1000000000	-0.1360000000
0.1000000000	-0.1369000000
0.1000000000	-0.1373000000
0.1000000000	-0.1375000000
0.1000000000	-0.1380000000
0.1000000000	-0.1382000000
0.1000000000	-0.1385000000
0.1000000000	-0.1386000000
0.1000000000	-0.1386000000
0.1000000000	-0.1385000000
0.1000000000	-0.1385000000
0.1000000000	-0.1385000000
0.1000000000	-0.1385000000
0.1000000000	-0.1385000000
0.1000000000	-0.1385000000
0.1000000000	-0.1385000000
0.1000000000	-0.1386000000
0.1000000000	-0.1386000000
0.1000000000	-0.1386000000
0.1000000000	-0.1391000000
0.1000000000	-0.1394000000
0.1000000000	-0.1398000000
0.0000000000	-0.1403000000
0.0000000000	-0.1406000000
0.0000000000	-0.1411000000
0.0000000000	-0.1414000000
0.0000000000	-0.1415000000
0.0000000000	-0.1421000000
0.0000000000	-0.1423000000
0.0000000000	-0.1423000000
0.0000000000	-0.1422000000
0.0000000000	-0.1422000000
0.0000000000	-0.1422000000
0.0000000000	-0.1422000000
0.0000000000	-0.1422000000
0.0000000000	-0.1422000000
0.0000000000	-0.1422000000
0.0000000000	-0.1422000000
0.0000000000	-0.1422000000
0.0000000000	-0.1422000000
0.0000000000	-0.1423000000
0.0000000000	-0.1426000000
0.0000000000	-0.1435000000
0.1000000000	-0.1439000000
0.1000000000	-0.1442000000
0.1000000000	-0.1444000000
0.1000000000	-0.1447000000
0.1000000000	-0.1450000000
0.1000000000	-0.1450000000
0.1000000000	-0.1452000000
0.1000000000	-0.1455000000
0.1000000000	-0.1456000000
0.1000000000	-0.1456000000
0.1000000000	-0.1456000000
0.1000000000	-0.1456000000
0.1000000000	-0.1454000000
0.1000000000	-0.1454000000
0.1000000000	-0.1454000000
0.1000000000	-0.1454000000
0.1000000000	-0.1454000000
0.1000000000	-0.1454000000
0.1000000000	-0.1456000000
0.1000000000	-0.1456000000
0.1000000000	-0.1460000000
0.1000000000	-0.1467000000
0.1000000000	-0.1471000000
0.1000000000	-0.1477000000
0.1000000000	-0.1479000000
0.1000000000	-0.1483000000
0.1000000000	-0.1485000000
0.1000000000	-0.1486000000
0.1000000000	-0.1490000000
0.1000000000	-0.1492000000
0.1000000000	-0.1492000000
0.1000000000	-0.1492000000
0.1000000000	-0.1492000000
0.1000000000	-0.1490000000
0.1000000000	-0.1490000000
0.1000000000	-0.1490000000
0.1000000000	-0.1490000000
0.1000000000	-0.1490000000
0.1000000000	-0.1490000000
0.1000000000	-0.1490000000
0.1000000000	-0.1491000000
0.1000000000	-0.1491000000
0.1000000000	-0.1492000000
0.1000000000	-0.1500000000
0.1000000000	-0.1503000000
0.1000000000	-0.1503000000
0.1000000000	-0.1504000000
0.1000000000	-0.1505000000
0.1000000000	-0.1506000000
0.1000000000	-0.1510000000
0.1000000000	-0.1513000000
0.1000000000	-0.1515000000
0.1000000000	-0.1518000000
0.1000000000	-0.1518000000
0.1000000000	-0.1518000000
0.1000000000	-0.1518000000
0.1000000000	-0.1516000000
0.1000000000	-0.1516000000
0.1000000000	-0.1516000000
0.1000000000	-0.1516000000
0.1000000000	-0.1516000000
0.1000000000	-0.1516000000
0.1000000000	-0.1516000000
0.1000000000	-0.1516000000
0.1000000000	-0.1517000000
0.1000000000	-0.1518000000
0.1000000000	-0.1520000000
0.1000000000	-0.1526000000
0.1000000000	-0.1527000000
0.1000000000	-0.1528000000
0.1000000000	-0.1530000000
0.1000000000	-0.1530000000
0.1000000000	-0.1532000000
0.1000000000	-0.1537000000
0.1000000000	-0.1540000000
0.1000000000	-0.1541000000
0.1000000000	-0.1543000000
0.1000000000	-0.1543000000
0.1000000000	-0.1542000000
0.1000000000	-0.1542000000
0.1000000000	-0.1541000000
0.1000000000	-0.1541000000
0.1000000000	-0.1541000000
0.1000000000	-0.1541000000
0.1000000000	-0.1541000000
0.1000000000	-0.1541000000
0.1000000000	-0.1541000000
0.1000000000	-0.1541000000
0.1000000000	-0.1542000000
0.1000000000	-0.1544000000
0.0000000000	-0.1550000000
0.0000000000	-0.1552000000
0.0000000000	-0.1552000000
0.0000000000	-0.1553000000
0.0000000000	-0.1555000000
0.0000000000	-0.1560000000
0.0000000000	-0.1561000000
0.0000000000	-0.1562000000
0.0000000000	-0.1567000000
0.0000000000	-0.1569000000
0.0000000000	-0.1570000000
0.0000000000	-0.1570000000
0.0000000000	-0.1570000000
0.0000000000	-0.1570000000
0.0000000000	-0.1570000000
0.0000000000	-0.1569000000
0.0000000000	-0.1569000000
0.0000000000	-0.1569000000
0.0000000000	-0.1569000000
0.0000000000	-0.1569000000
0.0000000000	-0.1569000000
0.0000000000	-0.1569000000
0.0000000000	-0.1570000000
0.0000000000	-0.1570000000
0.0000000000	-0.1572000000
0.0000000000	-0.1580000000
0.0000000000	-0.1581000000
0.0000000000	-0.1584000000
0.0000000000	-0.1588000000
0.0000000000	-0.1591000000
0.0000000000	-0.1595000000
0.0000000000	-0.1595000000
0.0000000000	-0.1595000000
0.0000000000	-0.1595000000
0.0000000000	-0.1595000000
0.0000000000	-0.1595000000
0.0000000000	-0.1595000000
0.0000000000	-0.1595000000
0.0000000000	-0.1595000000
0.0000000000	-0.1595000000
0.0000000000	-0.1595000000
0.0000000000	-0.1595000000
0.0000000000	-0.1595000000
0.0000000000	-0.1595000000
0.0000000000	-0.1595000000
0.0000000000	-0.1595000000
0.0000000000	-0.1598000000
0.0000000000	-0.1600000000
0.0000000000	-0.1600000000
0.0000000000	-0.1604000000
0.0000000000	-0.1607000000
0.0000000000	-0.1610000000
0.1000000000	-0.1616000000
0.1000000000	-0.1618000000
0.1000000000	-0.1618000000
0.1000000000	-0.1619000000
0.1000000000	-0.1620000000
0.1000000000	-0.1620000000
0.1000000000	-0.1620000000
0.1000000000	-0.1620000000
0.1000000000	-0.1620000000
0.1000000000	-0.1620000000
0.1000000000	-0.1620000000
0.1000000000	-0.1620000000
0.1000000000	-0.1620000000
0.1000000000	-0.1620000000
0.1000000000	-0.1620000000
0.1000000000	-0.1620000000
0.1000000000	-0.1620000000
0.1000000000	-0.1620000000
0.0000000000	-0.1624000000
0.0000000000	-0.1629000000
0.0000000000	-0.1629000000
0.1000000000	-0.1630000000
0.1000000000	-0.1633000000
0.1000000000	-0.1636000000
0.1000000000	-0.1639000000
0.1000000000	-0.1641000000
0.1000000000	-0.1645000000
0.1000000000	-0.1646000000
0.1000000000	-0.1646000000
0.1000000000	-0.1646000000
0.1000000000	-0.1646000000
0.1000000000	-0.1646000000
0.1000000000	-0.1646000000
0.1000000000	-0.1646000000
0.1000000000	-0.1646000000
0.1000000000	-0.1646000000
0.1000000000	-0.1646000000
0.1000000000	-0.1646000000
0.1000000000	-0.1646000000
0.1000000000	-0.1646000000
0.1000000000	-0.1650000000
0.1000000000	-0.1656000000
0.1000000000	-0.1657000000
0.1000000000	-0.1658000000
0.1000000000	-0.1662000000
0.1000000000	-0.1666000000
0.1000000000	-0.1668000000
0.1000000000	-0.1671000000
0.1000000000	-0.1674000000
0.1000000000	-0.1676000000
0.0000000000	-0.1680000000
0.0000000000	-0.1680000000
0.0000000000	-0.1680000000
0.0000000000	-0.1680000000
0.0000000000	-0.1680000000
0.0000000000	-0.1680000000
0.0000000000	-0.1680000000
0.0000000000	-0.1680000000
0.0000000000	-0.1680000000
0.0000000000	-0.1680000000
0.0000000000	-0.1680000000
0.0000000000	-0.1680000000
0.0000000000	-0.1680000000
0.0000000000	-0.1680000000
0.1000000000	-0.1684000000
0.1000000000	-0.1689000000
0.1000000000	-0.1690000000
0.1000000000	-0.1691000000
0.1000000000	-0.1695000000
0.1000000000	-0.1699000000
0.0000000000	-0.1702000000
0.0000000000	-0.1703000000
0.0000000000	-0.1707000000
0.0000000000	-0.1711000000
0.0000000000	-0.1711000000
0.0000000000	-0.1711000000
0.0000000000	-0.1711000000
0.0000000000	-0.1711000000
0.0000000000	-0.1711000000
0.0000000000	-0.1709000000
0.0000000000	-0.1709000000
0.0000000000	-0.1709000000
0.0000000000	-0.1709000000
0.0000000000	-0.1709000000
0.0000000000	-0.1709000000
0.0000000000	-0.1709000000
0.0000000000	-0.1711000000
0.0000000000	-0.1712000000
0.0000000000	-0.1712000000
0.0000000000	-0.1715000000
0.0000000000	-0.1719000000
0.0000000000	-0.1720000000
0.0000000000	-0.1726000000
0.0000000000	-0.1728000000
0.0000000000	-0.1731000000
0.0000000000	-0.1734000000
0.0000000000	-0.1735000000
0.0000000000	-0.1736000000
0.0000000000	-0.1739000000
0.0000000000	-0.1740000000
0.0000000000	-0.1740000000
0.0000000000	-0.1740000000
0.0000000000	-0.1740000000
0.0000000000	-0.1738000000
0.0000000000	-0.1738000000
0.0000000000	-0.1738000000
0.0000000000	-0.1738000000
0.0000000000	-0.1738000000
0.0000000000	-0.1738000000
0.0000000000	-0.1740000000
0.0000000000	-0.1741000000
0.0000000000	-0.1744000000
0.0000000000	-0.1749000000
0.0000000000	-0.1750000000
0.0000000000	-0.1755000000
0.0000000000	-0.1760000000
0.0000000000	-0.1761000000
0.0000000000	-0.1765000000
0.0000000000	-0.1767000000
0.0000000000	-0.1768000000
0.0000000000	-0.1771000000
0.0000000000	-0.1772000000
0.0000000000	-0.1772000000
0.0000000000	-0.1772000000
0.0000000000	-0.1772000000
0.0000000000	-0.1772000000
0.0000000000	-0.1772000000
0.0000000000	-0.1772000000
0.0000000000	-0.1772000000
0.0000000000	-0.1772000000
0.0000000000	-0.1772000000
0.0000000000	-0.1772000000
0.0000000000	-0.1772000000
0.0000000000	-0.1772000000
0.0000000000	-0.1780000000
0.0000000000	-0.1784000000
0.1000000000	-0.1787000000
0.1000000000	-0.1791000000
0.1000000000	-0.1792000000
0.1000000000	-0.1795000000
0.1000000000	-0.1797000000
0.1000000000	-0.1798000000
0.1000000000	-0.1798000000
0.1000000000	-0.1798000000
0.1000000000	-0.1798000000
0.1000000000	-0.1798000000
0.1000000000	-0.1798000000
0.1000000000	-0.1798000000
0.1000000000	-0.1798000000
0.1000000000	-0.1798000000
0.1000000000	-0.1798000000
0.1000000000	-0.1798000000
0.1000000000	-0.1798000000
0.1000000000	-0.1798000000
0.1000000000	-0.1798000000
0.1000000000	-0.1798000000
0.1000000000	-0.1796000000
0.1000000000	-0.1795000000
0.1000000000	-0.1795000000
0.1000000000	-0.1792000000
0.1000000000	-0.1787000000
0.1000000000	-0.1782000000
0.1000000000	-0.1780000000
0.1000000000	-0.1780000000
0.1000000000	-0.1778000000
0.0000000000	-0.1776000000
0.0000000000	-0.1772000000
0.0000000000	-0.1767000000
0.0000000000	-0.1767000000
0.0000000000	-0.1767000000
0.0000000000	-0.1767000000
0.0000000000	-0.1767000000
0.0000000000	-0.1767000000
0.0000000000	-0.1767000000
0.0000000000	-0.1767000000
0.0000000000	-0.1767000000
0.0000000000	-0.1767000000
0.0000000000	-0.1767000000
0.0000000000	-0.1767000000
0.0000000000	-0.1767000000
0.0000000000	-0.1767000000
0.0000000000	-0.1767000000
0.0000000000	-0.1765000000
0.0000000000	-0.1761000000
0.0000000000	-0.1757000000
0.0000000000	-0.1755000000
0.0000000000	-0.1752000000
0.0000000000	-0.1751000000
0.0000000000	-0.1751000000
0.0000000000	-0.1750000000
0.0000000000	-0.1747000000
0.0000000000	-0.1745000000
0.0000000000	-0.1744000000
0.0000000000	-0.1742000000
0.0000000000	-0.1739000000
0.0000000000	-0.1739000000
0.0000000000	-0.1739000000
0.0000000000	-0.1739000000
0.0000000000	-0.1739000000
0.0000000000	-0.1739000000
0.0000000000	-0.1739000000
0.0000000000	-0.1739000000
0.0000000000	-0.1739000000
0.0000000000	-0.1739000000
0.0000000000	-0.1739000000
0.0000000000	-0.1738000000
0.0000000000	-0.1737000000
0.0000000000	-0.1730000000
0.0000000000	-0.1726000000
0.0000000000	-0.1723000000
0.0000000000	-0.1719000000
0.0000000000	-0.1718000000
0.0000000000	-0.1715000000
0.0000000000	-0.1713000000
0.0000000000	-0.1713000000
0.0000000000	-0.1713000000
0.0000000000	-0.1712000000
0.0000000000	-0.1712000000
0.0000000000	-0.1712000000
0.0000000000	-0.1712000000
0.0000000000	-0.1712000000
0.0000000000	-0.1712000000
0.0000000000	-0.1712000000
0.0000000000	-0.1712000000
0.0000000000	-0.1712000000
0.0000000000	-0.1712000000
0.0000000000	-0.1712000000
0.0000000000	-0.1711000000
0.0000000000	-0.1708000000
0.0000000000	-0.1704000000
0.0000000000	-0.1701000000
0.0000000000	-0.1698000000
0.1000000000	-0.1693000000
0.1000000000	-0.1689000000
0.1000000000	-0.1687000000
0.1000000000	-0.1684000000
0.1000000000	-0.1681000000
0.1000000000	-0.1679000000
0.1000000000	-0.1678000000
0.0000000000	-0.1677000000
0.0000000000	-0.1677000000
0.1000000000	-0.1677000000
0.0000000000	-0.1678000000
0.0000000000	-0.1678000000
0.0000000000	-0.1678000000
0.0000000000	-0.1678000000
0.0000000000	-0.1678000000
0.0000000000	-0.1678000000
0.0000000000	-0.1677000000
0.0000000000	-0.1676000000
0.0000000000	-0.1674000000
0.1000000000	-0.1669000000
0.1000000000	-0.1663000000
0.1000000000	-0.1660000000
0.1000000000	-0.1655000000
0.1000000000	-0.1654000000
0.1000000000	-0.1653000000
0.1000000000	-0.1652000000
0.1000000000	-0.1651000000
0.1000000000	-0.1649000000
0.1000000000	-0.1645000000
0.1000000000	-0.1641000000
0.1000000000	-0.1640000000
0.1000000000	-0.1640000000
0.1000000000	-0.1641000000
0.1000000000	-0.1642000000
0.1000000000	-0.1642000000
0.1000000000	-0.1642000000
0.1000000000	-0.1642000000
0.1000000000	-0.1642000000
0.1000000000	-0.1641000000
0.1000000000	-0.1639000000
0.1000000000	-0.1638000000
0.1000000000	-0.1630000000
0.1000000000	-0.1626000000
0.0000000000	-0.1623000000
0.0000000000	-0.1621000000
0.0000000000	-0.1620000000
0.1000000000	-0.1617000000
0.1000000000	-0.1614000000
0.1000000000	-0.1613000000
0.1000000000	-0.1613000000
0.1000000000	-0.1612000000
0.1000000000	-0.1612000000
0.1000000000	-0.1612000000
0.1000000000	-0.1612000000
0.1000000000	-0.1613000000
0.1000000000	-0.1613000000
0.1000000000	-0.1613000000
0.1000000000	-0.1613000000
0.1000000000	-0.1613000000
0.1000000000	-0.1613000000
0.1000000000	-0.1613000000
0.1000000000	-0.1612000000
0.1000000000	-0.1611000000
0.1000000000	-0.1610000000
0.1000000000	-0.1609000000
0.0000000000	-0.1604000000
0.0000000000	-0.1598000000
0.0000000000	-0.1592000000
0.0000000000	-0.1588000000
0.0000000000	-0.1585000000
0.0000000000	-0.1583000000
0.0000000000	-0.1583000000
0.0000000000	-0.1583000000
0.0000000000	-0.1583000000
0.0000000000	-0.1583000000
0.0000000000	-0.1583000000
0.0000000000	-0.1583000000
0.0000000000	-0.1583000000
0.0000000000	-0.1583000000
0.0000000000	-0.1583000000
0.0000000000	-0.1583000000
0.0000000000	-0.1582000000
0.0000000000	-0.1581000000
0.0000000000	-0.1576000000
0.0000000000	-0.1574000000
0.0000000000	-0.1573000000
0.0000000000	-0.1570000000
0.0000000000	-0.1567000000
0.0000000000	-0.1563000000
0.0000000000	-0.1557000000
0.0000000000	-0.1553000000
0.0000000000	-0.1550000000
0.0000000000	-0.1550000000
0.0000000000	-0.1550000000
0.0000000000	-0.1550000000
0.0000000000	-0.1550000000
0.0000000000	-0.1550000000
0.0000000000	-0.1551000000
0.0000000000	-0.1551000000
0.0000000000	-0.1551000000
0.0000000000	-0.1551000000
0.0000000000	-0.1551000000
0.0000000000	-0.1550000000
0.0000000000	-0.1549000000
0.0000000000	-0.1544000000
0.1000000000	-0.1539000000
0.1000000000	-0.1538000000
0.1000000000	-0.1537000000
0.1000000000	-0.1536000000
0.1000000000	-0.1535000000
0.1000000000	-0.1531000000
0.1000000000	-0.1526000000
0.1000000000	-0.1523000000
0.1000000000	-0.1523000000
0.1000000000	-0.1521000000
0.1000000000	-0.1519000000
0.1000000000	-0.1517000000
0.1000000000	-0.1516000000
0.1000000000	-0.1516000000
0.1000000000	-0.1516000000
0.1000000000	-0.1519000000
0.1000000000	-0.1519000000
0.1000000000	-0.1519000000
0.1000000000	-0.1519000000
0.1000000000	-0.1519000000
0.1000000000	-0.1519000000
0.1000000000	-0.1517000000
0.1000000000	-0.1514000000
0.1000000000	-0.1513000000
0.1000000000	-0.1511000000
0.1000000000	-0.1510000000
0.1000000000	-0.1506000000
0.1000000000	-0.1498000000
0.1000000000	-0.1494000000
0.1000000000	-0.1494000000
0.1000000000	-0.1491000000
0.1000000000	-0.1487000000
0.1000000000	-0.1484000000
0.1000000000	-0.1480000000
0.1000000000	-0.1478000000
0.1000000000	-0.1478000000
0.1000000000	-0.1477000000
0.1000000000	-0.1477000000
0.1000000000	-0.1478000000
0.1000000000	-0.1479000000
0.1000000000	-0.1479000000
0.1000000000	-0.1478000000
0.1000000000	-0.1478000000
0.1000000000	-0.1478000000
0.1000000000	-0.1477000000
0.1000000000	-0.1472000000
0.1000000000	-0.1467000000
0.1000000000	-0.1464000000
0.1000000000	-0.1459000000
0.1000000000	-0.1456000000
0.1000000000	-0.1454000000
0.1000000000	-0.1450000000
0.1000000000	-0.1446000000
0.1000000000	-0.1445000000
0.1000000000	-0.1445000000
0.1000000000	-0.1444000000
0.1000000000	-0.1444000000
0.1000000000	-0.1444000000
0.1000000000	-0.1445000000
0.1000000000	-0.1445000000
0.1000000000	-0.1445000000
0.1000000000	-0.1445000000
0.1000000000	-0.1445000000
0.1000000000	-0.1444000000
0.1000000000	-0.1444000000
0.1000000000	-0.1443000000
0.1000000000	-0.1438000000
0.1000000000	-0.1433000000
0.1000000000	-0.1429000000
0.0000000000	-0.1427000000
0.0000000000	-0.1425000000
0.0000000000	-0.1423000000
0.0000000000	-0.1422000000
0.0000000000	-0.1420000000
0.0000000000	-0.1417000000
0.0000000000	-0.1413000000
0.0000000000	-0.1412000000
0.0000000000	-0.1412000000
0.0000000000	-0.1412000000
0.0000000000	-0.1412000000
0.0000000000	-0.1413000000
0.0000000000	-0.1413000000
0.0000000000	-0.1413000000
0.0000000000	-0.1413000000
0.0000000000	-0.1412000000
0.0000000000	-0.1412000000
0.0000000000	-0.1412000000
0.0000000000	-0.1409000000
0.0000000000	-0.1404000000
0.0000000000	-0.1403000000
0.0000000000	-0.1402000000
0.0000000000	-0.1399000000
0.0000000000	-0.1397000000
0.0000000000	-0.1396000000
0.0000000000	-0.1392000000
0.1000000000	-0.1389000000
0.1000000000	-0.1388000000
0.1000000000	-0.1387000000
0.1000000000	-0.1386000000
0.1000000000	-0.1386000000
0.1000000000	-0.1386000000
0.1000000000	-0.1387000000
0.1000000000	-0.1388000000
0.1000000000	-0.1388000000
0.1000000000	-0.1388000000
0.1000000000	-0.1388000000
0.1000000000	-0.1388000000
0.1000000000	-0.1387000000
0.1000000000	-0.1383000000
0.1000000000	-0.1379000000
0.1000000000	-0.1376000000
0.1000000000	-0.1375000000
0.1000000000	-0.1373000000
0.1000000000	-0.1370000000
0.1000000000	-0.1367000000
0.1000000000	-0.1366000000
0.1000000000	-0.1364000000
0.1000000000	-0.1362000000
0.1000000000	-0.1359000000
0.1000000000	-0.1357000000
0.1000000000	-0.1353000000
0.1000000000	-0.1351000000
0.1000000000	-0.1351000000
0.1000000000	-0.1353000000
0.1000000000	-0.1353000000
0.1000000000	-0.1353000000
0.1000000000	-0.1353000000
0.1000000000	-0.1353000000
0.1000000000	-0.1352000000
0.1000000000	-0.1352000000
0.1000000000	-0.1352000000
0.1000000000	-0.1347000000
0.2000000000	-0.1341000000
0.2000000000	-0.1340000000
0.2000000000	-0.1335000000
0.2000000000	-0.1333000000
0.2000000000	-0.1331000000
0.1000000000	-0.1329000000
0.1000000000	-0.1328000000
0.1000000000	-0.1328000000
0.1000000000	-0.1327000000
0.1000000000	-0.1324000000
0.1000000000	-0.1321000000
0.1000000000	-0.1319000000
0.1000000000	-0.1318000000
0.1000000000	-0.1318000000
0.1000000000	-0.1319000000
0.1000000000	-0.1319000000
0.1000000000	-0.1319000000
0.1000000000	-0.1319000000
0.1000000000	-0.1319000000
0.1000000000	-0.1319000000
0.1000000000	-0.1318000000
0.1000000000	-0.1318000000
0.1000000000	-0.1311000000
0.1000000000	-0.1305000000
0.1000000000	-0.1302000000
0.1000000000	-0.1299000000
0.1000000000	-0.1298000000
0.1000000000	-0.1296000000
0.1000000000	-0.1294000000
0.1000000000	-0.1292000000
0.1000000000	-0.1289000000
0.1000000000	-0.1288000000
0.1000000000	-0.1287000000
0.1000000000	-0.1287000000
0.1000000000	-0.1287000000
0.1000000000	-0.1288000000
0.1000000000	-0.1288000000
0.1000000000	-0.1288000000
0.1000000000	-0.1288000000
0.1000000000	-0.1288000000
0.1000000000	-0.1287000000
0.1000000000	-0.1287000000
0.1000000000	-0.1287000000
0.1000000000	-0.1283000000
0.1000000000	-0.1280000000
0.1000000000	-0.1276000000
0.0000000000	-0.1273000000
0.0000000000	-0.1270000000
0.0000000000	-0.1269000000
0.0000000000	-0.1266000000
0.0000000000	-0.1264000000
0.0000000000	-0.1262000000
0.0000000000	-0.1260000000
0.0000000000	-0.1257000000
0.0000000000	-0.1257000000
0.0000000000	-0.1257000000
0.0000000000	-0.1258000000
0.0000000000	-0.1258000000
0.0000000000	-0.1258000000
0.0000000000	-0.1258000000
0.0000000000	-0.1258000000
0.0000000000	-0.1258000000
0.0000000000	-0.1258000000
0.0000000000	-0.1258000000
0.0000000000	-0.1255000000
0.0000000000	-0.1250000000
0.0000000000	-0.1249000000
0.0000000000	-0.1247000000
0.1000000000	-0.1244000000
0.1000000000	-0.1242000000
0.1000000000	-0.1240000000
0.1000000000	-0.1238000000
0.1000000000	-0.1236000000
0.1000000000	-0.1234000000
0.1000000000	-0.1232000000
0.1000000000	-0.1231000000
0.1000000000	-0.1231000000
0.1000000000	-0.1231000000
0.1000000000	-0.1232000000
0.1000000000	-0.1232000000
0.1000000000	-0.1232000000
0.1000000000	-0.1232000000
0.1000000000	-0.1232000000
0.1000000000	-0.1232000000
0.1000000000	-0.1232000000
0.1000000000	-0.1232000000
0.1000000000	-0.1230000000
0.1000000000	-0.1227000000
0.1000000000	-0.1223000000
0.2000000000	-0.1219000000
0.2000000000	-0.1217000000
0.2000000000	-0.1215000000
0.3000000000	-0.1212000000
0.2000000000	-0.1210000000
0.2000000000	-0.1207000000
0.1000000000	-0.1204000000
0.1000000000	-0.1202000000
0.1000000000	-0.1202000000
0.1000000000	-0.1202000000
0.1000000000	-0.1203000000
0.1000000000	-0.1203000000
0.1000000000	-0.1203000000
0.1000000000	-0.1203000000
0.1000000000	-0.1203000000
0.1000000000	-0.1202000000
0.1000000000	-0.1202000000
0.1000000000	-0.1202000000
0.1000000000	-0.1202000000
0.1000000000	-0.1202000000
0.1000000000	-0.1199000000
0.1000000000	-0.1198000000
0.2000000000	-0.1195000000
0.3000000000	-0.1192000000
0.3000000000	-0.1190000000
0.3000000000	-0.1186000000
0.3000000000	-0.1183000000
0.2000000000	-0.1181000000
0.2000000000	-0.1178000000
0.2000000000	-0.1176000000
0.1000000000	-0.1176000000
0.1000000000	-0.1176000000
0.1000000000	-0.1176000000
0.1000000000	-0.1177000000
0.1000000000	-0.1177000000
0.1000000000	-0.1177000000
0.1000000000	-0.1177000000
0.1000000000	-0.1177000000
0.1000000000	-0.1176000000
0.1000000000	-0.1176000000
0.1000000000	-0.1176000000
0.1000000000	-0.1176000000
0.2000000000	-0.1174000000
0.2000000000	-0.1171000000
0.2000000000	-0.1170000000
0.2000000000	-0.1168000000
0.4000000000	-0.1164000000
0.4000000000	-0.1158000000
0.3000000000	-0.1155000000
0.3000000000	-0.1154000000
0.2000000000	-0.1151000000
0.2000000000	-0.1148000000
0.3000000000	-0.1144000000
0.3000000000	-0.1142000000
0.3000000000	-0.1142000000
0.3000000000	-0.1142000000
0.3000000000	-0.1143000000
0.3000000000	-0.1143000000
0.3000000000	-0.1143000000
0.3000000000	-0.1143000000
0.3000000000	-0.1143000000
0.3000000000	-0.1143000000
0.3000000000	-0.1143000000
0.3000000000	-0.1142000000
0.3000000000	-0.1142000000
0.3000000000	-0.1142000000
0.4000000000	-0.1139000000
0.4000000000	-0.1136000000
0.4000000000	-0.1134000000
0.4000000000	-0.1132000000
0.4000000000	-0.1130000000
0.3000000000	-0.1128000000
0.3000000000	-0.1125000000
0.2000000000	-0.1122000000
0.1000000000	-0.1119000000
0.1000000000	-0.1116000000
0.1000000000	-0.1115000000
0.1000000000	-0.1115000000
0.1000000000	-0.1114000000
0.1000000000	-0.1113000000
0.1000000000	-0.1113000000
0.1000000000	-0.1114000000
0.1000000000	-0.1114000000
0.1000000000	-0.1114000000
0.1000000000	-0.1114000000
0.1000000000	-0.1114000000
0.1000000000	-0.1114000000
0.1000000000	-0.1114000000
0.1000000000	-0.1114000000
0.1000000000	-0.1114000000
0.1000000000	-0.1110000000
0.1000000000	-0.1108000000
0.1000000000	-0.1107000000
0.1000000000	-0.1105000000
0.1000000000	-0.1103000000
0.1000000000	-0.1100000000
0.1000000000	-0.1096000000
0.1000000000	-0.1089000000
0.1000000000	-0.1084000000
0.1000000000	-0.1081000000
0.1000000000	-0.1081000000
0.1000000000	-0.1081000000
0.1000000000	-0.1081000000
0.1000000000	-0.1081000000
0.1000000000	-0.1081000000
0.1000000000	-0.1081000000
0.1000000000	-0.1081000000
0.1000000000	-0.1081000000
0.1000000000	-0.1081000000
0.1000000000	-0.1081000000
0.1000000000	-0.1081000000
0.1000000000	-0.1076000000
0.1000000000	-0.1074000000
0.1000000000	-0.1070000000
0.1000000000	-0.1069000000
0.2000000000	-0.1066000000
0.4000000000	-0.1061000000
0.6000000000	-0.1059000000
0.6000000000	-0.1058000000
0.6000000000	-0.1057000000
0.5000000000	-0.1052000000
0.4000000000	-0.1047000000
0.4000000000	-0.1047000000
0.4000000000	-0.1047000000
0.4000000000	-0.1047000000
0.4000000000	-0.1048000000
0.6000000000	-0.1048000000
0.6000000000	-0.1048000000
0.6000000000	-0.1048000000
0.6000000000	-0.1048000000
0.6000000000	-0.1048000000
0.6000000000	-0.1048000000
0.6000000000	-0.1048000000
0.8000000000	-0.1046000000
1.3000000000	-0.1042000000
1.5000000000	-0.1040000000
1.6000000000	-0.1039000000
1.8000000000	-0.1036000000
1.9000000000	-0.1031000000
1.2000000000	-0.1026000000
1.1000000000	-0.1024000000
1.2000000000	-0.1023000000
1.5000000000	-0.1022000000
2.1000000000	-0.1020000000
2.6000000000	-0.1018000000
3.0000000000	-0.1017000000
3.0000000000	-0.1017000000
3.0000000000	-0.1017000000
2.9000000000	-0.1017000000
3.0000000000	-0.1017000000
3.0000000000	-0.1017000000
3.0000000000	-0.1017000000
3.0000000000	-0.1017000000
3.1000000000	-0.1017000000
3.1000000000	-0.1017000000
3.1000000000	-0.1017000000
3.3000000000	-0.1017000000
4.5000000000	-0.1010000000
4.2000000000	-0.1008000000
4.2000000000	-0.1007000000
4.0000000000	-0.1005000000
3.8000000000	-0.1004000000
3.2000000000	-0.1002000000
2.2000000000	-0.0999000000
2.1000000000	-0.0996000000
4.1000000000	-0.0993000000
6.7000000000	-0.0990000000
7.8000000000	-0.0988000000
8.0000000000	-0.0986000000
7.9000000000	-0.0984000000
7.2000000000	-0.0983000000
7.1000000000	-0.0982000000
7.1000000000	-0.0982000000
7.2000000000	-0.0982000000
7.1000000000	-0.0983000000
7.1000000000	-0.0983000000
6.9000000000	-0.0983000000
7.0000000000	-0.0983000000
6.9000000000	-0.0983000000
7.0000000000	-0.0982000000
7.0000000000	-0.0982000000
4.4000000000	-0.0979000000
3.6000000000	-0.0977000000
3.4000000000	-0.0975000000
3.3000000000	-0.0973000000
3.1000000000	-0.0971000000
3.1000000000	-0.0970000000
3.3000000000	-0.0969000000
6.0000000000	-0.0965000000
9.2000000000	-0.0961000000
10.8000000000	-0.0959000000
8.4000000000	-0.0955000000
7.4000000000	-0.0954000000
6.2000000000	-0.0953000000
4.8000000000	-0.0951000000
3.9000000000	-0.0948000000
4.3000000000	-0.0946000000
5.7000000000	-0.0944000000
5.7000000000	-0.0944000000
5.8000000000	-0.0944000000
6.0000000000	-0.0944000000
6.1000000000	-0.0944000000
6.1000000000	-0.0944000000
6.2000000000	-0.0944000000
6.2000000000	-0.0944000000
6.3000000000	-0.0944000000
6.3000000000	-0.0944000000
6.9000000000	-0.0942000000
11.8000000000	-0.0938000000
11.9000000000	-0.0934000000
9.7000000000	-0.0930000000
6.7000000000	-0.0927000000
4.6000000000	-0.0924000000
3.9000000000	-0.0922000000
4.4000000000	-0.0920000000
5.3000000000	-0.0918000000
6.7000000000	-0.0916000000
9.0000000000	-0.0914000000
11.1000000000	-0.0910000000
10.9000000000	-0.0908000000
10.8000000000	-0.0908000000
10.1000000000	-0.0905000000
10.0000000000	-0.0905000000
9.2000000000	-0.0906000000
9.1000000000	-0.0906000000
9.3000000000	-0.0906000000
9.2000000000	-0.0906000000
9.3000000000	-0.0906000000
9.1000000000	-0.0906000000
9.1000000000	-0.0906000000
9.0000000000	-0.0906000000
9.1000000000	-0.0906000000
9.0000000000	-0.0904000000
3.2000000000	-0.0898000000
3.9000000000	-0.0895000000
5.4000000000	-0.0892000000
7.3000000000	-0.0889000000
8.1000000000	-0.0886000000
7.5000000000	-0.0883000000
5.9000000000	-0.0880000000
3.9000000000	-0.0876000000
2.7000000000	-0.0874000000
2.3000000000	-0.0873000000
2.0000000000	-0.0871000000
2.4000000000	-0.0868000000
3.5000000000	-0.0866000000
3.6000000000	-0.0865000000
3.6000000000	-0.0865000000
3.7000000000	-0.0866000000
3.8000000000	-0.0866000000
3.8000000000	-0.0866000000
3.8000000000	-0.0866000000
3.8000000000	-0.0866000000
3.8000000000	-0.0866000000
3.8000000000	-0.0866000000
3.8000000000	-0.0866000000
4.6000000000	-0.0862000000
4.6000000000	-0.0861000000
4.3000000000	-0.0858000000
3.5000000000	-0.0855000000
1.9000000000	-0.0852000000
1.2000000000	-0.0849000000
1.0000000000	-0.0847000000
1.1000000000	-0.0844000000
1.1000000000	-0.0843000000
1.2000000000	-0.0842000000
1.3000000000	-0.0842000000
1.4000000000	-0.0841000000
1.5000000000	-0.0840000000
1.5000000000	-0.0840000000
1.5000000000	-0.0840000000
1.5000000000	-0.0840000000
1.5000000000	-0.0841000000
1.5000000000	-0.0841000000
1.5000000000	-0.0841000000
1.5000000000	-0.0841000000
1.6000000000	-0.0841000000
1.6000000000	-0.0840000000
1.6000000000	-0.0840000000
1.9000000000	-0.0838000000
1.3000000000	-0.0830000000
0.5000000000	-0.0824000000
0.4000000000	-0.0823000000
0.3000000000	-0.0820000000
0.4000000000	-0.0817000000
0.5000000000	-0.0814000000
0.6000000000	-0.0811000000
0.5000000000	-0.0810000000
0.5000000000	-0.0809000000
0.5000000000	-0.0806000000
0.4000000000	-0.0804000000
0.2000000000	-0.0799000000
0.1000000000	-0.0796000000
0.1000000000	-0.0796000000
0.1000000000	-0.0796000000
0.1000000000	-0.0796000000
0.1000000000	-0.0797000000
0.1000000000	-0.0797000000
0.1000000000	-0.0797000000
0.1000000000	-0.0797000000
0.1000000000	-0.0797000000
0.1000000000	-0.0796000000
0.1000000000	-0.0796000000
0.1000000000	-0.0796000000
0.1000000000	-0.0795000000
0.1000000000	-0.0791000000
0.1000000000	-0.0790000000
0.1000000000	-0.0788000000
0.1000000000	-0.0785000000
0.1000000000	-0.0784000000
0.1000000000	-0.0782000000
0.1000000000	-0.0780000000
0.1000000000	-0.0779000000
0.1000000000	-0.0776000000
0.1000000000	-0.0775000000
0.0000000000	-0.0771000000
0.1000000000	-0.0767000000
0.1000000000	-0.0767000000
0.1000000000	-0.0767000000
0.1000000000	-0.0767000000
0.1000000000	-0.0768000000
0.1000000000	-0.0768000000
0.1000000000	-0.0768000000
0.1000000000	-0.0768000000
0.1000000000	-0.0768000000
0.1000000000	-0.0768000000
0.1000000000	-0.0768000000
0.1000000000	-0.0768000000
0.1000000000	-0.0763000000
0.1000000000	-0.0755000000
0.1000000000	-0.0751000000
0.1000000000	-0.0749000000
0.2000000000	-0.0745000000
0.2000000000	-0.0744000000
0.2000000000	-0.0742000000
0.3000000000	-0.0739000000
0.4000000000	-0.0738000000
0.4000000000	-0.0735000000
0.4000000000	-0.0733000000
0.4000000000	-0.0730000000
0.3000000000	-0.0729000000
0.3000000000	-0.0729000000
0.3000000000	-0.0729000000
0.3000000000	-0.0729000000
0.3000000000	-0.0729000000
0.3000000000	-0.0729000000
0.3000000000	-0.0729000000
0.3000000000	-0.0729000000
0.3000000000	-0.0729000000
0.3000000000	-0.0729000000
0.2000000000	-0.0724000000
0.3000000000	-0.0720000000
0.4000000000	-0.0716000000
0.5000000000	-0.0711000000
0.5000000000	-0.0710000000
0.4000000000	-0.0708000000
0.3000000000	-0.0704000000
0.2000000000	-0.0700000000
0.2000000000	-0.0695000000
0.2000000000	-0.0691000000
0.3000000000	-0.0690000000
0.3000000000	-0.0690000000
0.3000000000	-0.0690000000
0.3000000000	-0.0690000000
0.3000000000	-0.0690000000
0.3000000000	-0.0690000000
0.3000000000	-0.0690000000
0.3000000000	-0.0690000000
0.3000000000	-0.0690000000
0.3000000000	-0.0690000000
0.3000000000	-0.0690000000
0.3000000000	-0.0690000000
0.3000000000	-0.0687000000
0.3000000000	-0.0682000000
0.2000000000	-0.0680000000
0.2000000000	-0.0677000000
0.1000000000	-0.0675000000
0.1000000000	-0.0672000000
0.1000000000	-0.0667000000
0.2000000000	-0.0666000000
0.2000000000	-0.0665000000
0.2000000000	-0.0664000000
0.2000000000	-0.0664000000
0.2000000000	-0.0661000000
0.2000000000	-0.0658000000
0.2000000000	-0.0658000000
0.2000000000	-0.0658000000
0.2000000000	-0.0658000000
0.2000000000	-0.0658000000
0.2000000000	-0.0658000000
0.2000000000	-0.0658000000
0.2000000000	-0.0658000000
0.2000000000	-0.0658000000
0.2000000000	-0.0658000000
0.1000000000	-0.0652000000
0.1000000000	-0.0648000000
0.1000000000	-0.0645000000
0.1000000000	-0.0642000000
0.1000000000	-0.0639000000
0.1000000000	-0.0637000000
0.1000000000	-0.0632000000
0.1000000000	-0.0629000000
0.1000000000	-0.0627000000
0.1000000000	-0.0627000000
0.1000000000	-0.0627000000
0.1000000000	-0.0627000000
0.1000000000	-0.0627000000
0.1000000000	-0.0627000000
0.1000000000	-0.0627000000
0.1000000000	-0.0627000000
0.1000000000	-0.0627000000
0.1000000000	-0.0627000000
0.1000000000	-0.0627000000
0.0000000000	-0.0626000000
0.0000000000	-0.0619000000
0.0000000000	-0.0613000000
0.0000000000	-0.0612000000
0.0000000000	-0.0609000000
0.0000000000	-0.0606000000
0.0000000000	-0.0603000000
0.0000000000	-0.0599000000
0.0000000000	-0.0597000000
0.1000000000	-0.0596000000
0.1000000000	-0.0595000000
0.1000000000	-0.0595000000
0.1000000000	-0.0595000000
0.1000000000	-0.0595000000
0.1000000000	-0.0596000000
0.1000000000	-0.0596000000
0.1000000000	-0.0596000000
0.1000000000	-0.0596000000
0.1000000000	-0.0596000000
0.1000000000	-0.0596000000
0.1000000000	-0.0595000000
0.1000000000	-0.0595000000
0.1000000000	-0.0595000000
0.1000000000	-0.0587000000
0.1000000000	-0.0581000000
0.1000000000	-0.0581000000
0.1000000000	-0.0579000000
0.1000000000	-0.0577000000
0.1000000000	-0.0575000000
0.1000000000	-0.0569000000
0.1000000000	-0.0565000000
0.2000000000	-0.0561000000
0.2000000000	-0.0558000000
0.2000000000	-0.0556000000
0.2000000000	-0.0556000000
0.2000000000	-0.0556000000
0.2000000000	-0.0556000000
0.2000000000	-0.0556000000
0.2000000000	-0.0556000000
0.2000000000	-0.0556000000
0.2000000000	-0.0556000000
0.2000000000	-0.0556000000
0.2000000000	-0.0556000000
0.1000000000	-0.0553000000
0.1000000000	-0.0546000000
0.1000000000	-0.0540000000
0.1000000000	-0.0538000000
0.1000000000	-0.0536000000
0.2000000000	-0.0532000000
0.1000000000	-0.0527000000
0.1000000000	-0.0525000000
0.1000000000	-0.0521000000
0.1000000000	-0.0517000000
0.1000000000	-0.0515000000
0.1000000000	-0.0515000000
0.1000000000	-0.0515000000
0.1000000000	-0.0516000000
0.1000000000	-0.0516000000
0.1000000000	-0.0516000000
0.1000000000	-0.0516000000
0.1000000000	-0.0516000000
0.1000000000	-0.0515000000
0.1000000000	-0.0515000000
0.1000000000	-0.0515000000
0.1000000000	-0.0515000000
0.1000000000	-0.0509000000
0.1000000000	-0.0503000000
0.1000000000	-0.0499000000
0.1000000000	-0.0495000000
0.1000000000	-0.0490000000
0.1000000000	-0.0485000000
0.1000000000	-0.0480000000
0.1000000000	-0.0479000000
0.1000000000	-0.0479000000
0.1000000000	-0.0479000000
0.1000000000	-0.0480000000
0.1000000000	-0.0480000000
0.1000000000	-0.0480000000
0.1000000000	-0.0480000000
0.1000000000	-0.0480000000
0.1000000000	-0.0480000000
0.1000000000	-0.0480000000
0.1000000000	-0.0480000000
0.1000000000	-0.0479000000
0.1000000000	-0.0477000000
0.0000000000	-0.0470000000
0.0000000000	-0.0462000000
0.0000000000	-0.0458000000
0.0000000000	-0.0456000000
0.0000000000	-0.0452000000
0.0000000000	-0.0449000000
0.0000000000	-0.0446000000
0.0000000000	-0.0445000000
0.0000000000	-0.0442000000
0.0000000000	-0.0440000000
0.0000000000	-0.0440000000
0.0000000000	-0.0440000000
0.0000000000	-0.0440000000
0.0000000000	-0.0441000000
0.0000000000	-0.0441000000
0.0000000000	-0.0441000000
0.0000000000	-0.0441000000
0.0000000000	-0.0441000000
0.0000000000	-0.0440000000
0.0000000000	-0.0440000000
0.0000000000	-0.0439000000
0.0000000000	-0.0434000000
0.0000000000	-0.0428000000
0.0000000000	-0.0423000000
0.0000000000	-0.0421000000
0.0000000000	-0.0418000000
0.1000000000	-0.0416000000
0.1000000000	-0.0413000000
0.1000000000	-0.0411000000
0.1000000000	-0.0409000000
0.1000000000	-0.0409000000
0.1000000000	-0.0409000000
0.1000000000	-0.0409000000
0.1000000000	-0.0409000000
0.1000000000	-0.0409000000
0.1000000000	-0.0409000000
0.1000000000	-0.0409000000
0.1000000000	-0.0409000000
0.1000000000	-0.0409000000
0.1000000000	-0.0409000000
0.1000000000	-0.0404000000
0.1000000000	-0.0400000000
0.1000000000	-0.0396000000
0.0000000000	-0.0393000000
0.1000000000	-0.0388000000
0.1000000000	-0.0384000000
0.1000000000	-0.0381000000
0.1000000000	-0.0381000000
0.1000000000	-0.0381000000
0.1000000000	-0.0381000000
0.1000000000	-0.0381000000
0.1000000000	-0.0381000000
0.1000000000	-0.0381000000
0.1000000000	-0.0381000000
0.1000000000	-0.0381000000
0.1000000000	-0.0381000000
0.1000000000	-0.0381000000
0.1000000000	-0.0381000000
0.1000000000	-0.0378000000
0.1000000000	-0.0372000000
0.1000000000	-0.0369000000
0.0000000000	-0.0366000000
0.1000000000	-0.0363000000
0.1000000000	-0.0360000000
0.1000000000	-0.0356000000
0.1000000000	-0.0352000000
0.1000000000	-0.0350000000
0.1000000000	-0.0349000000
0.1000000000	-0.0349000000
0.1000000000	-0.0349000000
0.1000000000	-0.0349000000
0.1000000000	-0.0349000000
0.1000000000	-0.0349000000
0.1000000000	-0.0349000000
0.1000000000	-0.0349000000
0.1000000000	-0.0349000000
0.1000000000	-0.0349000000
0.1000000000	-0.0349000000
0.1000000000	-0.0347000000
0.0000000000	-0.0340000000
0.0000000000	-0.0337000000
0.1000000000	-0.0335000000
0.1000000000	-0.0332000000
0.1000000000	-0.0329000000
0.1000000000	-0.0327000000
0.1000000000	-0.0325000000
0.1000000000	-0.0325000000
0.1000000000	-0.0325000000
0.1000000000	-0.0325000000
0.1000000000	-0.0326000000
0.1000000000	-0.0326000000
0.1000000000	-0.0326000000
0.1000000000	-0.0326000000
0.1000000000	-0.0326000000
0.1000000000	-0.0325000000
0.1000000000	-0.0325000000
0.1000000000	-0.0325000000
0.0000000000	-0.0321000000
0.0000000000	-0.0317000000
0.0000000000	-0.0314000000
0.0000000000	-0.0312000000
0.0000000000	-0.0308000000
0.0000000000	-0.0304000000
0.0000000000	-0.0301000000
0.0000000000	-0.0299000000
0.0000000000	-0.0297000000
0.0000000000	-0.0297000000
0.0000000000	-0.0296000000
0.0000000000	-0.0296000000
0.0000000000	-0.0296000000
0.0000000000	-0.0296000000
0.0000000000	-0.0296000000
0.0000000000	-0.0296000000
0.0000000000	-0.0296000000
0.0000000000	-0.0296000000
0.0000000000	-0.0296000000
0.0000000000	-0.0296000000
0.0000000000	-0.0296000000
0.0000000000	-0.0292000000
0.0000000000	-0.0286000000
0.0000000000	-0.0283000000
0.0000000000	-0.0279000000
0.0000000000	-0.0275000000
0.0000000000	-0.0273000000
0.0000000000	-0.0272000000
0.0000000000	-0.0271000000
0.0000000000	-0.0270000000
0.0000000000	-0.0268000000
0.0000000000	-0.0268000000
0.0000000000	-0.0268000000
0.0000000000	-0.0269000000
0.0000000000	-0.0269000000
0.0000000000	-0.0269000000
0.0000000000	-0.0269000000
0.0000000000	-0.0268000000
0.0000000000	-0.0268000000
0.0000000000	-0.0268000000
0.0000000000	-0.0268000000
0.0000000000	-0.0265000000
0.0000000000	-0.0260000000
0.0000000000	-0.0258000000
0.0000000000	-0.0256000000
0.0000000000	-0.0254000000
0.0000000000	-0.0252000000
0.0000000000	-0.0250000000
0.0000000000	-0.0249000000
0.0000000000	-0.0247000000
0.0000000000	-0.0244000000
0.0000000000	-0.0243000000
0.0000000000	-0.0243000000
0.0000000000	-0.0243000000
0.0000000000	-0.0243000000
0.0000000000	-0.0243000000
0.0000000000	-0.0243000000
0.0000000000	-0.0243000000
0.0000000000	-0.0243000000
0.0000000000	-0.0243000000
0.0000000000	-0.0243000000
0.0000000000	-0.0243000000
0.0000000000	-0.0239000000
0.0000000000	-0.0236000000
0.1000000000	-0.0232000000
0.1000000000	-0.0230000000
0.1000000000	-0.0228000000
0.1000000000	-0.0224000000
0.0000000000	-0.0220000000
0.0000000000	-0.0216000000
0.0000000000	-0.0213000000
0.0000000000	-0.0211000000
0.0000000000	-0.0211000000
0.0000000000	-0.0211000000
0.0000000000	-0.0211000000
0.0000000000	-0.0211000000
0.0000000000	-0.0211000000
0.0000000000	-0.0211000000
0.0000000000	-0.0211000000
0.0000000000	-0.0211000000
0.0000000000	-0.0211000000
0.0000000000	-0.0211000000
0.0000000000	-0.0208000000
0.1000000000	-0.0203000000
0.1000000000	-0.0199000000
0.1000000000	-0.0196000000
0.1000000000	-0.0194000000
0.0000000000	-0.0191000000
0.0000000000	-0.0188000000
0.0000000000	-0.0185000000
0.0000000000	-0.0180000000
0.0000000000	-0.0176000000
0.0000000000	-0.0174000000
0.0000000000	-0.0174000000
0.0000000000	-0.0175000000
0.0000000000	-0.0175000000
0.0000000000	-0.0175000000
0.0000000000	-0.0175000000
0.0000000000	-0.0175000000
0.0000000000	-0.0174000000
0.0000000000	-0.0174000000
0.0000000000	-0.0174000000
0.0000000000	-0.0174000000
0.0000000000	-0.0173000000
0.0000000000	-0.0169000000
0.0000000000	-0.0168000000
0.0000000000	-0.0164000000
0.0000000000	-0.0161000000
0.0000000000	-0.0158000000
0.0000000000	-0.0153000000
0.0000000000	-0.0150000000
0.0000000000	-0.0147000000
0.0000000000	-0.0143000000
0.0000000000	-0.0140000000
0.0000000000	-0.0138000000
0.0000000000	-0.0138000000
0.0000000000	-0.0138000000
0.0000000000	-0.0138000000
0.0000000000	-0.0139000000
0.0000000000	-0.0139000000
0.0000000000	-0.0139000000
0.0000000000	-0.0139000000
0.0000000000	-0.0138000000
0.0000000000	-0.0138000000
0.0000000000	-0.0138000000
0.0000000000	-0.0136000000
0.0000000000	-0.0134000000
0.0000000000	-0.0130000000
0.0000000000	-0.0126000000
0.0000000000	-0.0124000000
0.0000000000	-0.0121000000
0.0000000000	-0.0118000000
0.0000000000	-0.0115000000
0.0000000000	-0.0110000000
0.0000000000	-0.0106000000
0.0000000000	-0.0106000000
0.0000000000	-0.0105000000
0.0000000000	-0.0105000000
0.0000000000	-0.0105000000
0.0000000000	-0.0105000000
0.0000000000	-0.0105000000
0.0000000000	-0.0105000000
0.0000000000	-0.0105000000
0.0000000000	-0.0105000000
0.0000000000	-0.0105000000
0.0000000000	-0.0105000000
0.0000000000	-0.0105000000
0.0000000000	-0.0102000000
0.0000000000	-0.0100000000
0.0000000000	-0.0097000000
0.0000000000	-0.0091000000
0.0000000000	-0.0087000000
0.0000000000	-0.0086000000
0.0000000000	-0.0081000000
0.0000000000	-0.0077000000
0.0000000000	-0.0075000000
0.0000000000	-0.0075000000
0.0000000000	-0.0075000000
0.0000000000	-0.0075000000
0.0000000000	-0.0075000000
0.0000000000	-0.0075000000
0.0000000000	-0.0075000000
0.0000000000	-0.0075000000
0.0000000000	-0.0075000000
0.0000000000	-0.0075000000
0.0000000000	-0.0075000000
0.0000000000	-0.0075000000
0.0000000000	-0.0075000000
0.0000000000	-0.0075000000
0.0000000000	-0.0074000000
0.0000000000	-0.0072000000
0.0000000000	-0.0068000000
0.0000000000	-0.0064000000
0.0000000000	-0.0060000000
0.0000000000	-0.0054000000
0.0000000000	-0.0051000000
0.0000000000	-0.0048000000
0.0000000000	-0.0044000000
0.0000000000	-0.0041000000
0.0000000000	-0.0036000000
0.0000000000	-0.0032000000
0.0000000000	-0.0027000000
0.0000000000	-0.0020000000
0.0000000000	-0.0014000000
0.0000000000	-0.0006900000
0.0000000000	-0.0004930000
0.0000000000	-0.0002760000
0.0000000000	-0.0001580000
0.0000000000	-0.0000789000
0.0000000000	-0.0000789000
0.0000000000	-0.0000986000
0.0000000000	-0.0000986000
0.0000000000	-0.0000986000
0.0000000000	-0.0000986000
0.0000000000	-0.0000986000
0.0000000000	-0.0000986000
0.0000000000	-0.0000789000
0.0000000000	-0.0000789000
0.0000000000	0.0000197000
0.0000000000	0.0000197000
0.0000000000	0.0000395000
0.0000000000	0.0000789000
0.0000000000	0.0000789000
0.0000000000	0.0000986000
0.0000000000	0.0001180000
0.0000000000	0.0001180000
0.0000000000	0.0001180000
0.0000000000	0.0001380000
0.0000000000	0.0001380000
0.0000000000	0.0001380000
0.0000000000	0.0001380000
0.0000000000	0.0001380000
0.0000000000	0.0000986000
0.0000000000	0.0000197000
0.0000000000	0.0000197000
0.0000000000	0.0000197000
0.0000000000	0.0000197000
0.0000000000	0.0000197000
0.0000000000	0.0000197000
0.0000000000	0.0000197000
0.0000000000	0.0000197000
0.0000000000	0.0000197000
0.0000000000	0.0000197000
0.0000000000	0.0000197000
0.0000000000	0.0000197000
0.0000000000	0.0000197000
0.0000000000	0.0000197000
0.0000000000	0.0000197000
0.0000000000	0.0000197000
0.0000000000	0.0000197000
0.0000000000	0.0000197000
0.0000000000	0.0000197000
0.0000000000	0.0000197000
0.0000000000	0.0000197000
0.0000000000	0.0000197000
0.0000000000	0.0000197000
0.0000000000	0.0000197000
0.0000000000	0.0000197000
0.0000000000	0.0000197000
0.0000000000	0.0000197000
0.0000000000	0.0000197000
0.0000000000	0.0000197000
0.0000000000	0.0000197000
0.0000000000	0.0000197000
0.0000000000	0.0000197000
0.0000000000	0.0000197000
0.0000000000	0.0000197000
0.0000000000	0.0000197000
0.0000000000	0.0000197000
0.0000000000	0.0000197000
0.0000000000	0.0000197000
0.0000000000	0.0000197000
0.0000000000	0.0000197000
0.0000000000	0.0000197000
0.0000000000	0.0000197000
0.0000000000	0.0000197000
0.0000000000	0.0000197000
0.0000000000	0.0000197000
0.0000000000	0.0000197000
0.0000000000	0.0000197000
0.0000000000	0.0000197000
0.0000000000	0.0000197000
0.0000000000	0.0000197000
0.0000000000	0.0000197000
0.0000000000	0.0000197000
0.0000000000	0.0000197000
0.0000000000	0.0000197000
0.0000000000	0.0000197000
0.0000000000	0.0000197000
0.0000000000	0.0000197000
