Light Intensity (% of scale max) Alessio_0.04_1.0_lampada	Position (m) Alessio_0.04_1.0_lampada
0.0000000000	0.0000000000
0.0000000000	-0.0000197000
0.0000000000	-0.0000197000
0.0000000000	-0.0000197000
0.0000000000	-0.0000197000
0.0000000000	-0.0000197000
0.0000000000	-0.0000197000
0.0000000000	-0.0000197000
0.0000000000	-0.0000197000
0.0000000000	-0.0000197000
0.0000000000	-0.0000197000
0.0000000000	-0.0000395000
0.0000000000	-0.0000395000
0.0000000000	-0.0000395000
0.0000000000	-0.0000395000
0.0000000000	-0.0000395000
0.0000000000	-0.0000395000
0.0000000000	-0.0000395000
0.0000000000	-0.0000395000
0.0000000000	-0.0002170000
0.0000000000	-0.0003350000
0.0000000000	-0.0003550000
0.0000000000	-0.0006110000
0.0000000000	-0.0009070000
0.0000000000	-0.0011000000
0.0000000000	-0.0015000000
0.0000000000	-0.0022000000
0.0000000000	-0.0024000000
0.0000000000	-0.0025000000
0.0000000000	-0.0026000000
0.0000000000	-0.0029000000
0.0000000000	-0.0035000000
0.0000000000	-0.0037000000
0.0000000000	-0.0041000000
0.0000000000	-0.0046000000
0.0000000000	-0.0048000000
0.0000000000	-0.0048000000
0.0000000000	-0.0048000000
0.0000000000	-0.0048000000
0.0000000000	-0.0048000000
0.0000000000	-0.0048000000
0.0000000000	-0.0048000000
0.0000000000	-0.0048000000
0.0000000000	-0.0048000000
0.0000000000	-0.0048000000
0.0000000000	-0.0048000000
0.0000000000	-0.0048000000
0.0000000000	-0.0051000000
0.0000000000	-0.0060000000
0.0000000000	-0.0060000000
0.0000000000	-0.0062000000
0.0000000000	-0.0062000000
0.0000000000	-0.0064000000
0.0000000000	-0.0068000000
0.0000000000	-0.0072000000
0.0000000000	-0.0072000000
0.0000000000	-0.0075000000
0.0000000000	-0.0078000000
0.0000000000	-0.0082000000
0.0000000000	-0.0087000000
0.0000000000	-0.0092000000
0.0000000000	-0.0093000000
0.0000000000	-0.0093000000
0.0000000000	-0.0093000000
0.0000000000	-0.0093000000
0.0000000000	-0.0093000000
0.0000000000	-0.0093000000
0.0000000000	-0.0093000000
0.0000000000	-0.0093000000
0.0000000000	-0.0093000000
0.0000000000	-0.0093000000
0.0000000000	-0.0093000000
0.0000000000	-0.0093000000
0.0000000000	-0.0093000000
0.0000000000	-0.0095000000
0.0000000000	-0.0096000000
0.0000000000	-0.0096000000
0.0000000000	-0.0098000000
0.0000000000	-0.0105000000
0.0000000000	-0.0107000000
0.0000000000	-0.0108000000
0.0000000000	-0.0112000000
0.0000000000	-0.0114000000
0.0000000000	-0.0116000000
0.0000000000	-0.0119000000
0.0000000000	-0.0121000000
0.0000000000	-0.0121000000
0.0000000000	-0.0121000000
0.0000000000	-0.0122000000
0.0000000000	-0.0123000000
0.0000000000	-0.0124000000
0.0000000000	-0.0129000000
0.0000000000	-0.0132000000
0.0000000000	-0.0132000000
0.0000000000	-0.0132000000
0.0000000000	-0.0132000000
0.0000000000	-0.0132000000
0.0000000000	-0.0132000000
0.0000000000	-0.0132000000
0.0000000000	-0.0132000000
0.0000000000	-0.0132000000
0.0000000000	-0.0132000000
0.0000000000	-0.0132000000
0.0000000000	-0.0132000000
0.0000000000	-0.0138000000
0.0000000000	-0.0146000000
0.0000000000	-0.0147000000
0.0000000000	-0.0149000000
0.0000000000	-0.0151000000
0.0000000000	-0.0155000000
0.0000000000	-0.0157000000
0.0000000000	-0.0159000000
0.0000000000	-0.0163000000
0.0000000000	-0.0168000000
0.0000000000	-0.0171000000
0.0000000000	-0.0173000000
0.0000000000	-0.0176000000
0.0000000000	-0.0181000000
0.0000000000	-0.0183000000
0.0000000000	-0.0183000000
0.0000000000	-0.0183000000
0.0000000000	-0.0183000000
0.0000000000	-0.0183000000
0.0000000000	-0.0183000000
0.0000000000	-0.0183000000
0.0000000000	-0.0183000000
0.0000000000	-0.0183000000
0.0000000000	-0.0183000000
0.0000000000	-0.0183000000
0.0000000000	-0.0190000000
0.0000000000	-0.0199000000
0.0000000000	-0.0203000000
0.0000000000	-0.0206000000
0.0000000000	-0.0209000000
0.0000000000	-0.0212000000
0.0000000000	-0.0215000000
0.0000000000	-0.0220000000
0.0000000000	-0.0223000000
0.0000000000	-0.0224000000
0.0000000000	-0.0226000000
0.0000000000	-0.0229000000
0.0000000000	-0.0234000000
0.0000000000	-0.0237000000
0.0000000000	-0.0239000000
0.0000000000	-0.0238000000
0.0000000000	-0.0238000000
0.0000000000	-0.0238000000
0.0000000000	-0.0238000000
0.0000000000	-0.0238000000
0.0000000000	-0.0238000000
0.0000000000	-0.0238000000
0.0000000000	-0.0238000000
0.0000000000	-0.0238000000
0.0000000000	-0.0238000000
0.0000000000	-0.0238000000
0.0000000000	-0.0239000000
0.0000000000	-0.0241000000
0.0000000000	-0.0246000000
0.0000000000	-0.0250000000
0.0000000000	-0.0253000000
0.0000000000	-0.0255000000
0.0000000000	-0.0260000000
0.0000000000	-0.0265000000
0.0000000000	-0.0269000000
0.0000000000	-0.0273000000
0.0000000000	-0.0274000000
0.0000000000	-0.0276000000
0.0000000000	-0.0277000000
0.0000000000	-0.0279000000
0.0000000000	-0.0281000000
0.0000000000	-0.0282000000
0.0000000000	-0.0286000000
0.0000000000	-0.0287000000
0.0000000000	-0.0287000000
0.0000000000	-0.0287000000
0.0000000000	-0.0287000000
0.0000000000	-0.0287000000
0.0000000000	-0.0287000000
0.0000000000	-0.0287000000
0.0000000000	-0.0287000000
0.0000000000	-0.0287000000
0.0000000000	-0.0287000000
0.0000000000	-0.0287000000
0.0000000000	-0.0287000000
0.0000000000	-0.0287000000
0.0000000000	-0.0290000000
0.0000000000	-0.0296000000
0.0000000000	-0.0300000000
0.0000000000	-0.0303000000
0.0000000000	-0.0307000000
0.0000000000	-0.0309000000
0.0000000000	-0.0313000000
0.0000000000	-0.0314000000
0.0000000000	-0.0315000000
0.0000000000	-0.0318000000
0.0000000000	-0.0320000000
0.0000000000	-0.0323000000
0.0000000000	-0.0326000000
0.0000000000	-0.0327000000
0.0000000000	-0.0327000000
0.0000000000	-0.0327000000
0.0000000000	-0.0327000000
0.0000000000	-0.0327000000
0.0000000000	-0.0327000000
0.0000000000	-0.0327000000
0.0000000000	-0.0327000000
0.0000000000	-0.0327000000
0.0000000000	-0.0327000000
0.0000000000	-0.0327000000
0.0000000000	-0.0327000000
0.0000000000	-0.0327000000
0.0000000000	-0.0327000000
0.0000000000	-0.0329000000
0.0000000000	-0.0333000000
0.0000000000	-0.0337000000
0.0000000000	-0.0339000000
0.0000000000	-0.0343000000
0.0000000000	-0.0347000000
0.0000000000	-0.0348000000
0.0000000000	-0.0351000000
0.0000000000	-0.0356000000
0.0000000000	-0.0361000000
0.0000000000	-0.0367000000
0.0000000000	-0.0371000000
0.0000000000	-0.0371000000
0.0000000000	-0.0372000000
0.0000000000	-0.0373000000
0.0000000000	-0.0373000000
0.0000000000	-0.0373000000
0.0000000000	-0.0373000000
0.0000000000	-0.0373000000
0.0000000000	-0.0373000000
0.0000000000	-0.0373000000
0.0000000000	-0.0373000000
0.0000000000	-0.0373000000
0.0000000000	-0.0373000000
0.0000000000	-0.0373000000
0.0000000000	-0.0373000000
0.0000000000	-0.0374000000
0.0000000000	-0.0380000000
0.0000000000	-0.0382000000
0.0000000000	-0.0384000000
0.0000000000	-0.0389000000
0.0000000000	-0.0392000000
0.0000000000	-0.0398000000
0.0000000000	-0.0402000000
0.0000000000	-0.0402000000
0.0000000000	-0.0405000000
0.0000000000	-0.0408000000
0.0000000000	-0.0409000000
0.0000000000	-0.0412000000
0.0000000000	-0.0414000000
0.0000000000	-0.0415000000
0.0000000000	-0.0415000000
0.0000000000	-0.0415000000
0.0000000000	-0.0414000000
0.0000000000	-0.0414000000
0.0000000000	-0.0414000000
0.0000000000	-0.0414000000
0.0000000000	-0.0414000000
0.0000000000	-0.0414000000
0.0000000000	-0.0414000000
0.0000000000	-0.0414000000
0.0000000000	-0.0415000000
0.0000000000	-0.0415000000
0.0000000000	-0.0417000000
0.0000000000	-0.0425000000
0.0000000000	-0.0430000000
0.0000000000	-0.0432000000
0.0000000000	-0.0435000000
0.0000000000	-0.0437000000
0.0000000000	-0.0440000000
0.0000000000	-0.0444000000
0.0000000000	-0.0447000000
0.0000000000	-0.0450000000
0.0000000000	-0.0451000000
0.0000000000	-0.0452000000
0.0000000000	-0.0456000000
0.0000000000	-0.0458000000
0.0000000000	-0.0458000000
0.0000000000	-0.0458000000
0.0000000000	-0.0457000000
0.0000000000	-0.0457000000
0.0000000000	-0.0457000000
0.0000000000	-0.0457000000
0.0000000000	-0.0457000000
0.0000000000	-0.0457000000
0.0000000000	-0.0457000000
0.0000000000	-0.0457000000
0.0000000000	-0.0458000000
0.0000000000	-0.0458000000
0.0000000000	-0.0458000000
0.0000000000	-0.0458000000
0.0000000000	-0.0463000000
0.0000000000	-0.0467000000
0.0000000000	-0.0468000000
0.0000000000	-0.0470000000
0.0000000000	-0.0473000000
0.0000000000	-0.0476000000
0.0000000000	-0.0480000000
0.0000000000	-0.0481000000
0.0000000000	-0.0484000000
0.0000000000	-0.0488000000
0.0000000000	-0.0489000000
0.0000000000	-0.0492000000
0.0000000000	-0.0495000000
0.0000000000	-0.0497000000
0.0000000000	-0.0500000000
0.0000000000	-0.0502000000
0.0000000000	-0.0502000000
0.0000000000	-0.0501000000
0.0000000000	-0.0501000000
0.0000000000	-0.0501000000
0.0000000000	-0.0501000000
0.0000000000	-0.0501000000
0.0000000000	-0.0501000000
0.0000000000	-0.0501000000
0.0000000000	-0.0501000000
0.0000000000	-0.0501000000
0.0000000000	-0.0501000000
0.0000000000	-0.0502000000
0.0000000000	-0.0505000000
0.0000000000	-0.0512000000
0.0000000000	-0.0513000000
0.0000000000	-0.0514000000
0.0000000000	-0.0516000000
0.0000000000	-0.0519000000
0.0000000000	-0.0523000000
0.0000000000	-0.0524000000
0.0000000000	-0.0527000000
0.0000000000	-0.0531000000
0.0000000000	-0.0532000000
0.0000000000	-0.0536000000
0.0000000000	-0.0540000000
0.0000000000	-0.0543000000
0.0000000000	-0.0546000000
0.0000000000	-0.0547000000
0.0000000000	-0.0547000000
0.0000000000	-0.0546000000
0.0000000000	-0.0546000000
0.0000000000	-0.0546000000
0.0000000000	-0.0546000000
0.0000000000	-0.0546000000
0.0000000000	-0.0546000000
0.0000000000	-0.0546000000
0.0000000000	-0.0547000000
0.0000000000	-0.0547000000
0.0000000000	-0.0547000000
0.0000000000	-0.0549000000
0.0000000000	-0.0557000000
0.1000000000	-0.0560000000
0.1000000000	-0.0561000000
0.1000000000	-0.0564000000
0.1000000000	-0.0565000000
0.1000000000	-0.0568000000
0.1000000000	-0.0570000000
0.1000000000	-0.0572000000
0.1000000000	-0.0575000000
0.1000000000	-0.0579000000
0.1000000000	-0.0582000000
0.1000000000	-0.0584000000
0.1000000000	-0.0586000000
0.1000000000	-0.0586000000
0.1000000000	-0.0587000000
0.1000000000	-0.0589000000
0.0000000000	-0.0590000000
0.0000000000	-0.0593000000
0.0000000000	-0.0594000000
0.0000000000	-0.0594000000
0.0000000000	-0.0594000000
0.0000000000	-0.0594000000
0.0000000000	-0.0594000000
0.0000000000	-0.0594000000
0.0000000000	-0.0594000000
0.0000000000	-0.0594000000
0.0000000000	-0.0594000000
0.0000000000	-0.0594000000
0.0000000000	-0.0594000000
0.0000000000	-0.0594000000
0.0000000000	-0.0596000000
0.0000000000	-0.0600000000
0.0000000000	-0.0602000000
0.0000000000	-0.0605000000
0.0000000000	-0.0608000000
0.0000000000	-0.0610000000
0.0000000000	-0.0614000000
0.0000000000	-0.0616000000
0.0000000000	-0.0618000000
0.0000000000	-0.0621000000
0.0000000000	-0.0622000000
0.0000000000	-0.0624000000
0.0000000000	-0.0628000000
0.0000000000	-0.0629000000
0.0000000000	-0.0633000000
0.0000000000	-0.0634000000
0.0000000000	-0.0634000000
0.0000000000	-0.0634000000
0.0000000000	-0.0634000000
0.0000000000	-0.0634000000
0.0000000000	-0.0634000000
0.0000000000	-0.0634000000
0.0000000000	-0.0634000000
0.0000000000	-0.0634000000
0.0000000000	-0.0634000000
0.0000000000	-0.0634000000
0.0000000000	-0.0634000000
0.0000000000	-0.0634000000
0.0000000000	-0.0634000000
0.0000000000	-0.0636000000
0.0000000000	-0.0642000000
0.0000000000	-0.0644000000
0.0000000000	-0.0646000000
0.0000000000	-0.0649000000
0.0000000000	-0.0653000000
0.0000000000	-0.0656000000
0.0000000000	-0.0657000000
0.0000000000	-0.0660000000
0.0000000000	-0.0663000000
0.0000000000	-0.0665000000
0.0000000000	-0.0667000000
0.0000000000	-0.0668000000
0.0000000000	-0.0671000000
0.1000000000	-0.0673000000
0.1000000000	-0.0673000000
0.1000000000	-0.0673000000
0.1000000000	-0.0673000000
0.1000000000	-0.0673000000
0.1000000000	-0.0673000000
0.1000000000	-0.0673000000
0.1000000000	-0.0673000000
0.1000000000	-0.0673000000
0.1000000000	-0.0673000000
0.1000000000	-0.0673000000
0.1000000000	-0.0673000000
0.1000000000	-0.0673000000
0.1000000000	-0.0673000000
0.1000000000	-0.0673000000
0.1000000000	-0.0676000000
0.1000000000	-0.0678000000
0.1000000000	-0.0679000000
0.1000000000	-0.0681000000
0.1000000000	-0.0683000000
0.1000000000	-0.0685000000
0.1000000000	-0.0690000000
0.1000000000	-0.0693000000
0.1000000000	-0.0698000000
0.1000000000	-0.0698000000
0.1000000000	-0.0700000000
0.1000000000	-0.0703000000
0.1000000000	-0.0704000000
0.1000000000	-0.0706000000
0.1000000000	-0.0708000000
0.1000000000	-0.0709000000
0.1000000000	-0.0710000000
0.1000000000	-0.0710000000
0.1000000000	-0.0710000000
0.1000000000	-0.0710000000
0.1000000000	-0.0710000000
0.1000000000	-0.0710000000
0.1000000000	-0.0710000000
0.1000000000	-0.0710000000
0.1000000000	-0.0710000000
0.1000000000	-0.0710000000
0.1000000000	-0.0710000000
0.1000000000	-0.0710000000
0.1000000000	-0.0710000000
0.1000000000	-0.0710000000
0.1000000000	-0.0710000000
0.1000000000	-0.0712000000
0.1000000000	-0.0716000000
0.1000000000	-0.0716000000
0.1000000000	-0.0717000000
0.1000000000	-0.0720000000
0.1000000000	-0.0722000000
0.1000000000	-0.0728000000
0.1000000000	-0.0731000000
0.1000000000	-0.0732000000
0.1000000000	-0.0735000000
0.1000000000	-0.0736000000
0.1000000000	-0.0738000000
0.1000000000	-0.0742000000
0.1000000000	-0.0744000000
0.1000000000	-0.0748000000
0.1000000000	-0.0755000000
0.1000000000	-0.0755000000
0.1000000000	-0.0755000000
0.1000000000	-0.0755000000
0.1000000000	-0.0755000000
0.1000000000	-0.0755000000
0.1000000000	-0.0755000000
0.1000000000	-0.0755000000
0.1000000000	-0.0755000000
0.1000000000	-0.0755000000
0.1000000000	-0.0755000000
0.1000000000	-0.0755000000
0.1000000000	-0.0755000000
0.1000000000	-0.0755000000
0.1000000000	-0.0759000000
0.1000000000	-0.0763000000
0.1000000000	-0.0763000000
0.1000000000	-0.0764000000
0.1000000000	-0.0766000000
0.1000000000	-0.0768000000
0.1000000000	-0.0772000000
0.1000000000	-0.0773000000
0.1000000000	-0.0778000000
0.0000000000	-0.0783000000
0.0000000000	-0.0787000000
0.0000000000	-0.0792000000
0.0000000000	-0.0794000000
0.0000000000	-0.0796000000
0.0000000000	-0.0799000000
0.0000000000	-0.0800000000
0.0000000000	-0.0802000000
0.0000000000	-0.0803000000
0.0000000000	-0.0803000000
0.0000000000	-0.0803000000
0.0000000000	-0.0803000000
0.0000000000	-0.0803000000
0.0000000000	-0.0803000000
0.0000000000	-0.0803000000
0.0000000000	-0.0803000000
0.0000000000	-0.0803000000
0.0000000000	-0.0803000000
0.0000000000	-0.0803000000
0.0000000000	-0.0803000000
0.0000000000	-0.0803000000
0.0000000000	-0.0805000000
0.1000000000	-0.0809000000
0.1000000000	-0.0812000000
0.1000000000	-0.0813000000
0.1000000000	-0.0816000000
0.1000000000	-0.0821000000
0.1000000000	-0.0822000000
0.2000000000	-0.0826000000
0.2000000000	-0.0831000000
0.2000000000	-0.0832000000
0.3000000000	-0.0836000000
0.3000000000	-0.0841000000
0.4000000000	-0.0844000000
0.4000000000	-0.0845000000
0.4000000000	-0.0845000000
0.4000000000	-0.0845000000
0.4000000000	-0.0845000000
0.4000000000	-0.0845000000
0.4000000000	-0.0845000000
0.4000000000	-0.0845000000
0.4000000000	-0.0845000000
0.4000000000	-0.0845000000
0.4000000000	-0.0845000000
0.4000000000	-0.0845000000
0.4000000000	-0.0845000000
0.4000000000	-0.0845000000
0.4000000000	-0.0845000000
0.4000000000	-0.0846000000
0.4000000000	-0.0850000000
0.4000000000	-0.0851000000
0.5000000000	-0.0853000000
0.6000000000	-0.0860000000
0.6000000000	-0.0862000000
0.6000000000	-0.0863000000
0.7000000000	-0.0865000000
0.7000000000	-0.0868000000
0.8000000000	-0.0871000000
0.9000000000	-0.0875000000
0.9000000000	-0.0880000000
1.1000000000	-0.0884000000
1.1000000000	-0.0884000000
1.1000000000	-0.0884000000
1.1000000000	-0.0884000000
1.1000000000	-0.0884000000
1.1000000000	-0.0884000000
1.1000000000	-0.0884000000
1.1000000000	-0.0884000000
1.1000000000	-0.0884000000
1.1000000000	-0.0884000000
1.1000000000	-0.0884000000
1.1000000000	-0.0884000000
1.1000000000	-0.0884000000
1.1000000000	-0.0884000000
1.1000000000	-0.0884000000
1.1000000000	-0.0885000000
1.1000000000	-0.0891000000
1.4000000000	-0.0898000000
1.4000000000	-0.0899000000
1.4000000000	-0.0900000000
1.5000000000	-0.0902000000
1.5000000000	-0.0905000000
1.6000000000	-0.0909000000
1.7000000000	-0.0911000000
1.7000000000	-0.0912000000
1.7000000000	-0.0913000000
1.7000000000	-0.0915000000
1.8000000000	-0.0917000000
1.8000000000	-0.0921000000
1.9000000000	-0.0925000000
1.9000000000	-0.0927000000
2.0000000000	-0.0927000000
1.9000000000	-0.0927000000
1.9000000000	-0.0926000000
1.9000000000	-0.0926000000
1.9000000000	-0.0926000000
1.9000000000	-0.0926000000
1.9000000000	-0.0926000000
1.9000000000	-0.0926000000
1.9000000000	-0.0926000000
1.9000000000	-0.0927000000
1.9000000000	-0.0927000000
1.9000000000	-0.0929000000
2.0000000000	-0.0933000000
2.0000000000	-0.0935000000
2.0000000000	-0.0940000000
2.0000000000	-0.0942000000
2.1000000000	-0.0944000000
2.1000000000	-0.0947000000
2.1000000000	-0.0948000000
2.1000000000	-0.0950000000
2.1000000000	-0.0953000000
2.1000000000	-0.0955000000
2.1000000000	-0.0959000000
2.1000000000	-0.0963000000
2.1000000000	-0.0965000000
2.1000000000	-0.0969000000
2.1000000000	-0.0972000000
2.1000000000	-0.0973000000
2.1000000000	-0.0973000000
2.1000000000	-0.0973000000
2.1000000000	-0.0973000000
2.1000000000	-0.0973000000
2.1000000000	-0.0973000000
2.1000000000	-0.0973000000
2.1000000000	-0.0973000000
2.1000000000	-0.0973000000
2.1000000000	-0.0973000000
2.1000000000	-0.0973000000
2.1000000000	-0.0973000000
2.1000000000	-0.0973000000
2.1000000000	-0.0974000000
2.0000000000	-0.0979000000
2.0000000000	-0.0982000000
2.0000000000	-0.0983000000
1.9000000000	-0.0989000000
1.9000000000	-0.0996000000
1.8000000000	-0.1000000000
1.7000000000	-0.1005000000
1.7000000000	-0.1007000000
1.7000000000	-0.1009000000
1.7000000000	-0.1010000000
1.7000000000	-0.1010000000
1.7000000000	-0.1010000000
1.7000000000	-0.1010000000
1.7000000000	-0.1011000000
1.6000000000	-0.1015000000
1.6000000000	-0.1018000000
1.6000000000	-0.1018000000
1.5000000000	-0.1018000000
1.5000000000	-0.1018000000
1.6000000000	-0.1018000000
1.6000000000	-0.1018000000
1.6000000000	-0.1018000000
1.5000000000	-0.1018000000
1.5000000000	-0.1018000000
1.5000000000	-0.1018000000
1.6000000000	-0.1019000000
1.5000000000	-0.1024000000
1.3000000000	-0.1030000000
1.3000000000	-0.1032000000
1.1000000000	-0.1036000000
1.1000000000	-0.1037000000
1.1000000000	-0.1039000000
1.0000000000	-0.1042000000
0.9000000000	-0.1043000000
0.9000000000	-0.1045000000
0.8000000000	-0.1048000000
0.8000000000	-0.1050000000
0.7000000000	-0.1053000000
0.6000000000	-0.1056000000
0.5000000000	-0.1057000000
0.5000000000	-0.1058000000
0.5000000000	-0.1057000000
0.5000000000	-0.1057000000
0.5000000000	-0.1057000000
0.5000000000	-0.1057000000
0.5000000000	-0.1057000000
0.5000000000	-0.1057000000
0.5000000000	-0.1057000000
0.5000000000	-0.1057000000
0.5000000000	-0.1057000000
0.5000000000	-0.1057000000
0.5000000000	-0.1058000000
0.4000000000	-0.1062000000
0.3000000000	-0.1068000000
0.3000000000	-0.1069000000
0.2000000000	-0.1073000000
0.2000000000	-0.1076000000
0.1000000000	-0.1080000000
0.1000000000	-0.1084000000
0.1000000000	-0.1086000000
0.1000000000	-0.1087000000
0.1000000000	-0.1090000000
0.1000000000	-0.1092000000
0.0000000000	-0.1093000000
0.0000000000	-0.1095000000
0.0000000000	-0.1096000000
0.0000000000	-0.1096000000
0.0000000000	-0.1095000000
0.0000000000	-0.1092000000
0.0000000000	-0.1092000000
0.0000000000	-0.1093000000
0.0000000000	-0.1092000000
0.0000000000	-0.1092000000
0.0000000000	-0.1092000000
0.0000000000	-0.1093000000
0.0000000000	-0.1093000000
0.0000000000	-0.1093000000
0.0000000000	-0.1095000000
0.0000000000	-0.1098000000
0.0000000000	-0.1105000000
0.0000000000	-0.1108000000
0.0000000000	-0.1112000000
0.0000000000	-0.1119000000
0.1000000000	-0.1121000000
0.1000000000	-0.1124000000
0.1000000000	-0.1127000000
0.1000000000	-0.1129000000
0.1000000000	-0.1132000000
0.1000000000	-0.1136000000
0.1000000000	-0.1138000000
0.1000000000	-0.1143000000
0.1000000000	-0.1145000000
0.1000000000	-0.1145000000
0.1000000000	-0.1145000000
0.1000000000	-0.1145000000
0.1000000000	-0.1143000000
0.1000000000	-0.1143000000
0.1000000000	-0.1143000000
0.1000000000	-0.1143000000
0.1000000000	-0.1143000000
0.1000000000	-0.1143000000
0.1000000000	-0.1143000000
0.1000000000	-0.1144000000
0.1000000000	-0.1145000000
0.1000000000	-0.1148000000
0.2000000000	-0.1152000000
0.2000000000	-0.1153000000
0.2000000000	-0.1156000000
0.2000000000	-0.1160000000
0.2000000000	-0.1164000000
0.2000000000	-0.1170000000
0.2000000000	-0.1174000000
0.2000000000	-0.1178000000
0.2000000000	-0.1184000000
0.1000000000	-0.1187000000
0.1000000000	-0.1190000000
0.1000000000	-0.1194000000
0.1000000000	-0.1195000000
0.1000000000	-0.1195000000
0.1000000000	-0.1195000000
0.1000000000	-0.1195000000
0.1000000000	-0.1195000000
0.1000000000	-0.1195000000
0.1000000000	-0.1195000000
0.1000000000	-0.1195000000
0.1000000000	-0.1195000000
0.1000000000	-0.1195000000
0.1000000000	-0.1195000000
0.1000000000	-0.1195000000
0.1000000000	-0.1195000000
0.1000000000	-0.1195000000
0.1000000000	-0.1196000000
0.1000000000	-0.1202000000
0.1000000000	-0.1208000000
0.1000000000	-0.1210000000
0.1000000000	-0.1212000000
0.1000000000	-0.1215000000
0.1000000000	-0.1218000000
0.1000000000	-0.1219000000
0.1000000000	-0.1222000000
0.1000000000	-0.1227000000
0.1000000000	-0.1230000000
0.1000000000	-0.1233000000
0.1000000000	-0.1236000000
0.1000000000	-0.1238000000
0.1000000000	-0.1238000000
0.1000000000	-0.1238000000
0.1000000000	-0.1237000000
0.1000000000	-0.1237000000
0.1000000000	-0.1237000000
0.1000000000	-0.1237000000
0.1000000000	-0.1237000000
0.1000000000	-0.1237000000
0.1000000000	-0.1237000000
0.1000000000	-0.1238000000
0.1000000000	-0.1238000000
0.1000000000	-0.1238000000
0.0000000000	-0.1239000000
0.0000000000	-0.1245000000
0.0000000000	-0.1246000000
0.0000000000	-0.1251000000
0.0000000000	-0.1257000000
0.0000000000	-0.1259000000
0.0000000000	-0.1261000000
0.0000000000	-0.1267000000
0.0000000000	-0.1269000000
0.0000000000	-0.1273000000
0.0000000000	-0.1277000000
0.0000000000	-0.1279000000
0.0000000000	-0.1283000000
0.0000000000	-0.1285000000
0.1000000000	-0.1286000000
0.1000000000	-0.1287000000
0.1000000000	-0.1286000000
0.1000000000	-0.1286000000
0.1000000000	-0.1285000000
0.1000000000	-0.1285000000
0.1000000000	-0.1285000000
0.1000000000	-0.1285000000
0.1000000000	-0.1285000000
0.1000000000	-0.1285000000
0.1000000000	-0.1286000000
0.1000000000	-0.1288000000
0.1000000000	-0.1295000000
0.1000000000	-0.1299000000
0.1000000000	-0.1301000000
0.1000000000	-0.1305000000
0.1000000000	-0.1306000000
0.1000000000	-0.1310000000
0.1000000000	-0.1311000000
0.1000000000	-0.1315000000
0.1000000000	-0.1320000000
0.1000000000	-0.1321000000
0.1000000000	-0.1324000000
0.1000000000	-0.1326000000
0.1000000000	-0.1330000000
0.1000000000	-0.1335000000
0.1000000000	-0.1338000000
0.1000000000	-0.1338000000
0.1000000000	-0.1338000000
0.1000000000	-0.1337000000
0.1000000000	-0.1335000000
0.1000000000	-0.1332000000
0.1000000000	-0.1332000000
0.1000000000	-0.1332000000
0.1000000000	-0.1332000000
0.1000000000	-0.1332000000
0.1000000000	-0.1333000000
0.1000000000	-0.1333000000
0.1000000000	-0.1335000000
0.1000000000	-0.1336000000
0.1000000000	-0.1341000000
0.1000000000	-0.1344000000
0.1000000000	-0.1347000000
0.1000000000	-0.1349000000
0.1000000000	-0.1352000000
0.1000000000	-0.1355000000
0.1000000000	-0.1356000000
0.1000000000	-0.1360000000
0.1000000000	-0.1364000000
0.1000000000	-0.1366000000
0.1000000000	-0.1372000000
0.0000000000	-0.1378000000
0.0000000000	-0.1381000000
0.0000000000	-0.1384000000
0.0000000000	-0.1386000000
0.0000000000	-0.1386000000
0.0000000000	-0.1386000000
0.0000000000	-0.1386000000
0.0000000000	-0.1385000000
0.0000000000	-0.1385000000
0.0000000000	-0.1385000000
0.0000000000	-0.1385000000
0.0000000000	-0.1385000000
0.0000000000	-0.1385000000
0.0000000000	-0.1385000000
0.0000000000	-0.1385000000
0.0000000000	-0.1385000000
0.0000000000	-0.1387000000
0.0000000000	-0.1392000000
0.0000000000	-0.1395000000
0.0000000000	-0.1399000000
0.0000000000	-0.1404000000
0.0000000000	-0.1407000000
0.0000000000	-0.1410000000
0.0000000000	-0.1415000000
0.0000000000	-0.1419000000
0.0000000000	-0.1422000000
0.0000000000	-0.1426000000
0.0000000000	-0.1429000000
0.0000000000	-0.1432000000
0.0000000000	-0.1433000000
0.0000000000	-0.1433000000
0.0000000000	-0.1433000000
0.0000000000	-0.1430000000
0.0000000000	-0.1430000000
0.0000000000	-0.1430000000
0.0000000000	-0.1430000000
0.0000000000	-0.1430000000
0.0000000000	-0.1430000000
0.0000000000	-0.1430000000
0.0000000000	-0.1430000000
0.0000000000	-0.1430000000
0.0000000000	-0.1432000000
0.0000000000	-0.1434000000
0.0000000000	-0.1442000000
0.0000000000	-0.1447000000
0.0000000000	-0.1451000000
0.0000000000	-0.1454000000
0.0000000000	-0.1458000000
0.0000000000	-0.1464000000
0.0000000000	-0.1465000000
0.0000000000	-0.1470000000
0.1000000000	-0.1473000000
0.1000000000	-0.1473000000
0.1000000000	-0.1473000000
0.1000000000	-0.1473000000
0.1000000000	-0.1473000000
0.1000000000	-0.1473000000
0.1000000000	-0.1472000000
0.1000000000	-0.1472000000
0.1000000000	-0.1472000000
0.1000000000	-0.1472000000
0.1000000000	-0.1472000000
0.1000000000	-0.1472000000
0.1000000000	-0.1472000000
0.1000000000	-0.1472000000
0.1000000000	-0.1473000000
0.1000000000	-0.1474000000
0.1000000000	-0.1476000000
0.1000000000	-0.1483000000
0.1000000000	-0.1485000000
0.1000000000	-0.1487000000
0.1000000000	-0.1491000000
0.1000000000	-0.1497000000
0.0000000000	-0.1500000000
0.0000000000	-0.1503000000
0.0000000000	-0.1504000000
0.0000000000	-0.1506000000
0.1000000000	-0.1513000000
0.1000000000	-0.1517000000
0.1000000000	-0.1517000000
0.1000000000	-0.1517000000
0.1000000000	-0.1517000000
0.1000000000	-0.1517000000
0.1000000000	-0.1517000000
0.1000000000	-0.1517000000
0.1000000000	-0.1517000000
0.1000000000	-0.1517000000
0.1000000000	-0.1517000000
0.1000000000	-0.1517000000
0.1000000000	-0.1517000000
0.0000000000	-0.1517000000
0.1000000000	-0.1517000000
0.1000000000	-0.1517000000
0.0000000000	-0.1520000000
0.0000000000	-0.1528000000
0.0000000000	-0.1529000000
0.0000000000	-0.1531000000
0.0000000000	-0.1536000000
0.0000000000	-0.1540000000
0.0000000000	-0.1542000000
0.0000000000	-0.1545000000
0.0000000000	-0.1547000000
0.0000000000	-0.1548000000
0.0000000000	-0.1552000000
0.0000000000	-0.1552000000
0.0000000000	-0.1554000000
0.0000000000	-0.1560000000
0.0000000000	-0.1564000000
0.0000000000	-0.1564000000
0.0000000000	-0.1564000000
0.0000000000	-0.1564000000
0.0000000000	-0.1564000000
0.0000000000	-0.1563000000
0.0000000000	-0.1563000000
0.0000000000	-0.1563000000
0.0000000000	-0.1563000000
0.0000000000	-0.1563000000
0.0000000000	-0.1563000000
0.0000000000	-0.1563000000
0.0000000000	-0.1563000000
0.0000000000	-0.1565000000
0.0000000000	-0.1571000000
0.0000000000	-0.1572000000
0.0000000000	-0.1574000000
0.0000000000	-0.1578000000
0.0000000000	-0.1584000000
0.0000000000	-0.1589000000
0.0000000000	-0.1593000000
0.0000000000	-0.1596000000
0.0000000000	-0.1598000000
0.0000000000	-0.1600000000
0.0000000000	-0.1604000000
0.0000000000	-0.1604000000
0.0000000000	-0.1604000000
0.0000000000	-0.1603000000
0.0000000000	-0.1603000000
0.0000000000	-0.1603000000
0.0000000000	-0.1603000000
0.0000000000	-0.1603000000
0.0000000000	-0.1603000000
0.0000000000	-0.1603000000
0.0000000000	-0.1603000000
0.0000000000	-0.1604000000
0.0000000000	-0.1605000000
0.0000000000	-0.1606000000
0.0000000000	-0.1608000000
0.0000000000	-0.1612000000
0.0000000000	-0.1618000000
0.0000000000	-0.1620000000
0.0000000000	-0.1623000000
0.0000000000	-0.1625000000
0.0000000000	-0.1627000000
0.0000000000	-0.1630000000
0.0000000000	-0.1631000000
0.0000000000	-0.1635000000
0.0000000000	-0.1637000000
0.0000000000	-0.1638000000
0.0000000000	-0.1638000000
0.0000000000	-0.1638000000
0.0000000000	-0.1638000000
0.0000000000	-0.1637000000
0.0000000000	-0.1637000000
0.0000000000	-0.1637000000
0.0000000000	-0.1637000000
0.0000000000	-0.1637000000
0.0000000000	-0.1637000000
0.0000000000	-0.1637000000
0.0000000000	-0.1637000000
0.0000000000	-0.1637000000
0.0000000000	-0.1638000000
0.0000000000	-0.1638000000
0.0000000000	-0.1643000000
0.0000000000	-0.1649000000
0.0000000000	-0.1649000000
0.0000000000	-0.1650000000
0.0000000000	-0.1651000000
0.0000000000	-0.1657000000
0.0000000000	-0.1662000000
0.0000000000	-0.1663000000
0.0000000000	-0.1668000000
0.0000000000	-0.1671000000
0.0000000000	-0.1672000000
0.0000000000	-0.1674000000
0.0000000000	-0.1678000000
0.0000000000	-0.1680000000
0.0000000000	-0.1683000000
0.0000000000	-0.1683000000
0.0000000000	-0.1683000000
0.0000000000	-0.1683000000
0.0000000000	-0.1683000000
0.0000000000	-0.1679000000
0.0000000000	-0.1679000000
0.0000000000	-0.1679000000
0.0000000000	-0.1679000000
0.0000000000	-0.1679000000
0.0000000000	-0.1679000000
0.0000000000	-0.1681000000
0.0000000000	-0.1683000000
0.0000000000	-0.1684000000
0.0000000000	-0.1690000000
0.0000000000	-0.1693000000
0.0000000000	-0.1698000000
0.0000000000	-0.1704000000
0.0000000000	-0.1705000000
0.0000000000	-0.1708000000
0.0000000000	-0.1714000000
0.0000000000	-0.1718000000
0.0000000000	-0.1720000000
0.0000000000	-0.1724000000
0.0000000000	-0.1725000000
0.0000000000	-0.1728000000
0.0000000000	-0.1730000000
0.0000000000	-0.1730000000
0.0000000000	-0.1730000000
0.0000000000	-0.1729000000
0.0000000000	-0.1729000000
0.0000000000	-0.1729000000
0.0000000000	-0.1729000000
0.0000000000	-0.1729000000
0.0000000000	-0.1729000000
0.0000000000	-0.1729000000
0.0000000000	-0.1729000000
0.0000000000	-0.1730000000
0.0000000000	-0.1733000000
0.0000000000	-0.1736000000
0.0000000000	-0.1737000000
0.0000000000	-0.1742000000
0.0000000000	-0.1749000000
0.0000000000	-0.1752000000
0.0000000000	-0.1759000000
0.0000000000	-0.1763000000
0.0000000000	-0.1766000000
0.0000000000	-0.1769000000
0.0000000000	-0.1770000000
0.0000000000	-0.1773000000
0.0000000000	-0.1778000000
0.0000000000	-0.1780000000
0.0000000000	-0.1780000000
0.0000000000	-0.1780000000
0.0000000000	-0.1780000000
0.0000000000	-0.1778000000
0.0000000000	-0.1778000000
0.0000000000	-0.1778000000
0.0000000000	-0.1778000000
0.0000000000	-0.1778000000
0.0000000000	-0.1778000000
0.0000000000	-0.1778000000
0.0000000000	-0.1778000000
0.0000000000	-0.1779000000
0.0000000000	-0.1781000000
0.0000000000	-0.1787000000
0.0000000000	-0.1792000000
0.0000000000	-0.1798000000
0.0000000000	-0.1798000000
0.0000000000	-0.1798000000
0.0000000000	-0.1798000000
0.0000000000	-0.1798000000
0.0000000000	-0.1798000000
0.0000000000	-0.1798000000
0.0000000000	-0.1798000000
0.0000000000	-0.1798000000
0.0000000000	-0.1798000000
0.0000000000	-0.1798000000
0.0000000000	-0.1798000000
0.0000000000	-0.1798000000
0.0000000000	-0.1798000000
0.0000000000	-0.1798000000
0.0000000000	-0.1798000000
0.0000000000	-0.1797000000
0.0000000000	-0.1795000000
0.0000000000	-0.1794000000
0.0000000000	-0.1791000000
0.0000000000	-0.1788000000
0.0000000000	-0.1786000000
0.0000000000	-0.1783000000
0.0000000000	-0.1781000000
0.0000000000	-0.1779000000
0.0000000000	-0.1777000000
0.0000000000	-0.1775000000
0.0000000000	-0.1770000000
0.0000000000	-0.1766000000
0.0000000000	-0.1765000000
0.0000000000	-0.1758000000
0.0000000000	-0.1754000000
0.0000000000	-0.1753000000
0.0000000000	-0.1750000000
0.0000000000	-0.1749000000
0.0000000000	-0.1749000000
0.0000000000	-0.1749000000
0.0000000000	-0.1749000000
0.0000000000	-0.1751000000
0.0000000000	-0.1751000000
0.0000000000	-0.1751000000
0.0000000000	-0.1751000000
0.0000000000	-0.1751000000
0.0000000000	-0.1751000000
0.0000000000	-0.1751000000
0.0000000000	-0.1750000000
0.0000000000	-0.1749000000
0.0000000000	-0.1746000000
0.0000000000	-0.1745000000
0.0000000000	-0.1744000000
0.0000000000	-0.1737000000
0.0000000000	-0.1731000000
0.0000000000	-0.1727000000
0.0000000000	-0.1719000000
0.0000000000	-0.1714000000
0.0000000000	-0.1713000000
0.0000000000	-0.1710000000
0.0000000000	-0.1704000000
0.0000000000	-0.1701000000
0.0000000000	-0.1700000000
0.0000000000	-0.1698000000
0.0000000000	-0.1698000000
0.0000000000	-0.1698000000
0.0000000000	-0.1698000000
0.0000000000	-0.1698000000
0.0000000000	-0.1698000000
0.0000000000	-0.1698000000
0.0000000000	-0.1698000000
0.0000000000	-0.1698000000
0.0000000000	-0.1698000000
0.0000000000	-0.1698000000
0.0000000000	-0.1698000000
0.0000000000	-0.1698000000
0.0000000000	-0.1695000000
0.0000000000	-0.1691000000
0.0000000000	-0.1687000000
0.0000000000	-0.1684000000
0.0000000000	-0.1679000000
0.0000000000	-0.1676000000
0.0000000000	-0.1672000000
0.0000000000	-0.1666000000
0.0000000000	-0.1663000000
0.0000000000	-0.1660000000
0.0000000000	-0.1657000000
0.0000000000	-0.1655000000
0.0000000000	-0.1655000000
0.0000000000	-0.1655000000
0.0000000000	-0.1655000000
0.0000000000	-0.1656000000
0.0000000000	-0.1656000000
0.0000000000	-0.1656000000
0.0000000000	-0.1656000000
0.0000000000	-0.1656000000
0.0000000000	-0.1656000000
0.0000000000	-0.1654000000
0.0000000000	-0.1652000000
0.0000000000	-0.1649000000
0.0000000000	-0.1644000000
0.0000000000	-0.1639000000
0.0000000000	-0.1635000000
0.0000000000	-0.1629000000
0.0000000000	-0.1624000000
0.0000000000	-0.1621000000
0.0000000000	-0.1619000000
0.0000000000	-0.1616000000
0.0000000000	-0.1612000000
0.0000000000	-0.1612000000
0.0000000000	-0.1612000000
0.0000000000	-0.1612000000
0.0000000000	-0.1612000000
0.0000000000	-0.1612000000
0.0000000000	-0.1612000000
0.0000000000	-0.1612000000
0.0000000000	-0.1612000000
0.0000000000	-0.1612000000
0.0000000000	-0.1612000000
0.0000000000	-0.1612000000
0.0000000000	-0.1611000000
0.0000000000	-0.1609000000
0.0000000000	-0.1604000000
0.0000000000	-0.1600000000
0.0000000000	-0.1597000000
0.0000000000	-0.1589000000
0.0000000000	-0.1584000000
0.0000000000	-0.1579000000
0.0000000000	-0.1574000000
0.0000000000	-0.1573000000
0.0000000000	-0.1571000000
0.0000000000	-0.1569000000
0.0000000000	-0.1569000000
0.0000000000	-0.1568000000
0.0000000000	-0.1567000000
0.0000000000	-0.1567000000
0.0000000000	-0.1567000000
0.0000000000	-0.1568000000
0.0000000000	-0.1568000000
0.0000000000	-0.1568000000
0.0000000000	-0.1568000000
0.0000000000	-0.1568000000
0.0000000000	-0.1568000000
0.0000000000	-0.1568000000
0.0000000000	-0.1567000000
0.0000000000	-0.1566000000
0.0000000000	-0.1559000000
0.0000000000	-0.1554000000
0.0000000000	-0.1551000000
0.0000000000	-0.1546000000
0.0000000000	-0.1545000000
0.0000000000	-0.1544000000
0.0000000000	-0.1540000000
0.0000000000	-0.1539000000
0.0000000000	-0.1538000000
0.0000000000	-0.1535000000
0.0000000000	-0.1533000000
0.0000000000	-0.1531000000
0.0000000000	-0.1526000000
0.0000000000	-0.1524000000
0.0000000000	-0.1523000000
0.0000000000	-0.1521000000
0.0000000000	-0.1520000000
0.0000000000	-0.1520000000
0.0000000000	-0.1520000000
0.0000000000	-0.1521000000
0.0000000000	-0.1521000000
0.0000000000	-0.1521000000
0.0000000000	-0.1521000000
0.0000000000	-0.1521000000
0.0000000000	-0.1521000000
0.0000000000	-0.1519000000
0.1000000000	-0.1516000000
0.1000000000	-0.1512000000
0.1000000000	-0.1511000000
0.1000000000	-0.1508000000
0.0000000000	-0.1499000000
0.1000000000	-0.1496000000
0.1000000000	-0.1494000000
0.1000000000	-0.1489000000
0.1000000000	-0.1488000000
0.1000000000	-0.1488000000
0.1000000000	-0.1486000000
0.1000000000	-0.1484000000
0.1000000000	-0.1480000000
0.1000000000	-0.1477000000
0.1000000000	-0.1475000000
0.1000000000	-0.1473000000
0.1000000000	-0.1473000000
0.1000000000	-0.1473000000
0.1000000000	-0.1473000000
0.1000000000	-0.1474000000
0.1000000000	-0.1474000000
0.1000000000	-0.1474000000
0.1000000000	-0.1474000000
0.1000000000	-0.1474000000
0.1000000000	-0.1473000000
0.1000000000	-0.1473000000
0.1000000000	-0.1473000000
0.1000000000	-0.1472000000
0.1000000000	-0.1469000000
0.1000000000	-0.1466000000
0.1000000000	-0.1466000000
0.1000000000	-0.1462000000
0.0000000000	-0.1459000000
0.0000000000	-0.1457000000
0.0000000000	-0.1453000000
0.0000000000	-0.1449000000
0.0000000000	-0.1447000000
0.0000000000	-0.1444000000
0.0000000000	-0.1443000000
0.0000000000	-0.1442000000
0.0000000000	-0.1442000000
0.0000000000	-0.1442000000
0.0000000000	-0.1442000000
0.0000000000	-0.1443000000
0.0000000000	-0.1445000000
0.0000000000	-0.1445000000
0.0000000000	-0.1445000000
0.0000000000	-0.1445000000
0.0000000000	-0.1445000000
0.0000000000	-0.1443000000
0.0000000000	-0.1440000000
0.0000000000	-0.1434000000
0.0000000000	-0.1433000000
0.0000000000	-0.1430000000
0.0000000000	-0.1426000000
0.0000000000	-0.1422000000
0.0000000000	-0.1418000000
0.0000000000	-0.1414000000
0.0000000000	-0.1412000000
0.0000000000	-0.1409000000
0.0000000000	-0.1408000000
0.0000000000	-0.1407000000
0.0000000000	-0.1407000000
0.0000000000	-0.1407000000
0.0000000000	-0.1407000000
0.0000000000	-0.1409000000
0.0000000000	-0.1409000000
0.0000000000	-0.1409000000
0.0000000000	-0.1409000000
0.0000000000	-0.1409000000
0.0000000000	-0.1409000000
0.0000000000	-0.1407000000
0.0000000000	-0.1403000000
0.0000000000	-0.1399000000
0.0000000000	-0.1397000000
0.0000000000	-0.1395000000
0.0000000000	-0.1393000000
0.0000000000	-0.1391000000
0.0000000000	-0.1389000000
0.0000000000	-0.1386000000
0.0000000000	-0.1381000000
0.0000000000	-0.1378000000
0.0000000000	-0.1376000000
0.0000000000	-0.1375000000
0.0000000000	-0.1375000000
0.0000000000	-0.1375000000
0.0000000000	-0.1375000000
0.0000000000	-0.1376000000
0.0000000000	-0.1376000000
0.0000000000	-0.1376000000
0.0000000000	-0.1376000000
0.0000000000	-0.1376000000
0.0000000000	-0.1376000000
0.0000000000	-0.1376000000
0.0000000000	-0.1376000000
0.1000000000	-0.1372000000
0.1000000000	-0.1366000000
0.1000000000	-0.1364000000
0.1000000000	-0.1362000000
0.1000000000	-0.1359000000
0.1000000000	-0.1356000000
0.1000000000	-0.1352000000
0.1000000000	-0.1349000000
0.1000000000	-0.1348000000
0.1000000000	-0.1345000000
0.1000000000	-0.1345000000
0.1000000000	-0.1344000000
0.1000000000	-0.1342000000
0.1000000000	-0.1342000000
0.1000000000	-0.1342000000
0.1000000000	-0.1342000000
0.1000000000	-0.1343000000
0.1000000000	-0.1343000000
0.1000000000	-0.1343000000
0.1000000000	-0.1343000000
0.1000000000	-0.1343000000
0.1000000000	-0.1343000000
0.1000000000	-0.1342000000
0.1000000000	-0.1342000000
0.1000000000	-0.1342000000
0.1000000000	-0.1335000000
0.1000000000	-0.1331000000
0.1000000000	-0.1327000000
0.1000000000	-0.1322000000
0.1000000000	-0.1320000000
0.1000000000	-0.1318000000
0.1000000000	-0.1316000000
0.1000000000	-0.1314000000
0.1000000000	-0.1312000000
0.1000000000	-0.1311000000
0.1000000000	-0.1311000000
0.1000000000	-0.1311000000
0.1000000000	-0.1311000000
0.1000000000	-0.1311000000
0.1000000000	-0.1311000000
0.1000000000	-0.1311000000
0.1000000000	-0.1311000000
0.1000000000	-0.1311000000
0.1000000000	-0.1311000000
0.1000000000	-0.1306000000
0.1000000000	-0.1301000000
0.1000000000	-0.1298000000
0.1000000000	-0.1296000000
0.1000000000	-0.1292000000
0.1000000000	-0.1291000000
0.1000000000	-0.1289000000
0.1000000000	-0.1287000000
0.0000000000	-0.1285000000
0.0000000000	-0.1283000000
0.0000000000	-0.1282000000
0.0000000000	-0.1282000000
0.0000000000	-0.1283000000
0.0000000000	-0.1283000000
0.0000000000	-0.1283000000
0.0000000000	-0.1283000000
0.0000000000	-0.1283000000
0.0000000000	-0.1283000000
0.0000000000	-0.1283000000
0.0000000000	-0.1282000000
0.0000000000	-0.1282000000
0.0000000000	-0.1278000000
0.0000000000	-0.1273000000
0.0000000000	-0.1270000000
0.0000000000	-0.1266000000
0.0000000000	-0.1261000000
0.0000000000	-0.1253000000
0.0000000000	-0.1245000000
0.0000000000	-0.1242000000
0.1000000000	-0.1239000000
0.1000000000	-0.1238000000
0.1000000000	-0.1237000000
0.1000000000	-0.1237000000
0.1000000000	-0.1237000000
0.1000000000	-0.1238000000
0.1000000000	-0.1238000000
0.1000000000	-0.1238000000
0.1000000000	-0.1238000000
0.1000000000	-0.1238000000
0.1000000000	-0.1238000000
0.1000000000	-0.1238000000
0.1000000000	-0.1237000000
0.1000000000	-0.1237000000
0.1000000000	-0.1237000000
0.1000000000	-0.1234000000
0.1000000000	-0.1230000000
0.1000000000	-0.1227000000
0.1000000000	-0.1222000000
0.1000000000	-0.1218000000
0.1000000000	-0.1214000000
0.1000000000	-0.1209000000
0.1000000000	-0.1206000000
0.1000000000	-0.1203000000
0.1000000000	-0.1199000000
0.1000000000	-0.1196000000
0.1000000000	-0.1196000000
0.1000000000	-0.1196000000
0.1000000000	-0.1196000000
0.1000000000	-0.1196000000
0.1000000000	-0.1196000000
0.1000000000	-0.1196000000
0.1000000000	-0.1196000000
0.1000000000	-0.1196000000
0.1000000000	-0.1196000000
0.1000000000	-0.1196000000
0.1000000000	-0.1196000000
0.1000000000	-0.1195000000
0.1000000000	-0.1189000000
0.1000000000	-0.1186000000
0.2000000000	-0.1183000000
0.2000000000	-0.1179000000
0.2000000000	-0.1175000000
0.2000000000	-0.1171000000
0.2000000000	-0.1169000000
0.2000000000	-0.1167000000
0.2000000000	-0.1163000000
0.2000000000	-0.1159000000
0.2000000000	-0.1157000000
0.2000000000	-0.1157000000
0.2000000000	-0.1157000000
0.2000000000	-0.1157000000
0.2000000000	-0.1157000000
0.2000000000	-0.1157000000
0.2000000000	-0.1157000000
0.2000000000	-0.1157000000
0.2000000000	-0.1157000000
0.2000000000	-0.1157000000
0.2000000000	-0.1157000000
0.2000000000	-0.1153000000
0.2000000000	-0.1147000000
0.1000000000	-0.1144000000
0.1000000000	-0.1141000000
0.1000000000	-0.1138000000
0.1000000000	-0.1134000000
0.1000000000	-0.1129000000
0.1000000000	-0.1124000000
0.1000000000	-0.1120000000
0.0000000000	-0.1115000000
0.0000000000	-0.1108000000
0.0000000000	-0.1108000000
0.0000000000	-0.1108000000
0.0000000000	-0.1108000000
0.0000000000	-0.1108000000
0.0000000000	-0.1108000000
0.0000000000	-0.1108000000
0.0000000000	-0.1108000000
0.0000000000	-0.1108000000
0.0000000000	-0.1108000000
0.0000000000	-0.1108000000
0.0000000000	-0.1108000000
0.0000000000	-0.1107000000
0.0000000000	-0.1102000000
0.0000000000	-0.1097000000
0.1000000000	-0.1092000000
0.1000000000	-0.1086000000
0.1000000000	-0.1081000000
0.2000000000	-0.1078000000
0.2000000000	-0.1077000000
0.2000000000	-0.1074000000
0.2000000000	-0.1072000000
0.3000000000	-0.1070000000
0.3000000000	-0.1068000000
0.3000000000	-0.1068000000
0.3000000000	-0.1068000000
0.3000000000	-0.1068000000
0.3000000000	-0.1068000000
0.3000000000	-0.1068000000
0.3000000000	-0.1068000000
0.3000000000	-0.1068000000
0.3000000000	-0.1068000000
0.3000000000	-0.1068000000
0.3000000000	-0.1068000000
0.3000000000	-0.1068000000
0.3000000000	-0.1067000000
0.4000000000	-0.1061000000
0.6000000000	-0.1055000000
0.8000000000	-0.1049000000
0.9000000000	-0.1044000000
1.0000000000	-0.1040000000
1.1000000000	-0.1034000000
1.3000000000	-0.1025000000
1.5000000000	-0.1023000000
1.5000000000	-0.1022000000
1.5000000000	-0.1022000000
1.4000000000	-0.1022000000
1.4000000000	-0.1022000000
1.4000000000	-0.1022000000
1.4000000000	-0.1022000000
1.4000000000	-0.1022000000
1.4000000000	-0.1022000000
1.4000000000	-0.1022000000
1.4000000000	-0.1022000000
1.4000000000	-0.1022000000
1.4000000000	-0.1022000000
1.5000000000	-0.1022000000
1.5000000000	-0.1019000000
1.7000000000	-0.1012000000
1.8000000000	-0.1005000000
1.8000000000	-0.1000000000
1.9000000000	-0.0995000000
1.9000000000	-0.0991000000
2.0000000000	-0.0986000000
2.0000000000	-0.0980000000
2.0000000000	-0.0976000000
2.0000000000	-0.0974000000
2.1000000000	-0.0972000000
2.1000000000	-0.0970000000
2.1000000000	-0.0970000000
2.0000000000	-0.0971000000
2.0000000000	-0.0971000000
2.0000000000	-0.0971000000
2.0000000000	-0.0971000000
2.0000000000	-0.0971000000
2.0000000000	-0.0971000000
2.0000000000	-0.0971000000
2.0000000000	-0.0971000000
2.1000000000	-0.0970000000
2.1000000000	-0.0969000000
2.1000000000	-0.0967000000
2.1000000000	-0.0966000000
2.1000000000	-0.0961000000
2.1000000000	-0.0956000000
2.1000000000	-0.0953000000
2.1000000000	-0.0947000000
2.0000000000	-0.0943000000
2.0000000000	-0.0942000000
2.0000000000	-0.0942000000
2.0000000000	-0.0942000000
2.0000000000	-0.0942000000
2.0000000000	-0.0942000000
2.0000000000	-0.0942000000
1.9000000000	-0.0942000000
1.9000000000	-0.0942000000
1.9000000000	-0.0942000000
1.9000000000	-0.0942000000
1.9000000000	-0.0942000000
2.0000000000	-0.0942000000
2.0000000000	-0.0942000000
1.9000000000	-0.0936000000
1.9000000000	-0.0930000000
1.8000000000	-0.0924000000
1.8000000000	-0.0922000000
1.8000000000	-0.0919000000
1.7000000000	-0.0916000000
1.7000000000	-0.0914000000
1.5000000000	-0.0906000000
1.4000000000	-0.0901000000
1.4000000000	-0.0899000000
1.3000000000	-0.0899000000
1.3000000000	-0.0899000000
1.3000000000	-0.0899000000
1.3000000000	-0.0899000000
1.3000000000	-0.0899000000
1.3000000000	-0.0899000000
1.3000000000	-0.0899000000
1.3000000000	-0.0899000000
1.3000000000	-0.0899000000
1.3000000000	-0.0897000000
1.2000000000	-0.0894000000
1.2000000000	-0.0890000000
1.1000000000	-0.0886000000
1.0000000000	-0.0883000000
1.0000000000	-0.0878000000
0.9000000000	-0.0873000000
0.7000000000	-0.0868000000
0.6000000000	-0.0861000000
0.5000000000	-0.0858000000
0.5000000000	-0.0857000000
0.5000000000	-0.0857000000
0.5000000000	-0.0857000000
0.5000000000	-0.0857000000
0.5000000000	-0.0857000000
0.5000000000	-0.0857000000
0.5000000000	-0.0857000000
0.5000000000	-0.0857000000
0.5000000000	-0.0857000000
0.5000000000	-0.0857000000
0.5000000000	-0.0857000000
0.5000000000	-0.0855000000
0.4000000000	-0.0850000000
0.3000000000	-0.0843000000
0.3000000000	-0.0841000000
0.3000000000	-0.0839000000
0.2000000000	-0.0834000000
0.2000000000	-0.0832000000
0.2000000000	-0.0831000000
0.2000000000	-0.0831000000
0.2000000000	-0.0831000000
0.2000000000	-0.0831000000
0.2000000000	-0.0831000000
0.2000000000	-0.0831000000
0.2000000000	-0.0831000000
0.2000000000	-0.0831000000
0.2000000000	-0.0831000000
0.2000000000	-0.0831000000
0.2000000000	-0.0826000000
0.1000000000	-0.0819000000
0.1000000000	-0.0811000000
0.1000000000	-0.0807000000
0.1000000000	-0.0803000000
0.0000000000	-0.0798000000
0.0000000000	-0.0792000000
0.0000000000	-0.0788000000
0.0000000000	-0.0785000000
0.0000000000	-0.0784000000
0.0000000000	-0.0784000000
0.0000000000	-0.0784000000
0.0000000000	-0.0784000000
0.0000000000	-0.0784000000
0.0000000000	-0.0784000000
0.0000000000	-0.0784000000
0.0000000000	-0.0784000000
0.0000000000	-0.0784000000
0.0000000000	-0.0784000000
0.0000000000	-0.0784000000
0.0000000000	-0.0784000000
0.0000000000	-0.0784000000
0.0000000000	-0.0784000000
0.0000000000	-0.0782000000
0.0000000000	-0.0781000000
0.1000000000	-0.0778000000
0.1000000000	-0.0776000000
0.1000000000	-0.0775000000
0.1000000000	-0.0768000000
0.1000000000	-0.0765000000
0.1000000000	-0.0764000000
0.1000000000	-0.0755000000
0.1000000000	-0.0751000000
0.1000000000	-0.0746000000
0.1000000000	-0.0742000000
0.1000000000	-0.0739000000
0.1000000000	-0.0733000000
0.1000000000	-0.0733000000
0.1000000000	-0.0733000000
0.1000000000	-0.0733000000
0.1000000000	-0.0733000000
0.1000000000	-0.0733000000
0.1000000000	-0.0733000000
0.1000000000	-0.0733000000
0.1000000000	-0.0733000000
0.1000000000	-0.0733000000
0.1000000000	-0.0733000000
0.1000000000	-0.0733000000
0.1000000000	-0.0733000000
0.1000000000	-0.0728000000
0.1000000000	-0.0724000000
0.1000000000	-0.0722000000
0.1000000000	-0.0717000000
0.1000000000	-0.0710000000
0.1000000000	-0.0706000000
0.1000000000	-0.0702000000
0.1000000000	-0.0696000000
0.1000000000	-0.0692000000
0.1000000000	-0.0684000000
0.1000000000	-0.0678000000
0.1000000000	-0.0677000000
0.1000000000	-0.0677000000
0.1000000000	-0.0677000000
0.1000000000	-0.0677000000
0.1000000000	-0.0677000000
0.1000000000	-0.0677000000
0.1000000000	-0.0677000000
0.1000000000	-0.0677000000
0.1000000000	-0.0677000000
0.1000000000	-0.0677000000
0.1000000000	-0.0677000000
0.1000000000	-0.0677000000
0.0000000000	-0.0672000000
0.0000000000	-0.0665000000
0.0000000000	-0.0659000000
0.0000000000	-0.0653000000
0.0000000000	-0.0646000000
0.0000000000	-0.0643000000
0.0000000000	-0.0638000000
0.0000000000	-0.0634000000
0.0000000000	-0.0628000000
0.0000000000	-0.0622000000
0.0000000000	-0.0621000000
0.0000000000	-0.0621000000
0.0000000000	-0.0622000000
0.0000000000	-0.0622000000
0.0000000000	-0.0622000000
0.0000000000	-0.0622000000
0.0000000000	-0.0622000000
0.0000000000	-0.0622000000
0.0000000000	-0.0622000000
0.0000000000	-0.0622000000
0.0000000000	-0.0621000000
0.0000000000	-0.0621000000
0.0000000000	-0.0614000000
0.0000000000	-0.0609000000
0.0000000000	-0.0605000000
0.0000000000	-0.0599000000
0.0000000000	-0.0595000000
0.0000000000	-0.0589000000
0.1000000000	-0.0581000000
0.1000000000	-0.0578000000
0.1000000000	-0.0575000000
0.1000000000	-0.0571000000
0.1000000000	-0.0569000000
0.1000000000	-0.0569000000
0.1000000000	-0.0569000000
0.1000000000	-0.0570000000
0.1000000000	-0.0570000000
0.1000000000	-0.0570000000
0.1000000000	-0.0570000000
0.1000000000	-0.0570000000
0.1000000000	-0.0570000000
0.1000000000	-0.0570000000
0.1000000000	-0.0569000000
0.1000000000	-0.0569000000
0.1000000000	-0.0569000000
0.1000000000	-0.0567000000
0.1000000000	-0.0558000000
0.0000000000	-0.0553000000
0.0000000000	-0.0549000000
0.0000000000	-0.0545000000
0.0000000000	-0.0540000000
0.0000000000	-0.0533000000
0.0000000000	-0.0527000000
0.0000000000	-0.0520000000
0.0000000000	-0.0517000000
0.0000000000	-0.0514000000
0.0000000000	-0.0512000000
0.0000000000	-0.0512000000
0.0000000000	-0.0512000000
0.0000000000	-0.0513000000
0.0000000000	-0.0513000000
0.0000000000	-0.0513000000
0.0000000000	-0.0513000000
0.0000000000	-0.0513000000
0.0000000000	-0.0513000000
0.0000000000	-0.0512000000
0.0000000000	-0.0512000000
0.0000000000	-0.0512000000
0.0000000000	-0.0507000000
0.0000000000	-0.0503000000
0.0000000000	-0.0500000000
0.0000000000	-0.0497000000
0.0000000000	-0.0493000000
0.0000000000	-0.0489000000
0.0000000000	-0.0485000000
0.0000000000	-0.0481000000
0.0000000000	-0.0478000000
0.0000000000	-0.0472000000
0.0000000000	-0.0464000000
0.0000000000	-0.0458000000
0.0000000000	-0.0458000000
0.0000000000	-0.0458000000
0.0000000000	-0.0459000000
0.0000000000	-0.0459000000
0.0000000000	-0.0459000000
0.0000000000	-0.0459000000
0.0000000000	-0.0459000000
0.0000000000	-0.0459000000
0.0000000000	-0.0459000000
0.0000000000	-0.0458000000
0.0000000000	-0.0458000000
0.0000000000	-0.0458000000
0.0000000000	-0.0452000000
0.0000000000	-0.0444000000
0.0000000000	-0.0435000000
0.0000000000	-0.0429000000
0.0000000000	-0.0427000000
0.0000000000	-0.0423000000
0.0000000000	-0.0421000000
0.0000000000	-0.0420000000
0.0000000000	-0.0414000000
0.0000000000	-0.0409000000
0.0000000000	-0.0407000000
0.0000000000	-0.0406000000
0.0000000000	-0.0406000000
0.0000000000	-0.0406000000
0.0000000000	-0.0407000000
0.0000000000	-0.0407000000
0.0000000000	-0.0407000000
0.0000000000	-0.0407000000
0.0000000000	-0.0407000000
0.0000000000	-0.0406000000
0.0000000000	-0.0406000000
0.0000000000	-0.0406000000
0.0000000000	-0.0401000000
0.0000000000	-0.0394000000
0.0000000000	-0.0388000000
0.0000000000	-0.0383000000
0.0000000000	-0.0379000000
0.0000000000	-0.0372000000
0.0000000000	-0.0368000000
0.0000000000	-0.0366000000
0.0000000000	-0.0363000000
0.0000000000	-0.0362000000
0.0000000000	-0.0359000000
0.0000000000	-0.0357000000
0.0000000000	-0.0357000000
0.0000000000	-0.0357000000
0.0000000000	-0.0358000000
0.0000000000	-0.0358000000
0.0000000000	-0.0358000000
0.0000000000	-0.0358000000
0.0000000000	-0.0358000000
0.0000000000	-0.0358000000
0.0000000000	-0.0357000000
0.0000000000	-0.0357000000
0.0000000000	-0.0354000000
0.0000000000	-0.0346000000
0.0000000000	-0.0341000000
0.0000000000	-0.0336000000
0.0000000000	-0.0332000000
0.0000000000	-0.0328000000
0.0000000000	-0.0323000000
0.0000000000	-0.0319000000
0.0000000000	-0.0315000000
0.0000000000	-0.0313000000
0.0000000000	-0.0312000000
0.0000000000	-0.0312000000
0.0000000000	-0.0312000000
0.0000000000	-0.0312000000
0.0000000000	-0.0313000000
0.0000000000	-0.0313000000
0.0000000000	-0.0313000000
0.0000000000	-0.0313000000
0.0000000000	-0.0313000000
0.0000000000	-0.0312000000
0.0000000000	-0.0312000000
0.0000000000	-0.0312000000
0.0000000000	-0.0309000000
0.0000000000	-0.0302000000
0.0000000000	-0.0297000000
0.0000000000	-0.0295000000
0.0000000000	-0.0290000000
0.0000000000	-0.0286000000
0.0000000000	-0.0282000000
0.0000000000	-0.0275000000
0.0000000000	-0.0270000000
0.0000000000	-0.0267000000
0.0000000000	-0.0266000000
0.0000000000	-0.0266000000
0.0000000000	-0.0266000000
0.0000000000	-0.0266000000
0.0000000000	-0.0266000000
0.0000000000	-0.0266000000
0.0000000000	-0.0266000000
0.0000000000	-0.0266000000
0.0000000000	-0.0266000000
0.0000000000	-0.0266000000
0.0000000000	-0.0266000000
0.0000000000	-0.0266000000
0.0000000000	-0.0261000000
0.0000000000	-0.0255000000
0.0000000000	-0.0252000000
0.0000000000	-0.0250000000
0.0000000000	-0.0247000000
0.0000000000	-0.0241000000
0.0000000000	-0.0233000000
0.0000000000	-0.0231000000
0.0000000000	-0.0229000000
0.0000000000	-0.0227000000
0.0000000000	-0.0225000000
0.0000000000	-0.0220000000
0.0000000000	-0.0218000000
0.0000000000	-0.0217000000
0.0000000000	-0.0217000000
0.0000000000	-0.0217000000
0.0000000000	-0.0217000000
0.0000000000	-0.0217000000
0.0000000000	-0.0217000000
0.0000000000	-0.0217000000
0.0000000000	-0.0217000000
0.0000000000	-0.0217000000
0.0000000000	-0.0217000000
0.0000000000	-0.0217000000
0.0000000000	-0.0217000000
0.0000000000	-0.0217000000
0.0000000000	-0.0212000000
0.0000000000	-0.0205000000
0.0000000000	-0.0197000000
0.0000000000	-0.0191000000
0.0000000000	-0.0186000000
0.0000000000	-0.0182000000
0.0000000000	-0.0174000000
0.0000000000	-0.0169000000
0.0000000000	-0.0166000000
0.0000000000	-0.0163000000
0.0000000000	-0.0160000000
0.0000000000	-0.0160000000
0.0000000000	-0.0160000000
0.0000000000	-0.0160000000
0.0000000000	-0.0160000000
0.0000000000	-0.0160000000
0.0000000000	-0.0160000000
0.0000000000	-0.0160000000
0.0000000000	-0.0160000000
0.0000000000	-0.0160000000
0.0000000000	-0.0160000000
0.0000000000	-0.0160000000
0.0000000000	-0.0160000000
0.0000000000	-0.0160000000
0.0000000000	-0.0158000000
0.0000000000	-0.0152000000
0.0000000000	-0.0149000000
0.0000000000	-0.0145000000
0.0000000000	-0.0138000000
0.0000000000	-0.0135000000
0.0000000000	-0.0131000000
0.0000000000	-0.0126000000
0.0000000000	-0.0121000000
0.0000000000	-0.0116000000
0.0000000000	-0.0111000000
0.0000000000	-0.0110000000
0.0000000000	-0.0110000000
0.0000000000	-0.0110000000
0.0000000000	-0.0110000000
0.0000000000	-0.0110000000
0.0000000000	-0.0110000000
0.0000000000	-0.0110000000
0.0000000000	-0.0110000000
0.0000000000	-0.0110000000
0.0000000000	-0.0110000000
0.0000000000	-0.0104000000
0.0000000000	-0.0099000000
0.0000000000	-0.0096000000
0.0000000000	-0.0092000000
0.0000000000	-0.0087000000
0.0000000000	-0.0082000000
0.0000000000	-0.0076000000
0.0000000000	-0.0072000000
0.0000000000	-0.0068000000
0.0000000000	-0.0063000000
0.0000000000	-0.0060000000
0.0000000000	-0.0057000000
0.0000000000	-0.0057000000
0.0000000000	-0.0057000000
0.0000000000	-0.0057000000
0.0000000000	-0.0057000000
0.0000000000	-0.0057000000
0.0000000000	-0.0057000000
0.0000000000	-0.0057000000
0.0000000000	-0.0057000000
0.0000000000	-0.0057000000
0.0000000000	-0.0054000000
0.0000000000	-0.0044000000
0.0000000000	-0.0034000000
0.0000000000	-0.0029000000
0.0000000000	-0.0022000000
0.0000000000	-0.0017000000
0.0000000000	-0.0009860000
0.0000000000	-0.0002170000
0.0000000000	-0.0000197000
0.0000000000	0.0000000000
0.0000000000	0.0000000000
0.0000000000	0.0000197000
0.0000000000	0.0000197000
0.0000000000	0.0000197000
0.0000000000	0.0000197000
0.0000000000	0.0000197000
0.0000000000	0.0000000000
0.0000000000	0.0000000000
0.0000000000	0.0000000000
0.0000000000	0.0000000000
0.0000000000	0.0000000000
0.0000000000	0.0000000000
0.0000000000	0.0000000000
0.0000000000	0.0000000000
0.0000000000	0.0000000000
0.0000000000	0.0000000000
0.0000000000	0.0000000000
0.0000000000	0.0000000000
0.0000000000	0.0000000000
0.0000000000	0.0000000000
0.0000000000	0.0000000000
0.0000000000	0.0000000000
0.0000000000	0.0000000000
0.0000000000	0.0000000000
0.0000000000	0.0000000000
0.0000000000	0.0000000000
0.0000000000	0.0000000000
0.0000000000	0.0000000000
0.0000000000	0.0000000000
0.0000000000	0.0000000000
0.0000000000	0.0000000000
0.0000000000	0.0000000000
0.0000000000	0.0000000000
0.0000000000	0.0000000000
0.0000000000	0.0000000000
0.0000000000	0.0000000000
0.0000000000	0.0000000000
0.0000000000	0.0000000000
0.0000000000	0.0000000000
0.0000000000	0.0000000000
0.0000000000	0.0000000000
0.0000000000	0.0000000000
0.0000000000	0.0000000000
0.0000000000	0.0000000000
0.0000000000	0.0000000000
0.0000000000	0.0000000000
0.0000000000	0.0000000000
0.0000000000	0.0000000000
0.0000000000	0.0000000000
0.0000000000	0.0000000000
0.0000000000	0.0000000000
0.0000000000	0.0000000000
0.0000000000	0.0000000000
0.0000000000	0.0000000000
0.0000000000	0.0000000000
0.0000000000	0.0000000000
0.0000000000	0.0000000000
0.0000000000	0.0000000000
0.0000000000	0.0000000000
0.0000000000	0.0000000000
0.0000000000	0.0000000000
0.0000000000	0.0000000000
0.0000000000	0.0000000000
0.0000000000	0.0000000000
0.0000000000	0.0000000000
0.0000000000	0.0000000000
0.0000000000	0.0000000000
0.0000000000	0.0000000000
0.0000000000	0.0000000000
0.0000000000	0.0000000000
0.0000000000	0.0000000000
0.0000000000	0.0000000000
0.0000000000	0.0000000000
0.0000000000	0.0000000000
0.0000000000	0.0000000000
0.0000000000	0.0000000000
0.0000000000	0.0000000000
0.0000000000	0.0000000000
0.0000000000	0.0000000000
0.0000000000	0.0000000000
0.0000000000	0.0000000000
0.0000000000	0.0000000000
0.0000000000	0.0000000000
0.0000000000	0.0000000000
0.0000000000	0.0000000000
0.0000000000	0.0000000000
0.0000000000	0.0000000000
0.0000000000	0.0000000000
0.0000000000	0.0000000000
0.0000000000	0.0000000000
0.0000000000	0.0000000000
0.0000000000	0.0000000000
