Light Intensity (% of scale max) Alessandra_0.02_1.5_lampadina_old	Position (m) Alessandra_0.02_1.5_lampadina_old
0.2000000000	0.0000000000
0.2000000000	0.0000000000
0.2000000000	0.0000000000
0.2000000000	0.0000000000
0.2000000000	0.0000000000
0.2000000000	0.0000000000
0.2000000000	0.0000000000
0.2000000000	0.0000000000
0.2000000000	0.0000000000
0.2000000000	0.0000000000
0.2000000000	0.0000000000
0.2000000000	0.0000000000
0.2000000000	0.0000000000
0.2000000000	0.0000000000
0.2000000000	0.0000000000
0.2000000000	0.0000000000
0.2000000000	0.0000000000
0.2000000000	0.0000000000
0.2000000000	0.0000000000
0.2000000000	0.0000000000
0.2000000000	0.0000000000
0.2000000000	0.0000000000
0.2000000000	0.0000000000
0.2000000000	0.0000000000
0.2000000000	0.0000000000
0.2000000000	0.0000000000
0.2000000000	0.0000000000
0.2000000000	0.0000000000
0.2000000000	0.0000000000
0.2000000000	0.0000000000
0.2000000000	0.0000000000
0.2000000000	0.0000000000
0.2000000000	0.0000000000
0.2000000000	0.0000000000
0.2000000000	0.0000000000
0.2000000000	0.0000000000
0.2000000000	0.0000000000
0.2000000000	0.0000000000
0.2000000000	0.0000000000
0.2000000000	0.0000000000
0.2000000000	0.0000000000
0.2000000000	0.0000000000
0.2000000000	0.0000000000
0.2000000000	0.0000000000
0.2000000000	0.0000000000
0.2000000000	-0.0000197000
0.2000000000	-0.0000197000
0.2000000000	-0.0000197000
0.2000000000	-0.0000197000
0.2000000000	-0.0000197000
0.2000000000	-0.0000197000
0.2000000000	-0.0000197000
0.2000000000	-0.0000197000
0.2000000000	-0.0000197000
0.2000000000	-0.0000197000
0.2000000000	-0.0000197000
0.2000000000	-0.0000197000
0.2000000000	-0.0000197000
0.2000000000	-0.0000197000
0.2000000000	-0.0000197000
0.2000000000	-0.0000197000
0.2000000000	-0.0000197000
0.2000000000	-0.0000197000
0.2000000000	-0.0000197000
0.2000000000	-0.0000197000
0.2000000000	-0.0000395000
0.2000000000	-0.0000395000
0.2000000000	-0.0000395000
0.2000000000	-0.0000395000
0.2000000000	-0.0000395000
0.2000000000	-0.0000395000
0.2000000000	-0.0000197000
0.2000000000	-0.0000197000
0.2000000000	-0.0000197000
0.2000000000	-0.0000197000
0.2000000000	-0.0000197000
0.2000000000	-0.0000197000
0.2000000000	-0.0000197000
0.2000000000	-0.0000197000
0.2000000000	-0.0000197000
0.2000000000	-0.0000197000
0.2000000000	-0.0000197000
0.2000000000	-0.0000197000
0.2000000000	-0.0000197000
0.2000000000	-0.0000197000
0.2000000000	-0.0000197000
0.2000000000	-0.0000197000
0.2000000000	-0.0000197000
0.2000000000	-0.0000197000
0.2000000000	-0.0000197000
0.2000000000	-0.0000197000
0.2000000000	-0.0000197000
0.2000000000	-0.0000197000
0.2000000000	-0.0000197000
0.2000000000	-0.0000197000
0.2000000000	-0.0000197000
0.2000000000	-0.0000197000
0.2000000000	-0.0000197000
0.2000000000	-0.0000197000
0.2000000000	-0.0000197000
0.2000000000	-0.0000197000
0.2000000000	-0.0000197000
0.2000000000	-0.0000197000
0.2000000000	-0.0000395000
0.2000000000	-0.0000395000
0.2000000000	-0.0000395000
0.2000000000	-0.0000395000
0.2000000000	-0.0000395000
0.2000000000	-0.0001180000
0.2000000000	-0.0002170000
0.2000000000	-0.0002370000
0.2000000000	-0.0003160000
0.2000000000	-0.0003350000
0.2000000000	-0.0003550000
0.2000000000	-0.0003550000
0.2000000000	-0.0003750000
0.2000000000	-0.0003750000
0.2000000000	-0.0003750000
0.2000000000	-0.0003750000
0.2000000000	-0.0003750000
0.2000000000	-0.0003750000
0.2000000000	-0.0003750000
0.2000000000	-0.0003950000
0.2000000000	-0.0003950000
0.2000000000	-0.0004140000
0.2000000000	-0.0007690000
0.2000000000	-0.0020000000
0.2000000000	-0.0047000000
0.2000000000	-0.0063000000
0.2000000000	-0.0073000000
0.2000000000	-0.0079000000
0.2000000000	-0.0081000000
0.2000000000	-0.0084000000
0.2000000000	-0.0088000000
0.2000000000	-0.0088000000
0.2000000000	-0.0088000000
0.2000000000	-0.0088000000
0.2000000000	-0.0088000000
0.2000000000	-0.0088000000
0.2000000000	-0.0088000000
0.2000000000	-0.0088000000
0.2000000000	-0.0088000000
0.2000000000	-0.0088000000
0.2000000000	-0.0088000000
0.2000000000	-0.0088000000
0.2000000000	-0.0088000000
0.2000000000	-0.0088000000
0.2000000000	-0.0088000000
0.2000000000	-0.0088000000
0.2000000000	-0.0088000000
0.2000000000	-0.0088000000
0.2000000000	-0.0088000000
0.2000000000	-0.0088000000
0.2000000000	-0.0088000000
0.2000000000	-0.0088000000
0.2000000000	-0.0088000000
0.2000000000	-0.0088000000
0.2000000000	-0.0088000000
0.2000000000	-0.0088000000
0.2000000000	-0.0088000000
0.2000000000	-0.0088000000
0.2000000000	-0.0088000000
0.2000000000	-0.0088000000
0.2000000000	-0.0088000000
0.2000000000	-0.0090000000
0.2000000000	-0.0093000000
0.2000000000	-0.0093000000
0.2000000000	-0.0093000000
0.2000000000	-0.0093000000
0.2000000000	-0.0093000000
0.2000000000	-0.0093000000
0.2000000000	-0.0093000000
0.2000000000	-0.0093000000
0.2000000000	-0.0093000000
0.2000000000	-0.0093000000
0.2000000000	-0.0093000000
0.2000000000	-0.0093000000
0.2000000000	-0.0093000000
0.2000000000	-0.0093000000
0.2000000000	-0.0093000000
0.2000000000	-0.0093000000
0.2000000000	-0.0093000000
0.2000000000	-0.0093000000
0.2000000000	-0.0093000000
0.2000000000	-0.0093000000
0.2000000000	-0.0093000000
0.2000000000	-0.0093000000
0.2000000000	-0.0094000000
0.2000000000	-0.0094000000
0.2000000000	-0.0094000000
0.2000000000	-0.0094000000
0.2000000000	-0.0094000000
0.2000000000	-0.0094000000
0.2000000000	-0.0094000000
0.2000000000	-0.0094000000
0.2000000000	-0.0094000000
0.2000000000	-0.0094000000
0.2000000000	-0.0094000000
0.2000000000	-0.0094000000
0.2000000000	-0.0094000000
0.2000000000	-0.0094000000
0.2000000000	-0.0094000000
0.2000000000	-0.0094000000
0.2000000000	-0.0094000000
0.2000000000	-0.0094000000
0.2000000000	-0.0094000000
0.2000000000	-0.0094000000
0.2000000000	-0.0094000000
0.2000000000	-0.0094000000
0.2000000000	-0.0094000000
0.2000000000	-0.0094000000
0.2000000000	-0.0094000000
0.2000000000	-0.0094000000
0.2000000000	-0.0094000000
0.2000000000	-0.0094000000
0.2000000000	-0.0094000000
0.2000000000	-0.0094000000
0.2000000000	-0.0094000000
0.2000000000	-0.0094000000
0.2000000000	-0.0094000000
0.2000000000	-0.0095000000
0.2000000000	-0.0095000000
0.2000000000	-0.0095000000
0.2000000000	-0.0095000000
0.2000000000	-0.0095000000
0.2000000000	-0.0095000000
0.2000000000	-0.0095000000
0.2000000000	-0.0095000000
0.2000000000	-0.0095000000
0.2000000000	-0.0095000000
0.2000000000	-0.0095000000
0.2000000000	-0.0095000000
0.2000000000	-0.0095000000
0.2000000000	-0.0095000000
0.2000000000	-0.0095000000
0.2000000000	-0.0095000000
0.2000000000	-0.0095000000
0.2000000000	-0.0095000000
0.2000000000	-0.0095000000
0.2000000000	-0.0095000000
0.2000000000	-0.0095000000
0.2000000000	-0.0095000000
0.2000000000	-0.0095000000
0.2000000000	-0.0095000000
0.2000000000	-0.0095000000
0.2000000000	-0.0096000000
0.2000000000	-0.0105000000
0.2000000000	-0.0124000000
0.2000000000	-0.0145000000
0.2000000000	-0.0166000000
0.2000000000	-0.0176000000
0.2000000000	-0.0176000000
0.2000000000	-0.0176000000
0.2000000000	-0.0176000000
0.2000000000	-0.0176000000
0.2000000000	-0.0177000000
0.2000000000	-0.0177000000
0.2000000000	-0.0177000000
0.2000000000	-0.0178000000
0.2000000000	-0.0179000000
0.2000000000	-0.0179000000
0.2000000000	-0.0179000000
0.2000000000	-0.0179000000
0.2000000000	-0.0179000000
0.2000000000	-0.0179000000
0.2000000000	-0.0179000000
0.2000000000	-0.0179000000
0.2000000000	-0.0180000000
0.2000000000	-0.0180000000
0.2000000000	-0.0180000000
0.2000000000	-0.0180000000
0.2000000000	-0.0180000000
0.2000000000	-0.0180000000
0.2000000000	-0.0180000000
0.2000000000	-0.0180000000
0.2000000000	-0.0180000000
0.2000000000	-0.0180000000
0.2000000000	-0.0180000000
0.2000000000	-0.0185000000
0.2000000000	-0.0196000000
0.2000000000	-0.0196000000
0.2000000000	-0.0196000000
0.2000000000	-0.0196000000
0.2000000000	-0.0196000000
0.2000000000	-0.0196000000
0.2000000000	-0.0196000000
0.2000000000	-0.0196000000
0.2000000000	-0.0196000000
0.2000000000	-0.0197000000
0.2000000000	-0.0197000000
0.2000000000	-0.0197000000
0.2000000000	-0.0197000000
0.2000000000	-0.0205000000
0.2000000000	-0.0226000000
0.2000000000	-0.0247000000
0.2000000000	-0.0265000000
0.2000000000	-0.0275000000
0.2000000000	-0.0276000000
0.2000000000	-0.0278000000
0.2000000000	-0.0278000000
0.2000000000	-0.0278000000
0.2000000000	-0.0279000000
0.2000000000	-0.0281000000
0.2000000000	-0.0285000000
0.2000000000	-0.0293000000
0.2000000000	-0.0300000000
0.2000000000	-0.0304000000
0.2000000000	-0.0304000000
0.2000000000	-0.0305000000
0.2000000000	-0.0305000000
0.2000000000	-0.0305000000
0.2000000000	-0.0305000000
0.2000000000	-0.0305000000
0.2000000000	-0.0305000000
0.2000000000	-0.0305000000
0.2000000000	-0.0305000000
0.2000000000	-0.0305000000
0.2000000000	-0.0305000000
0.2000000000	-0.0305000000
0.2000000000	-0.0305000000
0.2000000000	-0.0305000000
0.2000000000	-0.0305000000
0.2000000000	-0.0305000000
0.2000000000	-0.0307000000
0.2000000000	-0.0327000000
0.2000000000	-0.0347000000
0.2000000000	-0.0359000000
0.2000000000	-0.0366000000
0.2000000000	-0.0371000000
0.2000000000	-0.0375000000
0.2000000000	-0.0378000000
0.2000000000	-0.0381000000
0.2000000000	-0.0387000000
0.2000000000	-0.0391000000
0.2000000000	-0.0398000000
0.2000000000	-0.0408000000
0.2000000000	-0.0418000000
0.2000000000	-0.0427000000
0.2000000000	-0.0433000000
0.2000000000	-0.0436000000
0.2000000000	-0.0437000000
0.2000000000	-0.0437000000
0.2000000000	-0.0437000000
0.2000000000	-0.0437000000
0.2000000000	-0.0437000000
0.2000000000	-0.0437000000
0.2000000000	-0.0437000000
0.2000000000	-0.0437000000
0.2000000000	-0.0437000000
0.2000000000	-0.0439000000
0.2000000000	-0.0442000000
0.2000000000	-0.0448000000
0.2000000000	-0.0454000000
0.2000000000	-0.0458000000
0.2000000000	-0.0459000000
0.2000000000	-0.0459000000
0.2000000000	-0.0460000000
0.2000000000	-0.0460000000
0.2000000000	-0.0464000000
0.2000000000	-0.0470000000
0.2000000000	-0.0474000000
0.2000000000	-0.0476000000
0.2000000000	-0.0480000000
0.2000000000	-0.0483000000
0.2000000000	-0.0484000000
0.2000000000	-0.0484000000
0.2000000000	-0.0484000000
0.2000000000	-0.0484000000
0.2000000000	-0.0485000000
0.2000000000	-0.0485000000
0.2000000000	-0.0485000000
0.2000000000	-0.0485000000
0.2000000000	-0.0485000000
0.2000000000	-0.0485000000
0.2000000000	-0.0485000000
0.2000000000	-0.0485000000
0.2000000000	-0.0485000000
0.2000000000	-0.0485000000
0.2000000000	-0.0485000000
0.2000000000	-0.0485000000
0.2000000000	-0.0485000000
0.2000000000	-0.0485000000
0.2000000000	-0.0485000000
0.2000000000	-0.0485000000
0.2000000000	-0.0485000000
0.2000000000	-0.0485000000
0.2000000000	-0.0487000000
0.2000000000	-0.0495000000
0.2000000000	-0.0497000000
0.2000000000	-0.0498000000
0.2000000000	-0.0498000000
0.2000000000	-0.0499000000
0.2000000000	-0.0503000000
0.2000000000	-0.0510000000
0.2000000000	-0.0518000000
0.2000000000	-0.0523000000
0.2000000000	-0.0528000000
0.2000000000	-0.0535000000
0.2000000000	-0.0540000000
0.2000000000	-0.0543000000
0.2000000000	-0.0546000000
0.2000000000	-0.0549000000
0.2000000000	-0.0552000000
0.2000000000	-0.0558000000
0.2000000000	-0.0563000000
0.2000000000	-0.0564000000
0.2000000000	-0.0564000000
0.2000000000	-0.0564000000
0.2000000000	-0.0565000000
0.2000000000	-0.0565000000
0.2000000000	-0.0565000000
0.2000000000	-0.0565000000
0.2000000000	-0.0566000000
0.2000000000	-0.0573000000
0.2000000000	-0.0581000000
0.2000000000	-0.0584000000
0.2000000000	-0.0586000000
0.2000000000	-0.0590000000
0.2000000000	-0.0595000000
0.2000000000	-0.0596000000
0.2000000000	-0.0596000000
0.2000000000	-0.0601000000
0.2000000000	-0.0604000000
0.2000000000	-0.0609000000
0.2000000000	-0.0615000000
0.2000000000	-0.0623000000
0.2000000000	-0.0628000000
0.2000000000	-0.0630000000
0.2000000000	-0.0631000000
0.2000000000	-0.0632000000
0.2000000000	-0.0634000000
0.2000000000	-0.0638000000
0.2000000000	-0.0641000000
0.2000000000	-0.0643000000
0.2000000000	-0.0647000000
0.2000000000	-0.0652000000
0.2000000000	-0.0655000000
0.2000000000	-0.0658000000
0.2000000000	-0.0661000000
0.2000000000	-0.0666000000
0.2000000000	-0.0669000000
0.2000000000	-0.0669000000
0.2000000000	-0.0670000000
0.2000000000	-0.0671000000
0.2000000000	-0.0671000000
0.2000000000	-0.0671000000
0.2000000000	-0.0671000000
0.2000000000	-0.0671000000
0.2000000000	-0.0672000000
0.2000000000	-0.0673000000
0.2000000000	-0.0678000000
0.2000000000	-0.0682000000
0.2000000000	-0.0684000000
0.2000000000	-0.0686000000
0.2000000000	-0.0688000000
0.2000000000	-0.0694000000
0.3000000000	-0.0699000000
0.3000000000	-0.0702000000
0.3000000000	-0.0704000000
0.3000000000	-0.0706000000
0.3000000000	-0.0711000000
0.3000000000	-0.0720000000
0.4000000000	-0.0726000000
0.4000000000	-0.0729000000
0.4000000000	-0.0729000000
0.4000000000	-0.0729000000
0.4000000000	-0.0729000000
0.4000000000	-0.0729000000
0.4000000000	-0.0729000000
0.4000000000	-0.0730000000
0.4000000000	-0.0730000000
0.4000000000	-0.0730000000
0.4000000000	-0.0730000000
0.4000000000	-0.0730000000
0.4000000000	-0.0730000000
0.4000000000	-0.0731000000
0.4000000000	-0.0731000000
0.4000000000	-0.0731000000
0.4000000000	-0.0731000000
0.4000000000	-0.0731000000
0.4000000000	-0.0731000000
0.4000000000	-0.0731000000
0.4000000000	-0.0731000000
0.4000000000	-0.0731000000
0.4000000000	-0.0731000000
0.4000000000	-0.0731000000
0.4000000000	-0.0731000000
0.4000000000	-0.0731000000
0.4000000000	-0.0731000000
0.4000000000	-0.0731000000
0.4000000000	-0.0731000000
0.4000000000	-0.0737000000
0.4000000000	-0.0742000000
0.4000000000	-0.0745000000
0.4000000000	-0.0749000000
0.4000000000	-0.0759000000
0.4000000000	-0.0766000000
0.4000000000	-0.0766000000
0.4000000000	-0.0766000000
0.4000000000	-0.0766000000
0.4000000000	-0.0766000000
0.4000000000	-0.0766000000
0.4000000000	-0.0767000000
0.4000000000	-0.0767000000
0.4000000000	-0.0767000000
0.4000000000	-0.0767000000
0.4000000000	-0.0767000000
0.4000000000	-0.0768000000
0.4000000000	-0.0768000000
0.4000000000	-0.0770000000
0.5000000000	-0.0772000000
0.5000000000	-0.0772000000
0.5000000000	-0.0773000000
0.5000000000	-0.0780000000
0.5000000000	-0.0792000000
0.6000000000	-0.0803000000
0.6000000000	-0.0808000000
0.7000000000	-0.0811000000
0.7000000000	-0.0815000000
0.7000000000	-0.0820000000
0.8000000000	-0.0829000000
0.9000000000	-0.0840000000
1.0000000000	-0.0852000000
1.0000000000	-0.0864000000
1.1000000000	-0.0873000000
1.1000000000	-0.0877000000
1.2000000000	-0.0882000000
1.2000000000	-0.0883000000
1.2000000000	-0.0883000000
1.2000000000	-0.0885000000
1.2000000000	-0.0889000000
1.2000000000	-0.0895000000
1.2000000000	-0.0897000000
1.3000000000	-0.0898000000
1.3000000000	-0.0899000000
1.3000000000	-0.0900000000
1.3000000000	-0.0900000000
1.3000000000	-0.0900000000
1.3000000000	-0.0901000000
1.3000000000	-0.0901000000
1.3000000000	-0.0901000000
1.3000000000	-0.0902000000
1.3000000000	-0.0902000000
1.3000000000	-0.0902000000
1.3000000000	-0.0902000000
1.3000000000	-0.0902000000
1.3000000000	-0.0902000000
1.3000000000	-0.0902000000
1.3000000000	-0.0902000000
1.3000000000	-0.0902000000
1.3000000000	-0.0902000000
1.3000000000	-0.0902000000
1.3000000000	-0.0902000000
1.3000000000	-0.0902000000
1.3000000000	-0.0902000000
1.3000000000	-0.0902000000
1.3000000000	-0.0902000000
1.3000000000	-0.0902000000
1.3000000000	-0.0902000000
1.3000000000	-0.0905000000
1.3000000000	-0.0915000000
1.3000000000	-0.0932000000
1.3000000000	-0.0943000000
1.3000000000	-0.0948000000
1.2000000000	-0.0948000000
1.2000000000	-0.0949000000
1.2000000000	-0.0953000000
1.1000000000	-0.0965000000
1.1000000000	-0.0973000000
1.1000000000	-0.0977000000
1.0000000000	-0.0986000000
1.0000000000	-0.0998000000
0.9000000000	-0.1011000000
0.9000000000	-0.1020000000
0.9000000000	-0.1026000000
0.9000000000	-0.1030000000
0.9000000000	-0.1030000000
0.9000000000	-0.1032000000
0.9000000000	-0.1036000000
0.9000000000	-0.1043000000
0.9000000000	-0.1051000000
0.9000000000	-0.1057000000
0.9000000000	-0.1062000000
1.0000000000	-0.1065000000
1.0000000000	-0.1066000000
1.0000000000	-0.1066000000
1.0000000000	-0.1066000000
1.0000000000	-0.1066000000
1.0000000000	-0.1066000000
1.0000000000	-0.1066000000
1.0000000000	-0.1066000000
1.0000000000	-0.1066000000
1.0000000000	-0.1067000000
1.0000000000	-0.1067000000
1.0000000000	-0.1067000000
1.0000000000	-0.1067000000
1.0000000000	-0.1067000000
1.0000000000	-0.1067000000
1.0000000000	-0.1067000000
1.0000000000	-0.1077000000
0.9000000000	-0.1089000000
0.8000000000	-0.1099000000
0.7000000000	-0.1103000000
0.7000000000	-0.1104000000
0.7000000000	-0.1105000000
0.7000000000	-0.1107000000
0.6000000000	-0.1111000000
0.6000000000	-0.1116000000
0.5000000000	-0.1119000000
0.5000000000	-0.1121000000
0.5000000000	-0.1122000000
0.5000000000	-0.1122000000
0.5000000000	-0.1122000000
0.5000000000	-0.1122000000
0.5000000000	-0.1122000000
0.5000000000	-0.1122000000
0.5000000000	-0.1122000000
0.5000000000	-0.1123000000
0.5000000000	-0.1123000000
0.5000000000	-0.1123000000
0.5000000000	-0.1123000000
0.5000000000	-0.1123000000
0.5000000000	-0.1123000000
0.5000000000	-0.1123000000
0.5000000000	-0.1123000000
0.5000000000	-0.1123000000
0.5000000000	-0.1123000000
0.5000000000	-0.1123000000
0.5000000000	-0.1123000000
0.5000000000	-0.1123000000
0.5000000000	-0.1123000000
0.5000000000	-0.1123000000
0.5000000000	-0.1123000000
0.5000000000	-0.1123000000
0.5000000000	-0.1123000000
0.5000000000	-0.1123000000
0.5000000000	-0.1123000000
0.5000000000	-0.1123000000
0.5000000000	-0.1123000000
0.5000000000	-0.1123000000
0.5000000000	-0.1123000000
0.5000000000	-0.1123000000
0.5000000000	-0.1123000000
0.5000000000	-0.1123000000
0.5000000000	-0.1123000000
0.5000000000	-0.1123000000
0.5000000000	-0.1123000000
0.5000000000	-0.1123000000
0.5000000000	-0.1123000000
0.5000000000	-0.1123000000
0.5000000000	-0.1123000000
0.5000000000	-0.1123000000
0.5000000000	-0.1123000000
0.5000000000	-0.1123000000
0.5000000000	-0.1123000000
0.5000000000	-0.1123000000
0.5000000000	-0.1123000000
0.5000000000	-0.1123000000
0.5000000000	-0.1123000000
0.5000000000	-0.1123000000
0.5000000000	-0.1123000000
0.5000000000	-0.1123000000
0.5000000000	-0.1123000000
0.5000000000	-0.1123000000
0.5000000000	-0.1123000000
0.5000000000	-0.1123000000
0.5000000000	-0.1123000000
0.5000000000	-0.1123000000
0.5000000000	-0.1123000000
0.5000000000	-0.1123000000
0.5000000000	-0.1123000000
0.5000000000	-0.1123000000
0.5000000000	-0.1123000000
0.5000000000	-0.1123000000
0.5000000000	-0.1123000000
0.5000000000	-0.1123000000
0.5000000000	-0.1123000000
0.5000000000	-0.1123000000
0.5000000000	-0.1123000000
0.5000000000	-0.1123000000
0.5000000000	-0.1123000000
0.5000000000	-0.1123000000
0.5000000000	-0.1123000000
0.5000000000	-0.1123000000
0.5000000000	-0.1123000000
0.5000000000	-0.1123000000
0.5000000000	-0.1123000000
0.5000000000	-0.1123000000
0.5000000000	-0.1123000000
0.5000000000	-0.1123000000
0.5000000000	-0.1123000000
0.5000000000	-0.1123000000
0.5000000000	-0.1123000000
0.5000000000	-0.1123000000
0.5000000000	-0.1123000000
0.5000000000	-0.1123000000
0.5000000000	-0.1123000000
0.5000000000	-0.1123000000
0.5000000000	-0.1123000000
0.5000000000	-0.1123000000
0.5000000000	-0.1123000000
0.5000000000	-0.1123000000
0.5000000000	-0.1123000000
0.5000000000	-0.1123000000
0.5000000000	-0.1123000000
0.5000000000	-0.1123000000
0.5000000000	-0.1123000000
0.5000000000	-0.1123000000
0.5000000000	-0.1123000000
0.5000000000	-0.1123000000
0.5000000000	-0.1123000000
0.5000000000	-0.1123000000
0.5000000000	-0.1123000000
0.5000000000	-0.1123000000
0.5000000000	-0.1123000000
0.5000000000	-0.1123000000
0.5000000000	-0.1123000000
0.5000000000	-0.1123000000
0.5000000000	-0.1123000000
0.5000000000	-0.1123000000
0.5000000000	-0.1123000000
0.5000000000	-0.1123000000
0.5000000000	-0.1123000000
0.5000000000	-0.1123000000
0.5000000000	-0.1123000000
0.5000000000	-0.1123000000
0.5000000000	-0.1123000000
0.5000000000	-0.1123000000
0.5000000000	-0.1123000000
0.5000000000	-0.1123000000
0.5000000000	-0.1123000000
0.5000000000	-0.1123000000
0.5000000000	-0.1123000000
0.5000000000	-0.1123000000
0.5000000000	-0.1123000000
0.5000000000	-0.1121000000
0.6000000000	-0.1114000000
0.7000000000	-0.1105000000
0.8000000000	-0.1100000000
0.9000000000	-0.1096000000
1.0000000000	-0.1089000000
1.0000000000	-0.1083000000
1.0000000000	-0.1082000000
1.0000000000	-0.1083000000
1.0000000000	-0.1083000000
1.0000000000	-0.1083000000
1.0000000000	-0.1083000000
1.0000000000	-0.1083000000
1.0000000000	-0.1083000000
1.0000000000	-0.1083000000
1.0000000000	-0.1088000000
0.9000000000	-0.1095000000
0.8000000000	-0.1107000000
0.7000000000	-0.1116000000
0.6000000000	-0.1120000000
0.6000000000	-0.1120000000
0.6000000000	-0.1120000000
0.6000000000	-0.1120000000
0.6000000000	-0.1120000000
0.6000000000	-0.1120000000
0.6000000000	-0.1120000000
0.6000000000	-0.1120000000
0.6000000000	-0.1120000000
0.6000000000	-0.1120000000
0.6000000000	-0.1120000000
0.6000000000	-0.1120000000
0.6000000000	-0.1120000000
0.6000000000	-0.1120000000
0.6000000000	-0.1120000000
0.6000000000	-0.1120000000
0.6000000000	-0.1120000000
0.6000000000	-0.1120000000
0.6000000000	-0.1120000000
0.6000000000	-0.1120000000
0.6000000000	-0.1120000000
0.6000000000	-0.1120000000
0.6000000000	-0.1120000000
0.6000000000	-0.1120000000
0.6000000000	-0.1120000000
0.6000000000	-0.1120000000
0.6000000000	-0.1120000000
0.6000000000	-0.1120000000
0.6000000000	-0.1120000000
0.6000000000	-0.1120000000
0.6000000000	-0.1120000000
0.6000000000	-0.1120000000
0.6000000000	-0.1120000000
0.6000000000	-0.1120000000
0.6000000000	-0.1120000000
0.6000000000	-0.1120000000
0.6000000000	-0.1120000000
0.6000000000	-0.1120000000
0.6000000000	-0.1120000000
0.6000000000	-0.1120000000
0.6000000000	-0.1120000000
0.6000000000	-0.1120000000
0.6000000000	-0.1120000000
0.6000000000	-0.1120000000
0.6000000000	-0.1120000000
0.5000000000	-0.1125000000
0.4000000000	-0.1142000000
0.3000000000	-0.1162000000
0.3000000000	-0.1175000000
0.3000000000	-0.1181000000
0.3000000000	-0.1183000000
0.3000000000	-0.1183000000
0.3000000000	-0.1183000000
0.3000000000	-0.1183000000
0.3000000000	-0.1183000000
0.3000000000	-0.1183000000
0.3000000000	-0.1183000000
0.3000000000	-0.1183000000
0.3000000000	-0.1183000000
0.3000000000	-0.1183000000
0.3000000000	-0.1183000000
0.3000000000	-0.1183000000
0.3000000000	-0.1183000000
0.3000000000	-0.1187000000
0.3000000000	-0.1197000000
0.2000000000	-0.1208000000
0.2000000000	-0.1222000000
0.2000000000	-0.1229000000
0.2000000000	-0.1229000000
0.2000000000	-0.1229000000
0.2000000000	-0.1231000000
0.2000000000	-0.1238000000
0.2000000000	-0.1248000000
0.2000000000	-0.1258000000
0.2000000000	-0.1263000000
0.2000000000	-0.1265000000
0.2000000000	-0.1268000000
0.2000000000	-0.1277000000
0.2000000000	-0.1286000000
0.2000000000	-0.1295000000
0.2000000000	-0.1303000000
0.2000000000	-0.1309000000
0.2000000000	-0.1315000000
0.2000000000	-0.1322000000
0.2000000000	-0.1328000000
0.2000000000	-0.1337000000
0.2000000000	-0.1347000000
0.2000000000	-0.1354000000
0.2000000000	-0.1353000000
0.2000000000	-0.1353000000
0.2000000000	-0.1353000000
0.2000000000	-0.1353000000
0.2000000000	-0.1353000000
0.2000000000	-0.1353000000
0.2000000000	-0.1353000000
0.2000000000	-0.1353000000
0.2000000000	-0.1353000000
0.2000000000	-0.1353000000
0.2000000000	-0.1353000000
0.2000000000	-0.1353000000
0.2000000000	-0.1353000000
0.2000000000	-0.1354000000
0.2000000000	-0.1354000000
0.2000000000	-0.1354000000
0.2000000000	-0.1354000000
0.2000000000	-0.1354000000
0.2000000000	-0.1354000000
0.2000000000	-0.1356000000
0.2000000000	-0.1365000000
0.2000000000	-0.1377000000
0.2000000000	-0.1384000000
0.2000000000	-0.1386000000
0.2000000000	-0.1387000000
0.2000000000	-0.1390000000
0.2000000000	-0.1401000000
0.2000000000	-0.1411000000
0.2000000000	-0.1420000000
0.2000000000	-0.1427000000
0.2000000000	-0.1433000000
0.2000000000	-0.1439000000
0.2000000000	-0.1446000000
0.2000000000	-0.1454000000
0.2000000000	-0.1461000000
0.2000000000	-0.1467000000
0.2000000000	-0.1473000000
0.2000000000	-0.1478000000
0.2000000000	-0.1485000000
0.2000000000	-0.1493000000
0.2000000000	-0.1501000000
0.2000000000	-0.1505000000
0.2000000000	-0.1505000000
0.2000000000	-0.1505000000
0.2000000000	-0.1505000000
0.2000000000	-0.1505000000
0.2000000000	-0.1505000000
0.2000000000	-0.1505000000
0.2000000000	-0.1505000000
0.2000000000	-0.1505000000
0.2000000000	-0.1505000000
0.2000000000	-0.1505000000
0.2000000000	-0.1505000000
0.2000000000	-0.1505000000
0.2000000000	-0.1505000000
0.2000000000	-0.1505000000
0.2000000000	-0.1505000000
0.2000000000	-0.1505000000
0.2000000000	-0.1505000000
0.2000000000	-0.1506000000
0.2000000000	-0.1515000000
0.2000000000	-0.1527000000
0.2000000000	-0.1533000000
0.2000000000	-0.1537000000
0.2000000000	-0.1543000000
0.2000000000	-0.1549000000
0.2000000000	-0.1551000000
0.2000000000	-0.1553000000
0.2000000000	-0.1558000000
0.2000000000	-0.1566000000
0.2000000000	-0.1572000000
0.2000000000	-0.1578000000
0.2000000000	-0.1582000000
0.2000000000	-0.1584000000
0.2000000000	-0.1584000000
0.2000000000	-0.1584000000
0.2000000000	-0.1588000000
0.2000000000	-0.1594000000
0.2000000000	-0.1600000000
0.2000000000	-0.1604000000
0.2000000000	-0.1609000000
0.2000000000	-0.1615000000
0.2000000000	-0.1622000000
0.2000000000	-0.1627000000
0.2000000000	-0.1633000000
0.2000000000	-0.1638000000
0.2000000000	-0.1642000000
0.2000000000	-0.1647000000
0.2000000000	-0.1651000000
0.2000000000	-0.1655000000
0.2000000000	-0.1656000000
0.2000000000	-0.1656000000
0.2000000000	-0.1655000000
0.2000000000	-0.1655000000
0.2000000000	-0.1655000000
0.2000000000	-0.1655000000
0.2000000000	-0.1655000000
0.2000000000	-0.1655000000
0.2000000000	-0.1655000000
0.2000000000	-0.1655000000
0.2000000000	-0.1655000000
0.2000000000	-0.1655000000
0.2000000000	-0.1656000000
0.2000000000	-0.1656000000
0.2000000000	-0.1656000000
0.2000000000	-0.1658000000
0.2000000000	-0.1669000000
0.2000000000	-0.1680000000
0.2000000000	-0.1689000000
0.2000000000	-0.1693000000
0.2000000000	-0.1694000000
0.2000000000	-0.1696000000
0.2000000000	-0.1706000000
0.2000000000	-0.1718000000
0.2000000000	-0.1726000000
0.2000000000	-0.1731000000
0.2000000000	-0.1735000000
0.2000000000	-0.1737000000
0.2000000000	-0.1743000000
0.2000000000	-0.1750000000
0.2000000000	-0.1755000000
0.2000000000	-0.1761000000
0.2000000000	-0.1766000000
0.2000000000	-0.1771000000
0.2000000000	-0.1775000000
0.2000000000	-0.1782000000
0.2000000000	-0.1782000000
0.2000000000	-0.1782000000
0.2000000000	-0.1783000000
0.2000000000	-0.1783000000
0.2000000000	-0.1783000000
0.2000000000	-0.1783000000
0.2000000000	-0.1783000000
0.2000000000	-0.1783000000
0.2000000000	-0.1783000000
0.2000000000	-0.1783000000
0.2000000000	-0.1783000000
0.2000000000	-0.1783000000
0.2000000000	-0.1783000000
0.2000000000	-0.1783000000
0.2000000000	-0.1783000000
0.2000000000	-0.1794000000
0.2000000000	-0.1798000000
0.2000000000	-0.1798000000
0.2000000000	-0.1798000000
0.2000000000	-0.1798000000
0.2000000000	-0.1798000000
0.2000000000	-0.1798000000
0.2000000000	-0.1798000000
0.2000000000	-0.1798000000
0.2000000000	-0.1798000000
0.2000000000	-0.1798000000
0.2000000000	-0.1798000000
0.2000000000	-0.1798000000
0.2000000000	-0.1798000000
0.2000000000	-0.1798000000
0.2000000000	-0.1798000000
0.2000000000	-0.1798000000
0.2000000000	-0.1798000000
0.2000000000	-0.1798000000
0.2000000000	-0.1798000000
0.2000000000	-0.1798000000
0.2000000000	-0.1798000000
0.2000000000	-0.1798000000
0.2000000000	-0.1798000000
0.2000000000	-0.1798000000
0.2000000000	-0.1798000000
0.2000000000	-0.1798000000
0.2000000000	-0.1798000000
0.2000000000	-0.1798000000
0.2000000000	-0.1798000000
0.2000000000	-0.1798000000
0.2000000000	-0.1798000000
0.2000000000	-0.1798000000
0.2000000000	-0.1798000000
0.2000000000	-0.1798000000
0.2000000000	-0.1798000000
0.2000000000	-0.1798000000
0.2000000000	-0.1798000000
0.2000000000	-0.1798000000
0.2000000000	-0.1798000000
0.2000000000	-0.1798000000
0.2000000000	-0.1798000000
0.2000000000	-0.1798000000
0.2000000000	-0.1798000000
0.2000000000	-0.1798000000
0.2000000000	-0.1798000000
0.2000000000	-0.1798000000
0.2000000000	-0.1798000000
0.2000000000	-0.1798000000
0.2000000000	-0.1798000000
0.2000000000	-0.1798000000
0.2000000000	-0.1798000000
0.2000000000	-0.1798000000
0.2000000000	-0.1798000000
0.2000000000	-0.1798000000
0.2000000000	-0.1798000000
0.2000000000	-0.1798000000
0.2000000000	-0.1798000000
0.2000000000	-0.1798000000
0.2000000000	-0.1798000000
0.2000000000	-0.1798000000
0.2000000000	-0.1798000000
0.2000000000	-0.1798000000
0.2000000000	-0.1797000000
0.2000000000	-0.1794000000
0.2000000000	-0.1794000000
0.2000000000	-0.1794000000
0.2000000000	-0.1794000000
0.2000000000	-0.1794000000
0.2000000000	-0.1793000000
0.2000000000	-0.1792000000
0.2000000000	-0.1785000000
0.2000000000	-0.1768000000
0.2000000000	-0.1756000000
0.2000000000	-0.1753000000
0.2000000000	-0.1753000000
0.2000000000	-0.1750000000
0.2000000000	-0.1735000000
0.2000000000	-0.1720000000
0.2000000000	-0.1706000000
0.2000000000	-0.1685000000
0.2000000000	-0.1669000000
0.2000000000	-0.1669000000
0.2000000000	-0.1669000000
0.2000000000	-0.1669000000
0.2000000000	-0.1669000000
0.2000000000	-0.1669000000
0.2000000000	-0.1669000000
0.2000000000	-0.1669000000
0.2000000000	-0.1669000000
0.2000000000	-0.1669000000
0.2000000000	-0.1669000000
0.2000000000	-0.1669000000
0.2000000000	-0.1669000000
0.2000000000	-0.1669000000
0.2000000000	-0.1669000000
0.2000000000	-0.1669000000
0.2000000000	-0.1669000000
0.2000000000	-0.1669000000
0.2000000000	-0.1669000000
0.2000000000	-0.1669000000
0.2000000000	-0.1669000000
0.2000000000	-0.1669000000
0.2000000000	-0.1669000000
0.2000000000	-0.1667000000
0.2000000000	-0.1661000000
0.2000000000	-0.1657000000
0.2000000000	-0.1651000000
0.2000000000	-0.1644000000
0.2000000000	-0.1638000000
0.2000000000	-0.1636000000
0.2000000000	-0.1635000000
0.2000000000	-0.1626000000
0.2000000000	-0.1608000000
0.2000000000	-0.1595000000
0.2000000000	-0.1594000000
0.2000000000	-0.1591000000
0.2000000000	-0.1580000000
0.2000000000	-0.1572000000
0.2000000000	-0.1572000000
0.2000000000	-0.1570000000
0.2000000000	-0.1566000000
0.2000000000	-0.1554000000
0.2000000000	-0.1536000000
0.2000000000	-0.1524000000
0.2000000000	-0.1524000000
0.2000000000	-0.1524000000
0.2000000000	-0.1524000000
0.2000000000	-0.1524000000
0.2000000000	-0.1524000000
0.2000000000	-0.1524000000
0.2000000000	-0.1524000000
0.2000000000	-0.1524000000
0.2000000000	-0.1524000000
0.2000000000	-0.1524000000
0.2000000000	-0.1524000000
0.2000000000	-0.1524000000
0.2000000000	-0.1524000000
0.2000000000	-0.1524000000
0.2000000000	-0.1524000000
0.2000000000	-0.1524000000
0.2000000000	-0.1521000000
0.2000000000	-0.1514000000
0.2000000000	-0.1507000000
0.2000000000	-0.1503000000
0.2000000000	-0.1498000000
0.2000000000	-0.1493000000
0.2000000000	-0.1483000000
0.2000000000	-0.1469000000
0.2000000000	-0.1452000000
0.2000000000	-0.1442000000
0.2000000000	-0.1439000000
0.2000000000	-0.1439000000
0.2000000000	-0.1437000000
0.2000000000	-0.1435000000
0.2000000000	-0.1432000000
0.2000000000	-0.1430000000
0.2000000000	-0.1425000000
0.2000000000	-0.1416000000
0.2000000000	-0.1413000000
0.2000000000	-0.1409000000
0.2000000000	-0.1404000000
0.2000000000	-0.1404000000
0.2000000000	-0.1404000000
0.2000000000	-0.1404000000
0.2000000000	-0.1404000000
0.2000000000	-0.1404000000
0.2000000000	-0.1404000000
0.2000000000	-0.1404000000
0.2000000000	-0.1404000000
0.2000000000	-0.1404000000
0.2000000000	-0.1404000000
0.2000000000	-0.1404000000
0.2000000000	-0.1404000000
0.2000000000	-0.1404000000
0.2000000000	-0.1404000000
0.2000000000	-0.1404000000
0.2000000000	-0.1403000000
0.2000000000	-0.1400000000
0.2000000000	-0.1393000000
0.2000000000	-0.1387000000
0.2000000000	-0.1386000000
0.2000000000	-0.1385000000
0.2000000000	-0.1380000000
0.2000000000	-0.1372000000
0.2000000000	-0.1366000000
0.2000000000	-0.1363000000
0.2000000000	-0.1360000000
0.2000000000	-0.1353000000
0.2000000000	-0.1339000000
0.2000000000	-0.1325000000
0.2000000000	-0.1316000000
0.2000000000	-0.1315000000
0.2000000000	-0.1315000000
0.2000000000	-0.1313000000
0.2000000000	-0.1310000000
0.2000000000	-0.1310000000
0.2000000000	-0.1310000000
0.2000000000	-0.1308000000
0.2000000000	-0.1308000000
0.2000000000	-0.1306000000
0.2000000000	-0.1301000000
0.2000000000	-0.1297000000
0.2000000000	-0.1297000000
0.2000000000	-0.1291000000
0.2000000000	-0.1286000000
0.2000000000	-0.1282000000
0.2000000000	-0.1276000000
0.2000000000	-0.1276000000
0.2000000000	-0.1276000000
0.2000000000	-0.1276000000
0.2000000000	-0.1276000000
0.2000000000	-0.1276000000
0.2000000000	-0.1276000000
0.2000000000	-0.1276000000
0.2000000000	-0.1276000000
0.2000000000	-0.1276000000
0.2000000000	-0.1276000000
0.2000000000	-0.1276000000
0.2000000000	-0.1276000000
0.2000000000	-0.1276000000
0.2000000000	-0.1276000000
0.2000000000	-0.1275000000
0.2000000000	-0.1274000000
0.2000000000	-0.1270000000
0.2000000000	-0.1267000000
0.2000000000	-0.1265000000
0.2000000000	-0.1265000000
0.2000000000	-0.1265000000
0.2000000000	-0.1265000000
0.2000000000	-0.1264000000
0.2000000000	-0.1263000000
0.2000000000	-0.1262000000
0.2000000000	-0.1262000000
0.2000000000	-0.1262000000
0.2000000000	-0.1262000000
0.2000000000	-0.1262000000
0.2000000000	-0.1262000000
0.2000000000	-0.1255000000
0.2000000000	-0.1241000000
0.2000000000	-0.1239000000
0.2000000000	-0.1237000000
0.2000000000	-0.1231000000
0.2000000000	-0.1226000000
0.2000000000	-0.1215000000
0.2000000000	-0.1210000000
0.2000000000	-0.1204000000
0.3000000000	-0.1197000000
0.3000000000	-0.1193000000
0.3000000000	-0.1191000000
0.3000000000	-0.1188000000
0.3000000000	-0.1185000000
0.3000000000	-0.1184000000
0.3000000000	-0.1182000000
0.3000000000	-0.1180000000
0.4000000000	-0.1177000000
0.4000000000	-0.1174000000
0.4000000000	-0.1174000000
0.4000000000	-0.1174000000
0.4000000000	-0.1174000000
0.4000000000	-0.1174000000
0.4000000000	-0.1174000000
0.4000000000	-0.1174000000
0.4000000000	-0.1174000000
0.4000000000	-0.1174000000
0.4000000000	-0.1174000000
0.4000000000	-0.1174000000
0.4000000000	-0.1174000000
0.4000000000	-0.1174000000
0.4000000000	-0.1174000000
0.4000000000	-0.1174000000
0.4000000000	-0.1174000000
0.4000000000	-0.1174000000
0.4000000000	-0.1173000000
0.4000000000	-0.1170000000
0.4000000000	-0.1167000000
0.4000000000	-0.1166000000
0.4000000000	-0.1164000000
0.4000000000	-0.1159000000
0.4000000000	-0.1151000000
0.4000000000	-0.1143000000
0.4000000000	-0.1136000000
0.5000000000	-0.1129000000
0.5000000000	-0.1120000000
0.7000000000	-0.1107000000
0.9000000000	-0.1095000000
1.0000000000	-0.1090000000
1.0000000000	-0.1083000000
1.0000000000	-0.1076000000
1.0000000000	-0.1075000000
1.0000000000	-0.1071000000
1.0000000000	-0.1066000000
1.0000000000	-0.1062000000
1.0000000000	-0.1058000000
1.0000000000	-0.1054000000
1.0000000000	-0.1050000000
1.0000000000	-0.1045000000
1.0000000000	-0.1042000000
1.0000000000	-0.1040000000
1.0000000000	-0.1040000000
1.0000000000	-0.1040000000
1.0000000000	-0.1040000000
1.0000000000	-0.1040000000
1.0000000000	-0.1040000000
1.0000000000	-0.1040000000
1.0000000000	-0.1040000000
1.0000000000	-0.1040000000
1.0000000000	-0.1040000000
1.0000000000	-0.1040000000
1.0000000000	-0.1040000000
1.0000000000	-0.1040000000
1.0000000000	-0.1040000000
1.0000000000	-0.1040000000
1.0000000000	-0.1040000000
1.0000000000	-0.1040000000
1.0000000000	-0.1040000000
1.0000000000	-0.1040000000
1.0000000000	-0.1040000000
1.0000000000	-0.1040000000
1.0000000000	-0.1039000000
1.0000000000	-0.1038000000
1.0000000000	-0.1035000000
1.0000000000	-0.1032000000
1.0000000000	-0.1026000000
1.0000000000	-0.1023000000
1.0000000000	-0.1019000000
1.0000000000	-0.1012000000
1.0000000000	-0.1004000000
1.0000000000	-0.1000000000
1.1000000000	-0.0987000000
1.1000000000	-0.0979000000
1.1000000000	-0.0970000000
1.1000000000	-0.0964000000
1.2000000000	-0.0956000000
1.2000000000	-0.0951000000
1.2000000000	-0.0946000000
1.2000000000	-0.0936000000
1.2000000000	-0.0925000000
1.2000000000	-0.0919000000
1.2000000000	-0.0917000000
1.2000000000	-0.0913000000
1.2000000000	-0.0909000000
1.2000000000	-0.0907000000
1.1000000000	-0.0905000000
1.1000000000	-0.0905000000
1.1000000000	-0.0904000000
1.1000000000	-0.0904000000
1.1000000000	-0.0904000000
1.1000000000	-0.0903000000
1.1000000000	-0.0898000000
1.1000000000	-0.0897000000
1.1000000000	-0.0897000000
1.1000000000	-0.0897000000
1.1000000000	-0.0897000000
1.1000000000	-0.0897000000
1.1000000000	-0.0897000000
1.1000000000	-0.0897000000
1.1000000000	-0.0897000000
1.1000000000	-0.0897000000
1.1000000000	-0.0897000000
1.1000000000	-0.0897000000
1.1000000000	-0.0897000000
1.1000000000	-0.0897000000
1.1000000000	-0.0897000000
1.1000000000	-0.0897000000
1.1000000000	-0.0897000000
1.1000000000	-0.0897000000
1.1000000000	-0.0897000000
1.1000000000	-0.0897000000
1.1000000000	-0.0897000000
1.1000000000	-0.0896000000
1.1000000000	-0.0890000000
1.1000000000	-0.0889000000
1.1000000000	-0.0888000000
1.0000000000	-0.0885000000
1.0000000000	-0.0879000000
1.0000000000	-0.0871000000
0.9000000000	-0.0863000000
0.9000000000	-0.0858000000
0.8000000000	-0.0855000000
0.8000000000	-0.0851000000
0.8000000000	-0.0845000000
0.7000000000	-0.0840000000
0.7000000000	-0.0835000000
0.7000000000	-0.0830000000
0.6000000000	-0.0825000000
0.6000000000	-0.0821000000
0.6000000000	-0.0818000000
0.6000000000	-0.0814000000
0.6000000000	-0.0811000000
0.6000000000	-0.0808000000
0.5000000000	-0.0804000000
0.5000000000	-0.0801000000
0.5000000000	-0.0796000000
0.5000000000	-0.0793000000
0.5000000000	-0.0787000000
0.5000000000	-0.0782000000
0.5000000000	-0.0779000000
0.4000000000	-0.0776000000
0.4000000000	-0.0773000000
0.4000000000	-0.0773000000
0.4000000000	-0.0773000000
0.4000000000	-0.0773000000
0.4000000000	-0.0773000000
0.4000000000	-0.0773000000
0.4000000000	-0.0773000000
0.4000000000	-0.0773000000
0.4000000000	-0.0773000000
0.4000000000	-0.0773000000
0.4000000000	-0.0773000000
0.4000000000	-0.0773000000
0.4000000000	-0.0773000000
0.4000000000	-0.0773000000
0.4000000000	-0.0773000000
0.4000000000	-0.0773000000
0.4000000000	-0.0773000000
0.4000000000	-0.0773000000
0.4000000000	-0.0773000000
0.4000000000	-0.0773000000
0.4000000000	-0.0773000000
0.4000000000	-0.0772000000
0.5000000000	-0.0769000000
0.5000000000	-0.0769000000
0.5000000000	-0.0769000000
0.4000000000	-0.0769000000
0.4000000000	-0.0768000000
0.4000000000	-0.0768000000
0.4000000000	-0.0768000000
0.4000000000	-0.0768000000
0.4000000000	-0.0768000000
0.4000000000	-0.0768000000
0.4000000000	-0.0768000000
0.4000000000	-0.0761000000
0.4000000000	-0.0751000000
0.4000000000	-0.0743000000
0.3000000000	-0.0731000000
0.3000000000	-0.0717000000
0.2000000000	-0.0703000000
0.2000000000	-0.0689000000
0.2000000000	-0.0676000000
0.2000000000	-0.0663000000
0.2000000000	-0.0649000000
0.2000000000	-0.0638000000
0.2000000000	-0.0632000000
0.2000000000	-0.0626000000
0.2000000000	-0.0623000000
0.2000000000	-0.0621000000
0.2000000000	-0.0621000000
0.2000000000	-0.0619000000
0.2000000000	-0.0616000000
0.2000000000	-0.0614000000
0.2000000000	-0.0612000000
0.2000000000	-0.0610000000
0.2000000000	-0.0608000000
0.2000000000	-0.0607000000
0.2000000000	-0.0606000000
0.2000000000	-0.0604000000
0.2000000000	-0.0603000000
0.2000000000	-0.0603000000
0.2000000000	-0.0603000000
0.2000000000	-0.0603000000
0.2000000000	-0.0603000000
0.2000000000	-0.0603000000
0.2000000000	-0.0603000000
0.2000000000	-0.0603000000
0.2000000000	-0.0603000000
0.2000000000	-0.0603000000
0.2000000000	-0.0603000000
0.2000000000	-0.0603000000
0.2000000000	-0.0603000000
0.2000000000	-0.0603000000
0.2000000000	-0.0603000000
0.2000000000	-0.0603000000
0.2000000000	-0.0603000000
0.2000000000	-0.0603000000
0.2000000000	-0.0603000000
0.2000000000	-0.0597000000
0.2000000000	-0.0595000000
0.2000000000	-0.0591000000
0.2000000000	-0.0585000000
0.2000000000	-0.0576000000
0.2000000000	-0.0567000000
0.2000000000	-0.0558000000
0.2000000000	-0.0549000000
0.2000000000	-0.0538000000
0.2000000000	-0.0528000000
0.2000000000	-0.0520000000
0.2000000000	-0.0509000000
0.2000000000	-0.0497000000
0.2000000000	-0.0490000000
0.2000000000	-0.0490000000
0.2000000000	-0.0490000000
0.2000000000	-0.0490000000
0.2000000000	-0.0490000000
0.2000000000	-0.0490000000
0.2000000000	-0.0490000000
0.2000000000	-0.0490000000
0.2000000000	-0.0490000000
0.2000000000	-0.0490000000
0.2000000000	-0.0490000000
0.2000000000	-0.0490000000
0.2000000000	-0.0490000000
0.2000000000	-0.0490000000
0.2000000000	-0.0490000000
0.2000000000	-0.0490000000
0.2000000000	-0.0490000000
0.2000000000	-0.0490000000
0.2000000000	-0.0490000000
0.2000000000	-0.0490000000
0.2000000000	-0.0490000000
0.2000000000	-0.0490000000
0.2000000000	-0.0490000000
0.2000000000	-0.0490000000
0.2000000000	-0.0490000000
0.2000000000	-0.0490000000
0.2000000000	-0.0490000000
0.2000000000	-0.0490000000
0.2000000000	-0.0490000000
0.2000000000	-0.0490000000
0.2000000000	-0.0490000000
0.2000000000	-0.0490000000
0.2000000000	-0.0489000000
0.2000000000	-0.0488000000
0.2000000000	-0.0485000000
0.2000000000	-0.0480000000
0.2000000000	-0.0474000000
0.2000000000	-0.0467000000
0.2000000000	-0.0455000000
0.2000000000	-0.0448000000
0.2000000000	-0.0441000000
0.2000000000	-0.0428000000
0.2000000000	-0.0414000000
0.2000000000	-0.0402000000
0.2000000000	-0.0388000000
0.2000000000	-0.0377000000
0.2000000000	-0.0375000000
0.2000000000	-0.0375000000
0.2000000000	-0.0374000000
0.2000000000	-0.0371000000
0.2000000000	-0.0370000000
0.2000000000	-0.0370000000
0.2000000000	-0.0370000000
0.2000000000	-0.0370000000
0.2000000000	-0.0370000000
0.2000000000	-0.0370000000
0.2000000000	-0.0370000000
0.2000000000	-0.0370000000
0.2000000000	-0.0370000000
0.2000000000	-0.0370000000
0.2000000000	-0.0370000000
0.2000000000	-0.0370000000
0.2000000000	-0.0370000000
0.2000000000	-0.0370000000
0.2000000000	-0.0370000000
0.2000000000	-0.0370000000
0.2000000000	-0.0370000000
0.2000000000	-0.0370000000
0.2000000000	-0.0370000000
0.2000000000	-0.0370000000
0.2000000000	-0.0370000000
0.2000000000	-0.0370000000
0.2000000000	-0.0370000000
0.2000000000	-0.0370000000
0.2000000000	-0.0370000000
0.2000000000	-0.0366000000
0.2000000000	-0.0364000000
0.2000000000	-0.0362000000
0.2000000000	-0.0357000000
0.2000000000	-0.0351000000
0.2000000000	-0.0347000000
0.2000000000	-0.0344000000
0.2000000000	-0.0340000000
0.2000000000	-0.0338000000
0.2000000000	-0.0332000000
0.2000000000	-0.0317000000
0.2000000000	-0.0300000000
0.2000000000	-0.0285000000
0.2000000000	-0.0270000000
0.2000000000	-0.0252000000
0.2000000000	-0.0236000000
0.2000000000	-0.0234000000
0.2000000000	-0.0234000000
0.2000000000	-0.0234000000
0.2000000000	-0.0234000000
0.2000000000	-0.0234000000
0.2000000000	-0.0234000000
0.2000000000	-0.0234000000
0.2000000000	-0.0234000000
0.2000000000	-0.0234000000
0.2000000000	-0.0234000000
0.2000000000	-0.0234000000
0.2000000000	-0.0234000000
0.2000000000	-0.0234000000
0.2000000000	-0.0234000000
0.2000000000	-0.0234000000
0.2000000000	-0.0234000000
0.2000000000	-0.0234000000
0.2000000000	-0.0234000000
0.2000000000	-0.0234000000
0.2000000000	-0.0234000000
0.2000000000	-0.0234000000
0.2000000000	-0.0234000000
0.2000000000	-0.0233000000
0.2000000000	-0.0230000000
0.2000000000	-0.0225000000
0.2000000000	-0.0217000000
0.2000000000	-0.0208000000
0.2000000000	-0.0197000000
0.2000000000	-0.0190000000
0.2000000000	-0.0184000000
0.2000000000	-0.0179000000
0.2000000000	-0.0178000000
0.2000000000	-0.0177000000
0.2000000000	-0.0168000000
0.2000000000	-0.0154000000
0.2000000000	-0.0144000000
0.2000000000	-0.0136000000
0.2000000000	-0.0130000000
0.2000000000	-0.0119000000
0.2000000000	-0.0111000000
0.2000000000	-0.0108000000
0.2000000000	-0.0108000000
0.2000000000	-0.0108000000
0.2000000000	-0.0108000000
0.2000000000	-0.0108000000
0.2000000000	-0.0108000000
0.2000000000	-0.0108000000
0.2000000000	-0.0108000000
0.2000000000	-0.0108000000
0.2000000000	-0.0108000000
0.2000000000	-0.0108000000
0.2000000000	-0.0108000000
0.2000000000	-0.0108000000
0.2000000000	-0.0108000000
0.2000000000	-0.0108000000
0.2000000000	-0.0108000000
0.2000000000	-0.0108000000
0.2000000000	-0.0108000000
0.2000000000	-0.0108000000
0.2000000000	-0.0108000000
0.2000000000	-0.0108000000
0.2000000000	-0.0108000000
0.2000000000	-0.0108000000
0.2000000000	-0.0108000000
0.2000000000	-0.0103000000
0.2000000000	-0.0096000000
0.2000000000	-0.0088000000
0.2000000000	-0.0083000000
0.2000000000	-0.0075000000
0.2000000000	-0.0073000000
0.2000000000	-0.0071000000
0.2000000000	-0.0064000000
0.2000000000	-0.0052000000
0.2000000000	-0.0033000000
0.2000000000	-0.0016000000
0.2000000000	-0.0003950000
0.2000000000	0.0000197000
0.2000000000	0.0000197000
0.2000000000	0.0000197000
0.2000000000	0.0000197000
0.2000000000	0.0000197000
0.2000000000	-0.0000000000
0.2000000000	-0.0000000000
0.2000000000	-0.0000000000
0.2000000000	-0.0000000000
0.2000000000	-0.0000000000
0.2000000000	-0.0000000000
0.2000000000	-0.0000000000
0.2000000000	-0.0000000000
0.2000000000	-0.0000000000
0.2000000000	-0.0000000000
0.2000000000	-0.0000000000
0.2000000000	-0.0000000000
0.2000000000	-0.0000000000
0.2000000000	-0.0000000000
0.2000000000	0.0000197000
0.2000000000	0.0000789000
0.2000000000	0.0000986000
0.2000000000	0.0000986000
0.2000000000	0.0000986000
0.2000000000	0.0000986000
0.2000000000	0.0000986000
0.2000000000	0.0000986000
0.2000000000	0.0000986000
0.2000000000	0.0000986000
0.2000000000	0.0000986000
0.2000000000	0.0000986000
0.2000000000	0.0000986000
0.2000000000	0.0000986000
0.2000000000	0.0000986000
0.2000000000	0.0000986000
0.2000000000	0.0000395000
0.2000000000	-0.0000197000
0.2000000000	-0.0000197000
0.2000000000	-0.0000197000
0.2000000000	-0.0000197000
0.2000000000	-0.0000197000
0.2000000000	-0.0000197000
0.2000000000	-0.0000197000
0.2000000000	-0.0000197000
0.2000000000	-0.0000197000
0.2000000000	-0.0000197000
0.2000000000	-0.0000197000
0.2000000000	-0.0000197000
0.2000000000	-0.0000197000
0.2000000000	-0.0000197000
0.2000000000	-0.0000197000
0.2000000000	-0.0000197000
0.2000000000	-0.0000197000
0.2000000000	-0.0000197000
0.2000000000	-0.0000197000
0.2000000000	-0.0000197000
0.2000000000	-0.0000197000
0.2000000000	-0.0000197000
0.2000000000	-0.0000197000
0.2000000000	-0.0000197000
0.2000000000	-0.0000197000
0.2000000000	-0.0000197000
0.2000000000	-0.0000197000
0.2000000000	-0.0000197000
0.2000000000	-0.0000197000
0.2000000000	-0.0000197000
0.2000000000	-0.0000197000
0.2000000000	-0.0000197000
0.2000000000	-0.0000197000
0.2000000000	-0.0000197000
0.2000000000	-0.0000197000
0.2000000000	-0.0000197000
0.2000000000	-0.0000197000
0.2000000000	-0.0000197000
0.2000000000	-0.0000197000
0.2000000000	-0.0000197000
0.2000000000	-0.0000197000
0.2000000000	-0.0000197000
0.2000000000	-0.0000197000
0.2000000000	-0.0000197000
0.2000000000	-0.0000197000
0.2000000000	-0.0000197000
0.2000000000	-0.0000197000
0.2000000000	-0.0000197000
0.2000000000	-0.0000197000
0.2000000000	-0.0000197000
0.2000000000	-0.0000197000
0.2000000000	-0.0000197000
0.2000000000	-0.0000197000
0.2000000000	-0.0000197000
0.2000000000	-0.0000197000
0.2000000000	-0.0000197000
0.2000000000	-0.0000197000
0.2000000000	-0.0000197000
0.2000000000	-0.0000197000
0.2000000000	-0.0000197000
0.2000000000	-0.0000197000
0.2000000000	-0.0000197000
0.2000000000	-0.0000197000
0.2000000000	-0.0000197000
0.2000000000	-0.0000197000
0.2000000000	-0.0000197000
0.2000000000	-0.0000197000
0.2000000000	-0.0000197000
0.2000000000	-0.0000197000
0.2000000000	-0.0000197000
0.2000000000	-0.0000197000
0.2000000000	-0.0000197000
0.2000000000	-0.0000197000
0.2000000000	-0.0000197000
0.2000000000	-0.0000197000
0.2000000000	-0.0000197000
0.2000000000	-0.0000197000
0.2000000000	-0.0000197000
0.2000000000	-0.0000197000
0.2000000000	-0.0000197000
0.2000000000	-0.0000197000
0.2000000000	-0.0000197000
0.2000000000	-0.0000197000
0.2000000000	-0.0000197000
0.2000000000	-0.0000197000
0.2000000000	-0.0000197000
0.2000000000	-0.0000197000
0.2000000000	-0.0000197000
0.2000000000	-0.0000197000
0.2000000000	-0.0000197000
0.2000000000	-0.0000197000
0.2000000000	-0.0000197000
0.2000000000	-0.0000197000
0.2000000000	-0.0000197000
