Light Intensity (% of scale max) Alessandra_0.08_1.5_lampadina	Position (m) Alessandra_0.08_1.5_lampadina
0.0000000000	0.0000000000
0.0000000000	0.0000000000
0.0000000000	0.0000000000
0.0000000000	0.0000000000
0.0000000000	0.0000000000
0.0000000000	0.0000000000
0.0000000000	0.0000000000
0.0000000000	0.0000000000
0.0000000000	0.0000000000
0.0000000000	0.0000000000
0.0000000000	0.0000000000
0.0000000000	0.0000000000
0.0000000000	0.0000000000
0.0000000000	0.0000000000
0.0000000000	0.0000000000
0.0000000000	0.0000000000
0.0000000000	0.0000000000
0.0000000000	0.0000000000
0.0000000000	0.0000000000
0.0000000000	0.0000000000
0.0000000000	0.0000000000
0.0000000000	0.0000000000
0.0000000000	0.0000000000
0.0000000000	0.0000000000
0.0000000000	0.0000000000
0.0000000000	0.0000000000
0.0000000000	0.0000000000
0.0000000000	0.0000000000
0.0000000000	0.0000000000
0.0000000000	-0.0000197000
0.0000000000	-0.0000197000
0.0000000000	-0.0000197000
0.0000000000	-0.0000197000
0.0000000000	-0.0000197000
0.0000000000	-0.0000197000
0.0000000000	-0.0000197000
0.0000000000	-0.0000197000
0.0000000000	-0.0000395000
0.0000000000	-0.0000395000
0.0000000000	-0.0000395000
0.0000000000	-0.0000395000
0.0000000000	-0.0000395000
0.0000000000	-0.0000592000
0.0000000000	-0.0000986000
0.0000000000	-0.0001180000
0.0000000000	-0.0001580000
0.0000000000	-0.0001970000
0.0000000000	-0.0002370000
0.0000000000	-0.0002370000
0.0000000000	-0.0002960000
0.0000000000	-0.0003750000
0.0000000000	-0.0005130000
0.0000000000	-0.0006900000
0.0000000000	-0.0008280000
0.0000000000	-0.0009860000
0.0000000000	-0.0011000000
0.0000000000	-0.0013000000
0.0000000000	-0.0015000000
0.0000000000	-0.0017000000
0.0000000000	-0.0019000000
0.0000000000	-0.0022000000
0.0000000000	-0.0024000000
0.0000000000	-0.0025000000
0.0000000000	-0.0026000000
0.0000000000	-0.0027000000
0.0000000000	-0.0028000000
0.0000000000	-0.0029000000
0.0000000000	-0.0031000000
0.0000000000	-0.0033000000
0.0000000000	-0.0036000000
0.0000000000	-0.0039000000
0.0000000000	-0.0044000000
0.0000000000	-0.0050000000
0.0000000000	-0.0050000000
0.0000000000	-0.0050000000
0.0000000000	-0.0050000000
0.0000000000	-0.0050000000
0.0000000000	-0.0050000000
0.0000000000	-0.0050000000
0.0000000000	-0.0050000000
0.0000000000	-0.0050000000
0.0000000000	-0.0050000000
0.0000000000	-0.0050000000
0.0000000000	-0.0050000000
0.0000000000	-0.0050000000
0.0000000000	-0.0050000000
0.0000000000	-0.0050000000
0.0000000000	-0.0050000000
0.0000000000	-0.0050000000
0.0000000000	-0.0050000000
0.0000000000	-0.0050000000
0.0000000000	-0.0050000000
0.0000000000	-0.0050000000
0.0000000000	-0.0051000000
0.0000000000	-0.0055000000
0.0000000000	-0.0059000000
0.0000000000	-0.0061000000
0.0000000000	-0.0063000000
0.0000000000	-0.0066000000
0.0000000000	-0.0069000000
0.0000000000	-0.0072000000
0.0000000000	-0.0077000000
0.0000000000	-0.0080000000
0.0000000000	-0.0083000000
0.0000000000	-0.0087000000
0.0000000000	-0.0090000000
0.0000000000	-0.0092000000
0.0000000000	-0.0093000000
0.0000000000	-0.0094000000
0.0000000000	-0.0096000000
0.0000000000	-0.0097000000
0.0000000000	-0.0101000000
0.0000000000	-0.0103000000
0.0000000000	-0.0103000000
0.0000000000	-0.0106000000
0.0000000000	-0.0108000000
0.0000000000	-0.0110000000
0.0000000000	-0.0112000000
0.0000000000	-0.0115000000
0.0000000000	-0.0117000000
0.0000000000	-0.0117000000
0.0000000000	-0.0117000000
0.0000000000	-0.0117000000
0.0000000000	-0.0117000000
0.0000000000	-0.0117000000
0.0000000000	-0.0117000000
0.0000000000	-0.0117000000
0.0000000000	-0.0117000000
0.0000000000	-0.0117000000
0.0000000000	-0.0117000000
0.0000000000	-0.0117000000
0.0000000000	-0.0117000000
0.0000000000	-0.0117000000
0.0000000000	-0.0117000000
0.0000000000	-0.0117000000
0.0000000000	-0.0117000000
0.0000000000	-0.0117000000
0.0000000000	-0.0121000000
0.0000000000	-0.0123000000
0.0000000000	-0.0125000000
0.0000000000	-0.0129000000
0.0000000000	-0.0133000000
0.0000000000	-0.0136000000
0.0000000000	-0.0140000000
0.0000000000	-0.0144000000
0.0000000000	-0.0148000000
0.0000000000	-0.0151000000
0.0000000000	-0.0153000000
0.0000000000	-0.0156000000
0.0000000000	-0.0157000000
0.0000000000	-0.0159000000
0.0000000000	-0.0160000000
0.0000000000	-0.0162000000
0.0000000000	-0.0164000000
0.0000000000	-0.0168000000
0.0000000000	-0.0171000000
0.0000000000	-0.0175000000
0.0000000000	-0.0181000000
0.0000000000	-0.0185000000
0.0000000000	-0.0188000000
0.0000000000	-0.0190000000
0.0000000000	-0.0191000000
0.0000000000	-0.0191000000
0.0000000000	-0.0191000000
0.0000000000	-0.0191000000
0.0000000000	-0.0191000000
0.0000000000	-0.0191000000
0.0000000000	-0.0191000000
0.0000000000	-0.0191000000
0.0000000000	-0.0191000000
0.0000000000	-0.0191000000
0.0000000000	-0.0191000000
0.0000000000	-0.0191000000
0.0000000000	-0.0191000000
0.0000000000	-0.0191000000
0.0000000000	-0.0191000000
0.0000000000	-0.0191000000
0.0000000000	-0.0191000000
0.0000000000	-0.0191000000
0.0000000000	-0.0191000000
0.0000000000	-0.0191000000
0.0000000000	-0.0191000000
0.0000000000	-0.0194000000
0.0000000000	-0.0196000000
0.0000000000	-0.0199000000
0.0000000000	-0.0202000000
0.0000000000	-0.0204000000
0.0000000000	-0.0208000000
0.0000000000	-0.0213000000
0.0000000000	-0.0216000000
0.0000000000	-0.0220000000
0.0000000000	-0.0223000000
0.0000000000	-0.0226000000
0.0000000000	-0.0228000000
0.0000000000	-0.0229000000
0.0000000000	-0.0231000000
0.0000000000	-0.0233000000
0.0000000000	-0.0235000000
0.0000000000	-0.0237000000
0.0000000000	-0.0239000000
0.0000000000	-0.0240000000
0.0000000000	-0.0242000000
0.0000000000	-0.0244000000
0.0000000000	-0.0245000000
0.0000000000	-0.0248000000
0.0000000000	-0.0251000000
0.0000000000	-0.0252000000
0.0000000000	-0.0255000000
0.0000000000	-0.0257000000
0.0000000000	-0.0259000000
0.0000000000	-0.0262000000
0.0000000000	-0.0265000000
0.0000000000	-0.0268000000
0.0000000000	-0.0270000000
0.0000000000	-0.0273000000
0.0000000000	-0.0275000000
0.0000000000	-0.0276000000
0.0000000000	-0.0277000000
0.0000000000	-0.0277000000
0.0000000000	-0.0277000000
0.0000000000	-0.0277000000
0.0000000000	-0.0277000000
0.0000000000	-0.0277000000
0.0000000000	-0.0277000000
0.0000000000	-0.0277000000
0.0000000000	-0.0277000000
0.0000000000	-0.0277000000
0.0000000000	-0.0277000000
0.0000000000	-0.0277000000
0.0000000000	-0.0277000000
0.0000000000	-0.0277000000
0.0000000000	-0.0277000000
0.0000000000	-0.0277000000
0.0000000000	-0.0277000000
0.0000000000	-0.0277000000
0.0000000000	-0.0277000000
0.0000000000	-0.0281000000
0.0000000000	-0.0284000000
0.0000000000	-0.0285000000
0.0000000000	-0.0287000000
0.0000000000	-0.0289000000
0.0000000000	-0.0291000000
0.0000000000	-0.0294000000
0.0000000000	-0.0298000000
0.0000000000	-0.0301000000
0.0000000000	-0.0303000000
0.0000000000	-0.0306000000
0.0000000000	-0.0308000000
0.0000000000	-0.0310000000
0.0000000000	-0.0312000000
0.0000000000	-0.0314000000
0.0000000000	-0.0318000000
0.0000000000	-0.0321000000
0.0000000000	-0.0325000000
0.0000000000	-0.0328000000
0.0000000000	-0.0329000000
0.0000000000	-0.0331000000
0.0000000000	-0.0332000000
0.0000000000	-0.0333000000
0.0000000000	-0.0333000000
0.0000000000	-0.0334000000
0.0000000000	-0.0334000000
0.0000000000	-0.0335000000
0.0000000000	-0.0335000000
0.0000000000	-0.0334000000
0.0000000000	-0.0334000000
0.0000000000	-0.0334000000
0.0000000000	-0.0334000000
0.0000000000	-0.0334000000
0.0000000000	-0.0334000000
0.0000000000	-0.0334000000
0.0000000000	-0.0334000000
0.0000000000	-0.0334000000
0.0000000000	-0.0334000000
0.0000000000	-0.0334000000
0.0000000000	-0.0334000000
0.0000000000	-0.0334000000
0.0000000000	-0.0334000000
0.0000000000	-0.0335000000
0.0000000000	-0.0340000000
0.0000000000	-0.0342000000
0.0000000000	-0.0344000000
0.0000000000	-0.0345000000
0.0000000000	-0.0347000000
0.0000000000	-0.0350000000
0.0000000000	-0.0352000000
0.0000000000	-0.0353000000
0.0000000000	-0.0356000000
0.0000000000	-0.0359000000
0.0000000000	-0.0361000000
0.0000000000	-0.0363000000
0.1000000000	-0.0365000000
0.1000000000	-0.0368000000
0.1000000000	-0.0372000000
0.1000000000	-0.0373000000
0.1000000000	-0.0375000000
0.0000000000	-0.0378000000
0.0000000000	-0.0380000000
0.0000000000	-0.0381000000
0.0000000000	-0.0383000000
0.0000000000	-0.0386000000
0.0000000000	-0.0388000000
0.0000000000	-0.0392000000
0.0000000000	-0.0396000000
0.0000000000	-0.0399000000
0.0000000000	-0.0399000000
0.0000000000	-0.0399000000
0.0000000000	-0.0399000000
0.0000000000	-0.0399000000
0.0000000000	-0.0399000000
0.0000000000	-0.0399000000
0.0000000000	-0.0399000000
0.0000000000	-0.0399000000
0.0000000000	-0.0399000000
0.0000000000	-0.0399000000
0.0000000000	-0.0399000000
0.0000000000	-0.0399000000
0.0000000000	-0.0399000000
0.0000000000	-0.0399000000
0.0000000000	-0.0399000000
0.0000000000	-0.0399000000
0.0000000000	-0.0399000000
0.0000000000	-0.0399000000
0.0000000000	-0.0399000000
0.0000000000	-0.0399000000
0.0000000000	-0.0399000000
0.0000000000	-0.0400000000
0.0000000000	-0.0403000000
0.0000000000	-0.0406000000
0.0000000000	-0.0409000000
0.0000000000	-0.0412000000
0.0000000000	-0.0414000000
0.0000000000	-0.0417000000
0.0000000000	-0.0420000000
0.0000000000	-0.0422000000
0.0000000000	-0.0425000000
0.0000000000	-0.0425000000
0.0000000000	-0.0427000000
0.0000000000	-0.0429000000
0.0000000000	-0.0430000000
0.0000000000	-0.0431000000
0.0000000000	-0.0431000000
0.0000000000	-0.0432000000
0.1000000000	-0.0433000000
0.1000000000	-0.0435000000
0.1000000000	-0.0437000000
0.1000000000	-0.0438000000
0.1000000000	-0.0440000000
0.1000000000	-0.0441000000
0.1000000000	-0.0442000000
0.1000000000	-0.0445000000
0.1000000000	-0.0446000000
0.1000000000	-0.0448000000
0.1000000000	-0.0450000000
0.1000000000	-0.0452000000
0.1000000000	-0.0455000000
0.1000000000	-0.0456000000
0.1000000000	-0.0456000000
0.1000000000	-0.0455000000
0.1000000000	-0.0455000000
0.1000000000	-0.0455000000
0.1000000000	-0.0455000000
0.1000000000	-0.0455000000
0.1000000000	-0.0455000000
0.1000000000	-0.0455000000
0.1000000000	-0.0455000000
0.1000000000	-0.0455000000
0.1000000000	-0.0455000000
0.1000000000	-0.0455000000
0.1000000000	-0.0455000000
0.1000000000	-0.0456000000
0.1000000000	-0.0456000000
0.1000000000	-0.0456000000
0.1000000000	-0.0457000000
0.1000000000	-0.0459000000
0.1000000000	-0.0459000000
0.1000000000	-0.0461000000
0.1000000000	-0.0464000000
0.0000000000	-0.0466000000
0.0000000000	-0.0469000000
0.0000000000	-0.0472000000
0.0000000000	-0.0475000000
0.0000000000	-0.0477000000
0.0000000000	-0.0479000000
0.0000000000	-0.0481000000
0.0000000000	-0.0484000000
0.0000000000	-0.0487000000
0.0000000000	-0.0490000000
0.0000000000	-0.0493000000
0.0000000000	-0.0495000000
0.0000000000	-0.0498000000
0.0000000000	-0.0501000000
0.1000000000	-0.0503000000
0.1000000000	-0.0505000000
0.1000000000	-0.0507000000
0.1000000000	-0.0509000000
0.1000000000	-0.0511000000
0.1000000000	-0.0513000000
0.1000000000	-0.0515000000
0.1000000000	-0.0517000000
0.1000000000	-0.0519000000
0.1000000000	-0.0520000000
0.1000000000	-0.0522000000
0.1000000000	-0.0522000000
0.1000000000	-0.0523000000
0.1000000000	-0.0524000000
0.1000000000	-0.0525000000
0.1000000000	-0.0525000000
0.1000000000	-0.0526000000
0.1000000000	-0.0526000000
0.1000000000	-0.0525000000
0.1000000000	-0.0525000000
0.1000000000	-0.0525000000
0.1000000000	-0.0525000000
0.1000000000	-0.0525000000
0.1000000000	-0.0525000000
0.1000000000	-0.0525000000
0.1000000000	-0.0525000000
0.1000000000	-0.0525000000
0.1000000000	-0.0525000000
0.1000000000	-0.0525000000
0.1000000000	-0.0525000000
0.1000000000	-0.0525000000
0.1000000000	-0.0525000000
0.1000000000	-0.0525000000
0.1000000000	-0.0525000000
0.1000000000	-0.0525000000
0.1000000000	-0.0526000000
0.1000000000	-0.0526000000
0.1000000000	-0.0528000000
0.1000000000	-0.0531000000
0.1000000000	-0.0533000000
0.1000000000	-0.0535000000
0.1000000000	-0.0537000000
0.1000000000	-0.0538000000
0.1000000000	-0.0540000000
0.1000000000	-0.0542000000
0.1000000000	-0.0546000000
0.0000000000	-0.0549000000
0.0000000000	-0.0551000000
0.0000000000	-0.0554000000
0.0000000000	-0.0556000000
0.0000000000	-0.0558000000
0.0000000000	-0.0559000000
0.0000000000	-0.0561000000
0.0000000000	-0.0562000000
0.0000000000	-0.0563000000
0.0000000000	-0.0564000000
0.0000000000	-0.0565000000
0.0000000000	-0.0566000000
0.0000000000	-0.0567000000
0.0000000000	-0.0568000000
0.0000000000	-0.0569000000
0.0000000000	-0.0570000000
0.0000000000	-0.0573000000
0.0000000000	-0.0574000000
0.1000000000	-0.0575000000
0.1000000000	-0.0576000000
0.1000000000	-0.0578000000
0.1000000000	-0.0579000000
0.1000000000	-0.0579000000
0.1000000000	-0.0579000000
0.1000000000	-0.0579000000
0.1000000000	-0.0578000000
0.1000000000	-0.0578000000
0.1000000000	-0.0578000000
0.1000000000	-0.0578000000
0.1000000000	-0.0578000000
0.1000000000	-0.0578000000
0.1000000000	-0.0578000000
0.1000000000	-0.0578000000
0.1000000000	-0.0578000000
0.1000000000	-0.0578000000
0.1000000000	-0.0578000000
0.1000000000	-0.0578000000
0.1000000000	-0.0579000000
0.1000000000	-0.0579000000
0.1000000000	-0.0579000000
0.1000000000	-0.0579000000
0.1000000000	-0.0581000000
0.1000000000	-0.0584000000
0.1000000000	-0.0587000000
0.1000000000	-0.0590000000
0.1000000000	-0.0592000000
0.1000000000	-0.0594000000
0.1000000000	-0.0595000000
0.1000000000	-0.0597000000
0.1000000000	-0.0600000000
0.1000000000	-0.0602000000
0.1000000000	-0.0603000000
0.1000000000	-0.0605000000
0.1000000000	-0.0607000000
0.1000000000	-0.0608000000
0.1000000000	-0.0610000000
0.1000000000	-0.0612000000
0.1000000000	-0.0614000000
0.1000000000	-0.0616000000
0.1000000000	-0.0619000000
0.1000000000	-0.0621000000
0.1000000000	-0.0623000000
0.1000000000	-0.0624000000
0.1000000000	-0.0626000000
0.1000000000	-0.0627000000
0.1000000000	-0.0629000000
0.1000000000	-0.0630000000
0.1000000000	-0.0631000000
0.1000000000	-0.0632000000
0.1000000000	-0.0633000000
0.1000000000	-0.0634000000
0.0000000000	-0.0635000000
0.0000000000	-0.0636000000
0.0000000000	-0.0637000000
0.0000000000	-0.0639000000
0.0000000000	-0.0640000000
0.0000000000	-0.0641000000
0.0000000000	-0.0641000000
0.0000000000	-0.0641000000
0.0000000000	-0.0641000000
0.0000000000	-0.0641000000
0.0000000000	-0.0641000000
0.0000000000	-0.0641000000
0.0000000000	-0.0641000000
0.0000000000	-0.0641000000
0.0000000000	-0.0641000000
0.0000000000	-0.0641000000
0.0000000000	-0.0641000000
0.0000000000	-0.0641000000
0.0000000000	-0.0641000000
0.0000000000	-0.0641000000
0.0000000000	-0.0641000000
0.0000000000	-0.0641000000
0.0000000000	-0.0642000000
0.0000000000	-0.0645000000
0.0000000000	-0.0646000000
0.0000000000	-0.0647000000
0.0000000000	-0.0649000000
0.1000000000	-0.0651000000
0.1000000000	-0.0652000000
0.1000000000	-0.0654000000
0.1000000000	-0.0656000000
0.1000000000	-0.0658000000
0.1000000000	-0.0661000000
0.1000000000	-0.0663000000
0.1000000000	-0.0665000000
0.1000000000	-0.0667000000
0.1000000000	-0.0669000000
0.1000000000	-0.0670000000
0.1000000000	-0.0673000000
0.1000000000	-0.0675000000
0.1000000000	-0.0677000000
0.1000000000	-0.0678000000
0.1000000000	-0.0679000000
0.1000000000	-0.0680000000
0.1000000000	-0.0682000000
0.1000000000	-0.0682000000
0.1000000000	-0.0684000000
0.1000000000	-0.0684000000
0.1000000000	-0.0685000000
0.1000000000	-0.0687000000
0.1000000000	-0.0688000000
0.1000000000	-0.0689000000
0.1000000000	-0.0690000000
0.1000000000	-0.0691000000
0.1000000000	-0.0691000000
0.1000000000	-0.0692000000
0.1000000000	-0.0693000000
0.1000000000	-0.0695000000
0.1000000000	-0.0696000000
0.1000000000	-0.0698000000
0.1000000000	-0.0700000000
0.1000000000	-0.0703000000
0.1000000000	-0.0704000000
0.1000000000	-0.0706000000
0.1000000000	-0.0707000000
0.1000000000	-0.0709000000
0.1000000000	-0.0710000000
0.1000000000	-0.0710000000
0.1000000000	-0.0710000000
0.1000000000	-0.0710000000
0.1000000000	-0.0710000000
0.1000000000	-0.0710000000
0.1000000000	-0.0710000000
0.1000000000	-0.0710000000
0.1000000000	-0.0710000000
0.1000000000	-0.0710000000
0.1000000000	-0.0710000000
0.1000000000	-0.0710000000
0.1000000000	-0.0710000000
0.1000000000	-0.0710000000
0.1000000000	-0.0710000000
0.1000000000	-0.0710000000
0.1000000000	-0.0711000000
0.1000000000	-0.0713000000
0.1000000000	-0.0714000000
0.1000000000	-0.0715000000
0.0000000000	-0.0716000000
0.0000000000	-0.0717000000
0.0000000000	-0.0718000000
0.0000000000	-0.0720000000
0.0000000000	-0.0721000000
0.0000000000	-0.0724000000
0.0000000000	-0.0726000000
0.1000000000	-0.0729000000
0.1000000000	-0.0732000000
0.1000000000	-0.0735000000
0.1000000000	-0.0738000000
0.1000000000	-0.0740000000
0.2000000000	-0.0741000000
0.2000000000	-0.0742000000
0.2000000000	-0.0743000000
0.2000000000	-0.0744000000
0.2000000000	-0.0746000000
0.2000000000	-0.0749000000
0.3000000000	-0.0752000000
0.3000000000	-0.0755000000
0.3000000000	-0.0758000000
0.3000000000	-0.0759000000
0.3000000000	-0.0760000000
0.3000000000	-0.0761000000
0.3000000000	-0.0761000000
0.3000000000	-0.0762000000
0.3000000000	-0.0762000000
0.3000000000	-0.0763000000
0.3000000000	-0.0764000000
0.3000000000	-0.0764000000
0.3000000000	-0.0765000000
0.3000000000	-0.0766000000
0.3000000000	-0.0766000000
0.3000000000	-0.0766000000
0.3000000000	-0.0766000000
0.3000000000	-0.0766000000
0.3000000000	-0.0766000000
0.3000000000	-0.0766000000
0.3000000000	-0.0766000000
0.3000000000	-0.0766000000
0.3000000000	-0.0766000000
0.3000000000	-0.0767000000
0.3000000000	-0.0768000000
0.3000000000	-0.0769000000
0.3000000000	-0.0770000000
0.3000000000	-0.0771000000
0.3000000000	-0.0772000000
0.3000000000	-0.0773000000
0.2000000000	-0.0774000000
0.2000000000	-0.0777000000
0.2000000000	-0.0778000000
0.2000000000	-0.0781000000
0.1000000000	-0.0784000000
0.1000000000	-0.0786000000
0.1000000000	-0.0788000000
0.1000000000	-0.0790000000
0.1000000000	-0.0792000000
0.1000000000	-0.0793000000
0.1000000000	-0.0794000000
0.1000000000	-0.0796000000
0.1000000000	-0.0798000000
0.1000000000	-0.0799000000
0.1000000000	-0.0799000000
0.1000000000	-0.0799000000
0.1000000000	-0.0799000000
0.1000000000	-0.0799000000
0.1000000000	-0.0799000000
0.1000000000	-0.0799000000
0.1000000000	-0.0799000000
0.1000000000	-0.0799000000
0.1000000000	-0.0799000000
0.1000000000	-0.0799000000
0.1000000000	-0.0799000000
0.1000000000	-0.0799000000
0.1000000000	-0.0799000000
0.1000000000	-0.0799000000
0.1000000000	-0.0799000000
0.1000000000	-0.0799000000
0.1000000000	-0.0799000000
0.1000000000	-0.0799000000
0.1000000000	-0.0799000000
0.1000000000	-0.0799000000
0.1000000000	-0.0800000000
0.1000000000	-0.0800000000
0.1000000000	-0.0800000000
0.1000000000	-0.0800000000
0.1000000000	-0.0802000000
0.1000000000	-0.0804000000
0.1000000000	-0.0806000000
0.1000000000	-0.0809000000
0.2000000000	-0.0811000000
0.2000000000	-0.0813000000
0.3000000000	-0.0815000000
0.3000000000	-0.0817000000
0.4000000000	-0.0818000000
0.4000000000	-0.0820000000
0.5000000000	-0.0822000000
0.5000000000	-0.0824000000
0.6000000000	-0.0826000000
0.6000000000	-0.0828000000
0.7000000000	-0.0830000000
0.7000000000	-0.0832000000
0.7000000000	-0.0834000000
0.7000000000	-0.0835000000
0.8000000000	-0.0837000000
0.8000000000	-0.0838000000
0.8000000000	-0.0839000000
0.8000000000	-0.0841000000
0.8000000000	-0.0843000000
0.8000000000	-0.0845000000
0.8000000000	-0.0846000000
0.7000000000	-0.0847000000
0.7000000000	-0.0849000000
0.7000000000	-0.0850000000
0.7000000000	-0.0850000000
0.7000000000	-0.0851000000
0.7000000000	-0.0852000000
0.7000000000	-0.0852000000
0.7000000000	-0.0853000000
0.7000000000	-0.0853000000
0.6000000000	-0.0854000000
0.6000000000	-0.0854000000
0.6000000000	-0.0856000000
0.5000000000	-0.0859000000
0.5000000000	-0.0860000000
0.4000000000	-0.0862000000
0.3000000000	-0.0864000000
0.3000000000	-0.0866000000
0.2000000000	-0.0868000000
0.2000000000	-0.0869000000
0.2000000000	-0.0870000000
0.2000000000	-0.0871000000
0.1000000000	-0.0872000000
0.1000000000	-0.0872000000
0.1000000000	-0.0872000000
0.1000000000	-0.0872000000
0.1000000000	-0.0872000000
0.1000000000	-0.0872000000
0.1000000000	-0.0872000000
0.1000000000	-0.0872000000
0.1000000000	-0.0872000000
0.1000000000	-0.0872000000
0.1000000000	-0.0872000000
0.1000000000	-0.0872000000
0.1000000000	-0.0872000000
0.1000000000	-0.0872000000
0.1000000000	-0.0872000000
0.1000000000	-0.0872000000
0.1000000000	-0.0872000000
0.1000000000	-0.0872000000
0.1000000000	-0.0872000000
0.1000000000	-0.0872000000
0.1000000000	-0.0872000000
0.1000000000	-0.0872000000
0.1000000000	-0.0874000000
0.1000000000	-0.0876000000
0.2000000000	-0.0879000000
0.2000000000	-0.0881000000
0.3000000000	-0.0882000000
0.3000000000	-0.0884000000
0.4000000000	-0.0885000000
0.6000000000	-0.0888000000
0.9000000000	-0.0891000000
1.3000000000	-0.0893000000
1.6000000000	-0.0896000000
2.3000000000	-0.0898000000
2.7000000000	-0.0900000000
2.9000000000	-0.0901000000
3.3000000000	-0.0903000000
3.8000000000	-0.0905000000
4.4000000000	-0.0907000000
5.4000000000	-0.0909000000
5.9000000000	-0.0911000000
6.3000000000	-0.0912000000
6.7000000000	-0.0914000000
6.9000000000	-0.0914000000
7.8000000000	-0.0916000000
8.4000000000	-0.0918000000
9.2000000000	-0.0921000000
10.0000000000	-0.0923000000
10.8000000000	-0.0926000000
12.1000000000	-0.0929000000
12.6000000000	-0.0930000000
13.0000000000	-0.0932000000
13.4000000000	-0.0934000000
13.8000000000	-0.0934000000
14.0000000000	-0.0935000000
14.2000000000	-0.0936000000
14.3000000000	-0.0936000000
14.5000000000	-0.0937000000
14.5000000000	-0.0937000000
14.4000000000	-0.0937000000
14.4000000000	-0.0937000000
14.4000000000	-0.0937000000
14.4000000000	-0.0937000000
14.4000000000	-0.0937000000
14.4000000000	-0.0937000000
14.4000000000	-0.0937000000
14.4000000000	-0.0937000000
14.4000000000	-0.0937000000
14.4000000000	-0.0937000000
14.4000000000	-0.0937000000
14.4000000000	-0.0937000000
14.4000000000	-0.0937000000
14.4000000000	-0.0937000000
14.4000000000	-0.0937000000
14.4000000000	-0.0937000000
14.4000000000	-0.0937000000
14.5000000000	-0.0937000000
14.5000000000	-0.0937000000
14.5000000000	-0.0937000000
14.6000000000	-0.0937000000
15.1000000000	-0.0939000000
15.5000000000	-0.0941000000
15.9000000000	-0.0943000000
16.2000000000	-0.0946000000
16.5000000000	-0.0947000000
16.6000000000	-0.0949000000
16.7000000000	-0.0950000000
16.8000000000	-0.0951000000
17.0000000000	-0.0954000000
17.0000000000	-0.0956000000
16.9000000000	-0.0957000000
16.8000000000	-0.0959000000
16.5000000000	-0.0961000000
16.2000000000	-0.0963000000
16.0000000000	-0.0965000000
15.7000000000	-0.0966000000
15.3000000000	-0.0968000000
15.0000000000	-0.0969000000
14.7000000000	-0.0971000000
14.4000000000	-0.0972000000
13.9000000000	-0.0974000000
13.2000000000	-0.0976000000
12.6000000000	-0.0978000000
12.2000000000	-0.0980000000
11.6000000000	-0.0981000000
11.1000000000	-0.0983000000
10.6000000000	-0.0984000000
10.2000000000	-0.0986000000
9.5000000000	-0.0988000000
8.5000000000	-0.0990000000
7.8000000000	-0.0992000000
7.1000000000	-0.0994000000
6.5000000000	-0.0996000000
5.9000000000	-0.0998000000
5.1000000000	-0.1000000000
4.6000000000	-0.1002000000
4.0000000000	-0.1005000000
3.5000000000	-0.1006000000
3.1000000000	-0.1008000000
2.9000000000	-0.1009000000
2.9000000000	-0.1009000000
2.8000000000	-0.1009000000
2.8000000000	-0.1009000000
2.8000000000	-0.1009000000
2.9000000000	-0.1009000000
2.9000000000	-0.1009000000
2.9000000000	-0.1009000000
2.9000000000	-0.1009000000
2.9000000000	-0.1009000000
2.9000000000	-0.1009000000
2.9000000000	-0.1009000000
2.9000000000	-0.1009000000
2.9000000000	-0.1009000000
2.9000000000	-0.1009000000
2.9000000000	-0.1009000000
2.9000000000	-0.1009000000
2.9000000000	-0.1009000000
2.9000000000	-0.1009000000
2.9000000000	-0.1009000000
2.9000000000	-0.1009000000
2.8000000000	-0.1009000000
2.8000000000	-0.1009000000
2.8000000000	-0.1009000000
2.5000000000	-0.1011000000
2.2000000000	-0.1012000000
2.0000000000	-0.1013000000
1.8000000000	-0.1014000000
1.6000000000	-0.1016000000
1.3000000000	-0.1018000000
1.1000000000	-0.1020000000
0.8000000000	-0.1023000000
0.5000000000	-0.1025000000
0.3000000000	-0.1027000000
0.2000000000	-0.1029000000
0.2000000000	-0.1031000000
0.1000000000	-0.1033000000
0.1000000000	-0.1035000000
0.1000000000	-0.1036000000
0.1000000000	-0.1038000000
0.1000000000	-0.1039000000
0.1000000000	-0.1040000000
0.2000000000	-0.1042000000
0.2000000000	-0.1043000000
0.2000000000	-0.1043000000
0.2000000000	-0.1044000000
0.3000000000	-0.1045000000
0.3000000000	-0.1047000000
0.4000000000	-0.1049000000
0.5000000000	-0.1051000000
0.5000000000	-0.1052000000
0.6000000000	-0.1054000000
0.6000000000	-0.1054000000
0.7000000000	-0.1056000000
0.7000000000	-0.1057000000
0.8000000000	-0.1058000000
0.8000000000	-0.1061000000
0.9000000000	-0.1064000000
0.9000000000	-0.1066000000
0.9000000000	-0.1067000000
1.0000000000	-0.1068000000
1.0000000000	-0.1068000000
1.0000000000	-0.1068000000
1.0000000000	-0.1069000000
1.0000000000	-0.1070000000
1.0000000000	-0.1072000000
0.9000000000	-0.1074000000
0.9000000000	-0.1075000000
0.9000000000	-0.1077000000
0.9000000000	-0.1078000000
0.8000000000	-0.1079000000
0.8000000000	-0.1080000000
0.8000000000	-0.1081000000
0.8000000000	-0.1082000000
0.7000000000	-0.1083000000
0.7000000000	-0.1084000000
0.6000000000	-0.1086000000
0.6000000000	-0.1087000000
0.5000000000	-0.1087000000
0.5000000000	-0.1087000000
0.6000000000	-0.1087000000
0.6000000000	-0.1087000000
0.6000000000	-0.1087000000
0.6000000000	-0.1087000000
0.6000000000	-0.1087000000
0.6000000000	-0.1087000000
0.6000000000	-0.1087000000
0.6000000000	-0.1087000000
0.6000000000	-0.1087000000
0.6000000000	-0.1087000000
0.6000000000	-0.1087000000
0.6000000000	-0.1087000000
0.6000000000	-0.1087000000
0.6000000000	-0.1087000000
0.6000000000	-0.1087000000
0.5000000000	-0.1087000000
0.5000000000	-0.1088000000
0.5000000000	-0.1090000000
0.4000000000	-0.1092000000
0.3000000000	-0.1093000000
0.3000000000	-0.1095000000
0.2000000000	-0.1097000000
0.2000000000	-0.1099000000
0.1000000000	-0.1102000000
0.1000000000	-0.1104000000
0.1000000000	-0.1106000000
0.1000000000	-0.1108000000
0.1000000000	-0.1109000000
0.1000000000	-0.1109000000
0.1000000000	-0.1110000000
0.1000000000	-0.1111000000
0.1000000000	-0.1112000000
0.1000000000	-0.1113000000
0.1000000000	-0.1114000000
0.1000000000	-0.1116000000
0.1000000000	-0.1117000000
0.1000000000	-0.1119000000
0.1000000000	-0.1120000000
0.1000000000	-0.1121000000
0.1000000000	-0.1121000000
0.1000000000	-0.1122000000
0.1000000000	-0.1124000000
0.2000000000	-0.1124000000
0.2000000000	-0.1126000000
0.2000000000	-0.1126000000
0.2000000000	-0.1127000000
0.2000000000	-0.1129000000
0.2000000000	-0.1130000000
0.2000000000	-0.1132000000
0.3000000000	-0.1133000000
0.3000000000	-0.1135000000
0.3000000000	-0.1136000000
0.3000000000	-0.1138000000
0.3000000000	-0.1139000000
0.3000000000	-0.1140000000
0.3000000000	-0.1142000000
0.3000000000	-0.1144000000
0.3000000000	-0.1146000000
0.3000000000	-0.1147000000
0.3000000000	-0.1149000000
0.3000000000	-0.1150000000
0.3000000000	-0.1151000000
0.3000000000	-0.1152000000
0.3000000000	-0.1154000000
0.3000000000	-0.1154000000
0.3000000000	-0.1155000000
0.3000000000	-0.1155000000
0.3000000000	-0.1157000000
0.3000000000	-0.1158000000
0.3000000000	-0.1160000000
0.3000000000	-0.1162000000
0.2000000000	-0.1164000000
0.2000000000	-0.1165000000
0.2000000000	-0.1165000000
0.2000000000	-0.1165000000
0.2000000000	-0.1165000000
0.2000000000	-0.1165000000
0.2000000000	-0.1165000000
0.2000000000	-0.1165000000
0.2000000000	-0.1165000000
0.2000000000	-0.1165000000
0.2000000000	-0.1165000000
0.2000000000	-0.1165000000
0.2000000000	-0.1165000000
0.2000000000	-0.1165000000
0.2000000000	-0.1165000000
0.2000000000	-0.1165000000
0.2000000000	-0.1165000000
0.2000000000	-0.1165000000
0.2000000000	-0.1165000000
0.2000000000	-0.1165000000
0.2000000000	-0.1166000000
0.2000000000	-0.1169000000
0.2000000000	-0.1171000000
0.1000000000	-0.1173000000
0.1000000000	-0.1175000000
0.1000000000	-0.1177000000
0.1000000000	-0.1179000000
0.1000000000	-0.1182000000
0.1000000000	-0.1184000000
0.1000000000	-0.1187000000
0.1000000000	-0.1190000000
0.1000000000	-0.1192000000
0.1000000000	-0.1195000000
0.1000000000	-0.1197000000
0.1000000000	-0.1199000000
0.1000000000	-0.1200000000
0.1000000000	-0.1201000000
0.1000000000	-0.1202000000
0.1000000000	-0.1203000000
0.1000000000	-0.1204000000
0.1000000000	-0.1206000000
0.1000000000	-0.1208000000
0.1000000000	-0.1209000000
0.1000000000	-0.1211000000
0.1000000000	-0.1212000000
0.2000000000	-0.1214000000
0.2000000000	-0.1216000000
0.2000000000	-0.1218000000
0.2000000000	-0.1220000000
0.2000000000	-0.1222000000
0.2000000000	-0.1223000000
0.2000000000	-0.1224000000
0.2000000000	-0.1225000000
0.2000000000	-0.1225000000
0.2000000000	-0.1226000000
0.2000000000	-0.1227000000
0.2000000000	-0.1229000000
0.2000000000	-0.1229000000
0.2000000000	-0.1230000000
0.2000000000	-0.1232000000
0.2000000000	-0.1234000000
0.2000000000	-0.1235000000
0.2000000000	-0.1235000000
0.2000000000	-0.1235000000
0.2000000000	-0.1234000000
0.2000000000	-0.1234000000
0.2000000000	-0.1234000000
0.2000000000	-0.1234000000
0.2000000000	-0.1234000000
0.2000000000	-0.1234000000
0.2000000000	-0.1234000000
0.2000000000	-0.1234000000
0.2000000000	-0.1234000000
0.2000000000	-0.1234000000
0.2000000000	-0.1234000000
0.2000000000	-0.1234000000
0.2000000000	-0.1235000000
0.2000000000	-0.1235000000
0.2000000000	-0.1235000000
0.2000000000	-0.1235000000
0.2000000000	-0.1238000000
0.1000000000	-0.1240000000
0.1000000000	-0.1242000000
0.1000000000	-0.1244000000
0.1000000000	-0.1247000000
0.1000000000	-0.1249000000
0.1000000000	-0.1251000000
0.1000000000	-0.1253000000
0.1000000000	-0.1255000000
0.1000000000	-0.1257000000
0.1000000000	-0.1259000000
0.1000000000	-0.1260000000
0.1000000000	-0.1262000000
0.1000000000	-0.1263000000
0.0000000000	-0.1264000000
0.0000000000	-0.1266000000
0.0000000000	-0.1268000000
0.0000000000	-0.1270000000
0.0000000000	-0.1271000000
0.0000000000	-0.1271000000
0.0000000000	-0.1272000000
0.0000000000	-0.1273000000
0.0000000000	-0.1275000000
0.0000000000	-0.1277000000
0.1000000000	-0.1280000000
0.1000000000	-0.1282000000
0.1000000000	-0.1283000000
0.1000000000	-0.1284000000
0.1000000000	-0.1285000000
0.1000000000	-0.1287000000
0.1000000000	-0.1289000000
0.1000000000	-0.1291000000
0.1000000000	-0.1292000000
0.1000000000	-0.1292000000
0.1000000000	-0.1292000000
0.1000000000	-0.1292000000
0.1000000000	-0.1291000000
0.1000000000	-0.1291000000
0.1000000000	-0.1291000000
0.1000000000	-0.1291000000
0.1000000000	-0.1291000000
0.1000000000	-0.1291000000
0.1000000000	-0.1291000000
0.1000000000	-0.1291000000
0.1000000000	-0.1291000000
0.1000000000	-0.1291000000
0.1000000000	-0.1291000000
0.1000000000	-0.1291000000
0.1000000000	-0.1291000000
0.1000000000	-0.1291000000
0.1000000000	-0.1291000000
0.1000000000	-0.1292000000
0.1000000000	-0.1292000000
0.1000000000	-0.1292000000
0.1000000000	-0.1292000000
0.1000000000	-0.1292000000
0.1000000000	-0.1292000000
0.1000000000	-0.1295000000
0.1000000000	-0.1296000000
0.1000000000	-0.1298000000
0.1000000000	-0.1300000000
0.1000000000	-0.1302000000
0.1000000000	-0.1305000000
0.1000000000	-0.1308000000
0.1000000000	-0.1311000000
0.1000000000	-0.1315000000
0.1000000000	-0.1319000000
0.1000000000	-0.1322000000
0.1000000000	-0.1326000000
0.1000000000	-0.1328000000
0.1000000000	-0.1329000000
0.1000000000	-0.1330000000
0.1000000000	-0.1331000000
0.1000000000	-0.1332000000
0.1000000000	-0.1334000000
0.1000000000	-0.1335000000
0.1000000000	-0.1337000000
0.0000000000	-0.1339000000
0.0000000000	-0.1340000000
0.0000000000	-0.1341000000
0.0000000000	-0.1343000000
0.0000000000	-0.1345000000
0.0000000000	-0.1347000000
0.0000000000	-0.1349000000
0.0000000000	-0.1350000000
0.0000000000	-0.1351000000
0.0000000000	-0.1353000000
0.0000000000	-0.1354000000
0.0000000000	-0.1354000000
0.0000000000	-0.1354000000
0.0000000000	-0.1354000000
0.0000000000	-0.1353000000
0.0000000000	-0.1353000000
0.0000000000	-0.1353000000
0.0000000000	-0.1353000000
0.0000000000	-0.1353000000
0.0000000000	-0.1353000000
0.0000000000	-0.1353000000
0.0000000000	-0.1353000000
0.0000000000	-0.1353000000
0.0000000000	-0.1353000000
0.0000000000	-0.1353000000
0.0000000000	-0.1353000000
0.0000000000	-0.1353000000
0.0000000000	-0.1353000000
0.0000000000	-0.1353000000
0.0000000000	-0.1353000000
0.0000000000	-0.1353000000
0.0000000000	-0.1354000000
0.0000000000	-0.1354000000
0.0000000000	-0.1354000000
0.0000000000	-0.1354000000
0.0000000000	-0.1354000000
0.0000000000	-0.1354000000
0.0000000000	-0.1356000000
0.0000000000	-0.1357000000
0.0000000000	-0.1359000000
0.1000000000	-0.1360000000
0.1000000000	-0.1361000000
0.1000000000	-0.1362000000
0.1000000000	-0.1362000000
0.1000000000	-0.1363000000
0.1000000000	-0.1364000000
0.1000000000	-0.1366000000
0.1000000000	-0.1367000000
0.1000000000	-0.1369000000
0.1000000000	-0.1371000000
0.1000000000	-0.1372000000
0.1000000000	-0.1373000000
0.1000000000	-0.1373000000
0.1000000000	-0.1375000000
0.1000000000	-0.1377000000
0.1000000000	-0.1380000000
0.1000000000	-0.1383000000
0.1000000000	-0.1386000000
0.1000000000	-0.1389000000
0.1000000000	-0.1391000000
0.1000000000	-0.1394000000
0.1000000000	-0.1396000000
0.1000000000	-0.1398000000
0.1000000000	-0.1401000000
0.1000000000	-0.1405000000
0.1000000000	-0.1408000000
0.0000000000	-0.1411000000
0.0000000000	-0.1413000000
0.0000000000	-0.1414000000
0.0000000000	-0.1415000000
0.0000000000	-0.1415000000
0.0000000000	-0.1415000000
0.0000000000	-0.1416000000
0.0000000000	-0.1417000000
0.0000000000	-0.1418000000
0.0000000000	-0.1419000000
0.0000000000	-0.1421000000
0.0000000000	-0.1422000000
0.0000000000	-0.1424000000
0.0000000000	-0.1426000000
0.0000000000	-0.1427000000
0.0000000000	-0.1427000000
0.0000000000	-0.1426000000
0.0000000000	-0.1426000000
0.0000000000	-0.1426000000
0.0000000000	-0.1426000000
0.0000000000	-0.1426000000
0.0000000000	-0.1426000000
0.0000000000	-0.1426000000
0.0000000000	-0.1426000000
0.0000000000	-0.1426000000
0.0000000000	-0.1426000000
0.0000000000	-0.1426000000
0.0000000000	-0.1426000000
0.0000000000	-0.1427000000
0.0000000000	-0.1427000000
0.0000000000	-0.1427000000
0.0000000000	-0.1429000000
0.0000000000	-0.1431000000
0.0000000000	-0.1432000000
0.0000000000	-0.1436000000
0.0000000000	-0.1438000000
0.0000000000	-0.1440000000
0.1000000000	-0.1442000000
0.1000000000	-0.1445000000
0.1000000000	-0.1447000000
0.1000000000	-0.1449000000
0.1000000000	-0.1451000000
0.1000000000	-0.1453000000
0.1000000000	-0.1454000000
0.1000000000	-0.1455000000
0.1000000000	-0.1456000000
0.1000000000	-0.1456000000
0.1000000000	-0.1458000000
0.1000000000	-0.1460000000
0.1000000000	-0.1462000000
0.1000000000	-0.1465000000
0.1000000000	-0.1467000000
0.1000000000	-0.1469000000
0.1000000000	-0.1471000000
0.1000000000	-0.1473000000
0.1000000000	-0.1475000000
0.1000000000	-0.1478000000
0.1000000000	-0.1480000000
0.1000000000	-0.1483000000
0.0000000000	-0.1485000000
0.0000000000	-0.1486000000
0.0000000000	-0.1488000000
0.0000000000	-0.1490000000
0.0000000000	-0.1491000000
0.0000000000	-0.1492000000
0.0000000000	-0.1492000000
0.0000000000	-0.1492000000
0.0000000000	-0.1492000000
0.0000000000	-0.1492000000
0.0000000000	-0.1492000000
0.0000000000	-0.1492000000
0.0000000000	-0.1492000000
0.0000000000	-0.1492000000
0.0000000000	-0.1492000000
0.0000000000	-0.1492000000
0.0000000000	-0.1492000000
0.0000000000	-0.1492000000
0.0000000000	-0.1492000000
0.0000000000	-0.1492000000
0.0000000000	-0.1492000000
0.0000000000	-0.1494000000
0.0000000000	-0.1498000000
0.0000000000	-0.1500000000
0.0000000000	-0.1503000000
0.0000000000	-0.1505000000
0.0000000000	-0.1506000000
0.0000000000	-0.1506000000
0.0000000000	-0.1507000000
0.0000000000	-0.1509000000
0.0000000000	-0.1511000000
0.0000000000	-0.1514000000
0.0000000000	-0.1517000000
0.0000000000	-0.1521000000
0.1000000000	-0.1526000000
0.1000000000	-0.1531000000
0.1000000000	-0.1536000000
0.1000000000	-0.1542000000
0.1000000000	-0.1548000000
0.1000000000	-0.1551000000
0.1000000000	-0.1551000000
0.1000000000	-0.1551000000
0.1000000000	-0.1551000000
0.1000000000	-0.1551000000
0.1000000000	-0.1551000000
0.1000000000	-0.1551000000
0.1000000000	-0.1551000000
0.1000000000	-0.1551000000
0.1000000000	-0.1551000000
0.1000000000	-0.1551000000
0.1000000000	-0.1551000000
0.1000000000	-0.1551000000
0.1000000000	-0.1551000000
0.1000000000	-0.1551000000
0.1000000000	-0.1551000000
0.1000000000	-0.1551000000
0.1000000000	-0.1552000000
0.1000000000	-0.1553000000
0.1000000000	-0.1555000000
0.1000000000	-0.1557000000
0.0000000000	-0.1559000000
0.0000000000	-0.1562000000
0.0000000000	-0.1565000000
0.0000000000	-0.1568000000
0.0000000000	-0.1571000000
0.0000000000	-0.1576000000
0.0000000000	-0.1581000000
0.0000000000	-0.1584000000
0.0000000000	-0.1585000000
0.0000000000	-0.1585000000
0.0000000000	-0.1587000000
0.0000000000	-0.1588000000
0.0000000000	-0.1590000000
0.0000000000	-0.1592000000
0.0000000000	-0.1594000000
0.0000000000	-0.1596000000
0.0000000000	-0.1600000000
0.1000000000	-0.1604000000
0.1000000000	-0.1608000000
0.1000000000	-0.1614000000
0.1000000000	-0.1617000000
0.1000000000	-0.1617000000
0.1000000000	-0.1617000000
0.1000000000	-0.1617000000
0.1000000000	-0.1617000000
0.1000000000	-0.1617000000
0.1000000000	-0.1617000000
0.1000000000	-0.1617000000
0.1000000000	-0.1617000000
0.1000000000	-0.1617000000
0.1000000000	-0.1617000000
0.1000000000	-0.1617000000
0.1000000000	-0.1617000000
0.1000000000	-0.1617000000
0.1000000000	-0.1617000000
0.1000000000	-0.1618000000
0.1000000000	-0.1620000000
0.1000000000	-0.1622000000
0.1000000000	-0.1626000000
0.1000000000	-0.1632000000
0.1000000000	-0.1638000000
0.0000000000	-0.1642000000
0.0000000000	-0.1647000000
0.0000000000	-0.1650000000
0.0000000000	-0.1651000000
0.0000000000	-0.1653000000
0.0000000000	-0.1653000000
0.0000000000	-0.1653000000
0.0000000000	-0.1653000000
0.0000000000	-0.1653000000
0.0000000000	-0.1653000000
0.0000000000	-0.1653000000
0.0000000000	-0.1653000000
0.0000000000	-0.1653000000
0.0000000000	-0.1653000000
0.0000000000	-0.1653000000
0.0000000000	-0.1653000000
0.0000000000	-0.1653000000
0.0000000000	-0.1653000000
0.0000000000	-0.1653000000
0.0000000000	-0.1653000000
0.0000000000	-0.1653000000
0.0000000000	-0.1653000000
0.0000000000	-0.1653000000
0.0000000000	-0.1653000000
0.0000000000	-0.1655000000
0.0000000000	-0.1657000000
0.0000000000	-0.1661000000
0.0000000000	-0.1667000000
0.0000000000	-0.1672000000
0.0000000000	-0.1677000000
0.0000000000	-0.1685000000
0.1000000000	-0.1689000000
0.1000000000	-0.1693000000
0.1000000000	-0.1698000000
0.1000000000	-0.1702000000
0.1000000000	-0.1704000000
0.1000000000	-0.1704000000
0.1000000000	-0.1704000000
0.1000000000	-0.1704000000
0.1000000000	-0.1704000000
0.1000000000	-0.1704000000
0.1000000000	-0.1704000000
0.1000000000	-0.1704000000
0.1000000000	-0.1704000000
0.1000000000	-0.1704000000
0.1000000000	-0.1704000000
0.1000000000	-0.1704000000
0.1000000000	-0.1704000000
0.1000000000	-0.1706000000
0.1000000000	-0.1708000000
0.0000000000	-0.1712000000
0.0000000000	-0.1718000000
0.0000000000	-0.1726000000
0.0000000000	-0.1731000000
0.0000000000	-0.1736000000
0.0000000000	-0.1742000000
0.0000000000	-0.1747000000
0.0000000000	-0.1752000000
0.0000000000	-0.1756000000
0.0000000000	-0.1756000000
0.0000000000	-0.1756000000
0.0000000000	-0.1756000000
0.0000000000	-0.1756000000
0.0000000000	-0.1756000000
0.0000000000	-0.1756000000
0.0000000000	-0.1756000000
0.0000000000	-0.1756000000
0.0000000000	-0.1756000000
0.0000000000	-0.1758000000
0.0000000000	-0.1761000000
0.0000000000	-0.1764000000
0.0000000000	-0.1769000000
0.0000000000	-0.1773000000
0.1000000000	-0.1777000000
0.1000000000	-0.1782000000
0.1000000000	-0.1785000000
0.0000000000	-0.1790000000
0.0000000000	-0.1794000000
0.0000000000	-0.1797000000
0.0000000000	-0.1797000000
0.0000000000	-0.1797000000
0.0000000000	-0.1797000000
0.0000000000	-0.1797000000
0.0000000000	-0.1797000000
0.0000000000	-0.1797000000
0.0000000000	-0.1797000000
0.0000000000	-0.1797000000
0.0000000000	-0.1797000000
0.0000000000	-0.1797000000
0.0000000000	-0.1798000000
0.0000000000	-0.1798000000
0.0000000000	-0.1798000000
0.0000000000	-0.1798000000
0.0000000000	-0.1798000000
0.0000000000	-0.1798000000
0.0000000000	-0.1798000000
0.0000000000	-0.1798000000
0.0000000000	-0.1798000000
0.0000000000	-0.1798000000
0.0000000000	-0.1798000000
0.0000000000	-0.1798000000
0.0000000000	-0.1798000000
0.0000000000	-0.1798000000
0.0000000000	-0.1798000000
0.0000000000	-0.1798000000
0.0000000000	-0.1798000000
0.0000000000	-0.1798000000
0.0000000000	-0.1798000000
0.0000000000	-0.1798000000
0.0000000000	-0.1798000000
0.0000000000	-0.1798000000
0.0000000000	-0.1798000000
0.0000000000	-0.1798000000
0.0000000000	-0.1798000000
0.0000000000	-0.1798000000
0.0000000000	-0.1795000000
0.0000000000	-0.1793000000
0.0000000000	-0.1792000000
0.0000000000	-0.1792000000
0.0000000000	-0.1792000000
0.0000000000	-0.1791000000
0.0000000000	-0.1790000000
0.0000000000	-0.1788000000
0.0000000000	-0.1786000000
0.0000000000	-0.1783000000
0.1000000000	-0.1780000000
0.1000000000	-0.1777000000
0.1000000000	-0.1773000000
0.1000000000	-0.1769000000
0.0000000000	-0.1767000000
0.0000000000	-0.1764000000
0.0000000000	-0.1761000000
0.0000000000	-0.1759000000
0.0000000000	-0.1759000000
0.0000000000	-0.1759000000
0.0000000000	-0.1759000000
0.0000000000	-0.1759000000
0.0000000000	-0.1760000000
0.0000000000	-0.1760000000
0.0000000000	-0.1760000000
0.0000000000	-0.1760000000
0.0000000000	-0.1760000000
0.0000000000	-0.1760000000
0.0000000000	-0.1760000000
0.0000000000	-0.1760000000
0.0000000000	-0.1760000000
0.0000000000	-0.1759000000
0.0000000000	-0.1758000000
0.0000000000	-0.1758000000
0.0000000000	-0.1757000000
0.0000000000	-0.1755000000
0.0000000000	-0.1752000000
0.0000000000	-0.1749000000
0.0000000000	-0.1747000000
0.0000000000	-0.1744000000
0.0000000000	-0.1742000000
0.0000000000	-0.1739000000
0.0000000000	-0.1736000000
0.0000000000	-0.1732000000
0.0000000000	-0.1730000000
0.0000000000	-0.1727000000
0.0000000000	-0.1725000000
0.0000000000	-0.1722000000
0.0000000000	-0.1720000000
0.0000000000	-0.1720000000
0.0000000000	-0.1718000000
0.0000000000	-0.1716000000
0.0000000000	-0.1714000000
0.0000000000	-0.1713000000
0.0000000000	-0.1713000000
0.0000000000	-0.1712000000
0.0000000000	-0.1712000000
0.0000000000	-0.1711000000
0.0000000000	-0.1710000000
0.0000000000	-0.1708000000
0.0000000000	-0.1705000000
0.1000000000	-0.1702000000
0.1000000000	-0.1698000000
0.1000000000	-0.1695000000
0.1000000000	-0.1690000000
0.1000000000	-0.1686000000
0.1000000000	-0.1684000000
0.0000000000	-0.1681000000
0.0000000000	-0.1679000000
0.0000000000	-0.1679000000
0.0000000000	-0.1679000000
0.0000000000	-0.1679000000
0.0000000000	-0.1679000000
0.0000000000	-0.1679000000
0.0000000000	-0.1679000000
0.0000000000	-0.1679000000
0.0000000000	-0.1679000000
0.0000000000	-0.1679000000
0.0000000000	-0.1679000000
0.0000000000	-0.1679000000
0.0000000000	-0.1679000000
0.0000000000	-0.1679000000
0.0000000000	-0.1679000000
0.0000000000	-0.1679000000
0.0000000000	-0.1679000000
0.0000000000	-0.1678000000
0.0000000000	-0.1675000000
0.0000000000	-0.1673000000
0.0000000000	-0.1670000000
0.0000000000	-0.1667000000
0.0000000000	-0.1664000000
0.0000000000	-0.1661000000
0.0000000000	-0.1657000000
0.0000000000	-0.1652000000
0.0000000000	-0.1647000000
0.0000000000	-0.1642000000
0.0000000000	-0.1636000000
0.1000000000	-0.1631000000
0.1000000000	-0.1626000000
0.1000000000	-0.1620000000
0.1000000000	-0.1617000000
0.1000000000	-0.1613000000
0.1000000000	-0.1610000000
0.1000000000	-0.1610000000
0.1000000000	-0.1610000000
0.1000000000	-0.1610000000
0.1000000000	-0.1610000000
0.1000000000	-0.1610000000
0.1000000000	-0.1610000000
0.1000000000	-0.1610000000
0.1000000000	-0.1610000000
0.1000000000	-0.1610000000
0.1000000000	-0.1610000000
0.1000000000	-0.1610000000
0.1000000000	-0.1610000000
0.1000000000	-0.1610000000
0.1000000000	-0.1610000000
0.1000000000	-0.1610000000
0.1000000000	-0.1610000000
0.1000000000	-0.1610000000
0.1000000000	-0.1610000000
0.1000000000	-0.1609000000
0.1000000000	-0.1605000000
0.1000000000	-0.1602000000
0.1000000000	-0.1599000000
0.0000000000	-0.1594000000
0.0000000000	-0.1590000000
0.0000000000	-0.1584000000
0.0000000000	-0.1578000000
0.0000000000	-0.1573000000
0.0000000000	-0.1569000000
0.0000000000	-0.1565000000
0.0000000000	-0.1561000000
0.0000000000	-0.1558000000
0.0000000000	-0.1554000000
0.1000000000	-0.1551000000
0.1000000000	-0.1547000000
0.1000000000	-0.1544000000
0.1000000000	-0.1543000000
0.1000000000	-0.1542000000
0.1000000000	-0.1542000000
0.1000000000	-0.1542000000
0.1000000000	-0.1542000000
0.1000000000	-0.1542000000
0.1000000000	-0.1542000000
0.1000000000	-0.1542000000
0.1000000000	-0.1542000000
0.1000000000	-0.1542000000
0.1000000000	-0.1542000000
0.1000000000	-0.1542000000
0.1000000000	-0.1542000000
0.1000000000	-0.1542000000
0.1000000000	-0.1542000000
0.1000000000	-0.1542000000
0.1000000000	-0.1542000000
0.1000000000	-0.1542000000
0.1000000000	-0.1542000000
0.1000000000	-0.1542000000
0.1000000000	-0.1542000000
0.1000000000	-0.1541000000
0.1000000000	-0.1539000000
0.1000000000	-0.1538000000
0.1000000000	-0.1536000000
0.1000000000	-0.1535000000
0.1000000000	-0.1533000000
0.1000000000	-0.1531000000
0.1000000000	-0.1529000000
0.1000000000	-0.1527000000
0.1000000000	-0.1525000000
0.1000000000	-0.1523000000
0.1000000000	-0.1521000000
0.1000000000	-0.1519000000
0.0000000000	-0.1516000000
0.0000000000	-0.1514000000
0.0000000000	-0.1512000000
0.0000000000	-0.1509000000
0.0000000000	-0.1507000000
0.0000000000	-0.1504000000
0.0000000000	-0.1502000000
0.0000000000	-0.1499000000
0.0000000000	-0.1497000000
0.0000000000	-0.1495000000
0.0000000000	-0.1492000000
0.0000000000	-0.1489000000
0.0000000000	-0.1487000000
0.0000000000	-0.1485000000
0.0000000000	-0.1484000000
0.0000000000	-0.1483000000
0.0000000000	-0.1482000000
0.0000000000	-0.1481000000
0.0000000000	-0.1480000000
0.0000000000	-0.1478000000
0.0000000000	-0.1476000000
0.1000000000	-0.1475000000
0.1000000000	-0.1473000000
0.1000000000	-0.1471000000
0.1000000000	-0.1470000000
0.1000000000	-0.1468000000
0.1000000000	-0.1466000000
0.1000000000	-0.1464000000
0.1000000000	-0.1461000000
0.1000000000	-0.1459000000
0.1000000000	-0.1457000000
0.1000000000	-0.1455000000
0.1000000000	-0.1454000000
0.1000000000	-0.1452000000
0.1000000000	-0.1451000000
0.1000000000	-0.1450000000
0.1000000000	-0.1449000000
0.1000000000	-0.1449000000
0.1000000000	-0.1449000000
0.1000000000	-0.1449000000
0.1000000000	-0.1450000000
0.1000000000	-0.1450000000
0.1000000000	-0.1450000000
0.1000000000	-0.1450000000
0.1000000000	-0.1450000000
0.1000000000	-0.1450000000
0.1000000000	-0.1450000000
0.1000000000	-0.1450000000
0.1000000000	-0.1450000000
0.1000000000	-0.1450000000
0.1000000000	-0.1450000000
0.1000000000	-0.1450000000
0.1000000000	-0.1450000000
0.1000000000	-0.1450000000
0.1000000000	-0.1448000000
0.1000000000	-0.1446000000
0.1000000000	-0.1444000000
0.1000000000	-0.1442000000
0.1000000000	-0.1438000000
0.0000000000	-0.1434000000
0.0000000000	-0.1431000000
0.0000000000	-0.1428000000
0.0000000000	-0.1426000000
0.0000000000	-0.1424000000
0.0000000000	-0.1421000000
0.0000000000	-0.1419000000
0.0000000000	-0.1417000000
0.0000000000	-0.1415000000
0.0000000000	-0.1414000000
0.0000000000	-0.1412000000
0.0000000000	-0.1411000000
0.0000000000	-0.1410000000
0.0000000000	-0.1408000000
0.0000000000	-0.1407000000
0.0000000000	-0.1405000000
0.1000000000	-0.1404000000
0.1000000000	-0.1402000000
0.1000000000	-0.1401000000
0.1000000000	-0.1399000000
0.1000000000	-0.1397000000
0.1000000000	-0.1395000000
0.1000000000	-0.1394000000
0.1000000000	-0.1392000000
0.1000000000	-0.1390000000
0.1000000000	-0.1389000000
0.1000000000	-0.1388000000
0.1000000000	-0.1387000000
0.1000000000	-0.1385000000
0.1000000000	-0.1384000000
0.1000000000	-0.1382000000
0.1000000000	-0.1380000000
0.1000000000	-0.1378000000
0.1000000000	-0.1376000000
0.1000000000	-0.1375000000
0.1000000000	-0.1373000000
0.1000000000	-0.1372000000
0.1000000000	-0.1371000000
0.1000000000	-0.1369000000
0.1000000000	-0.1368000000
0.1000000000	-0.1366000000
0.1000000000	-0.1365000000
0.1000000000	-0.1363000000
0.1000000000	-0.1361000000
0.1000000000	-0.1360000000
0.1000000000	-0.1358000000
0.1000000000	-0.1357000000
0.1000000000	-0.1356000000
0.1000000000	-0.1356000000
0.1000000000	-0.1356000000
0.1000000000	-0.1356000000
0.1000000000	-0.1357000000
0.1000000000	-0.1357000000
0.1000000000	-0.1357000000
0.1000000000	-0.1357000000
0.1000000000	-0.1357000000
0.1000000000	-0.1357000000
0.1000000000	-0.1357000000
0.1000000000	-0.1357000000
0.1000000000	-0.1357000000
0.1000000000	-0.1357000000
0.1000000000	-0.1358000000
0.1000000000	-0.1358000000
0.1000000000	-0.1358000000
0.0000000000	-0.1357000000
0.1000000000	-0.1357000000
0.0000000000	-0.1356000000
0.1000000000	-0.1356000000
0.1000000000	-0.1356000000
0.0000000000	-0.1356000000
0.0000000000	-0.1353000000
0.0000000000	-0.1351000000
0.0000000000	-0.1348000000
0.0000000000	-0.1346000000
0.0000000000	-0.1343000000
0.0000000000	-0.1341000000
0.0000000000	-0.1339000000
0.1000000000	-0.1337000000
0.1000000000	-0.1334000000
0.1000000000	-0.1332000000
0.1000000000	-0.1329000000
0.1000000000	-0.1327000000
0.1000000000	-0.1325000000
0.1000000000	-0.1324000000
0.1000000000	-0.1322000000
0.1000000000	-0.1321000000
0.1000000000	-0.1319000000
0.1000000000	-0.1318000000
0.1000000000	-0.1318000000
0.1000000000	-0.1317000000
0.1000000000	-0.1317000000
0.1000000000	-0.1316000000
0.1000000000	-0.1315000000
0.1000000000	-0.1315000000
0.1000000000	-0.1314000000
0.1000000000	-0.1313000000
0.1000000000	-0.1313000000
0.1000000000	-0.1312000000
0.1000000000	-0.1311000000
0.1000000000	-0.1310000000
0.1000000000	-0.1309000000
0.1000000000	-0.1309000000
0.1000000000	-0.1308000000
0.1000000000	-0.1307000000
0.1000000000	-0.1306000000
0.1000000000	-0.1305000000
0.1000000000	-0.1303000000
0.1000000000	-0.1301000000
0.1000000000	-0.1299000000
0.1000000000	-0.1298000000
0.1000000000	-0.1296000000
0.1000000000	-0.1295000000
0.1000000000	-0.1293000000
0.1000000000	-0.1292000000
0.1000000000	-0.1291000000
0.1000000000	-0.1291000000
0.1000000000	-0.1290000000
0.1000000000	-0.1289000000
0.1000000000	-0.1288000000
0.1000000000	-0.1288000000
0.1000000000	-0.1287000000
0.1000000000	-0.1287000000
0.1000000000	-0.1286000000
0.1000000000	-0.1285000000
0.1000000000	-0.1285000000
0.1000000000	-0.1284000000
0.1000000000	-0.1283000000
0.1000000000	-0.1282000000
0.1000000000	-0.1281000000
0.1000000000	-0.1280000000
0.1000000000	-0.1278000000
0.1000000000	-0.1277000000
0.1000000000	-0.1276000000
0.0000000000	-0.1274000000
0.0000000000	-0.1273000000
0.0000000000	-0.1271000000
0.0000000000	-0.1270000000
0.0000000000	-0.1268000000
0.0000000000	-0.1267000000
0.0000000000	-0.1267000000
0.0000000000	-0.1267000000
0.0000000000	-0.1267000000
0.0000000000	-0.1267000000
0.0000000000	-0.1267000000
0.0000000000	-0.1268000000
0.0000000000	-0.1268000000
0.0000000000	-0.1268000000
0.0000000000	-0.1268000000
0.0000000000	-0.1268000000
0.0000000000	-0.1268000000
0.0000000000	-0.1268000000
0.0000000000	-0.1268000000
0.0000000000	-0.1268000000
0.0000000000	-0.1268000000
0.0000000000	-0.1268000000
0.0000000000	-0.1268000000
0.0000000000	-0.1268000000
0.0000000000	-0.1268000000
0.0000000000	-0.1268000000
0.0000000000	-0.1268000000
0.0000000000	-0.1267000000
0.0000000000	-0.1267000000
0.0000000000	-0.1267000000
0.0000000000	-0.1267000000
0.0000000000	-0.1266000000
0.1000000000	-0.1264000000
0.1000000000	-0.1261000000
0.1000000000	-0.1258000000
0.1000000000	-0.1255000000
0.1000000000	-0.1253000000
0.1000000000	-0.1251000000
0.1000000000	-0.1248000000
0.1000000000	-0.1246000000
0.1000000000	-0.1242000000
0.2000000000	-0.1239000000
0.2000000000	-0.1236000000
0.2000000000	-0.1233000000
0.2000000000	-0.1231000000
0.2000000000	-0.1230000000
0.2000000000	-0.1229000000
0.2000000000	-0.1229000000
0.2000000000	-0.1229000000
0.2000000000	-0.1228000000
0.2000000000	-0.1227000000
0.2000000000	-0.1227000000
0.2000000000	-0.1226000000
0.2000000000	-0.1224000000
0.2000000000	-0.1223000000
0.2000000000	-0.1222000000
0.2000000000	-0.1221000000
0.2000000000	-0.1220000000
0.2000000000	-0.1219000000
0.2000000000	-0.1218000000
0.2000000000	-0.1218000000
0.2000000000	-0.1216000000
0.2000000000	-0.1215000000
0.2000000000	-0.1214000000
0.1000000000	-0.1212000000
0.1000000000	-0.1211000000
0.1000000000	-0.1209000000
0.1000000000	-0.1207000000
0.1000000000	-0.1205000000
0.1000000000	-0.1204000000
0.1000000000	-0.1203000000
0.1000000000	-0.1201000000
0.1000000000	-0.1200000000
0.1000000000	-0.1199000000
0.1000000000	-0.1198000000
0.1000000000	-0.1196000000
0.1000000000	-0.1195000000
0.1000000000	-0.1193000000
0.0000000000	-0.1191000000
0.0000000000	-0.1189000000
0.0000000000	-0.1187000000
0.1000000000	-0.1185000000
0.1000000000	-0.1183000000
0.1000000000	-0.1181000000
0.1000000000	-0.1180000000
0.1000000000	-0.1180000000
0.1000000000	-0.1180000000
0.1000000000	-0.1180000000
0.1000000000	-0.1180000000
0.1000000000	-0.1180000000
0.1000000000	-0.1180000000
0.1000000000	-0.1180000000
0.1000000000	-0.1180000000
0.1000000000	-0.1180000000
0.1000000000	-0.1180000000
0.1000000000	-0.1180000000
0.1000000000	-0.1180000000
0.1000000000	-0.1180000000
0.1000000000	-0.1180000000
0.1000000000	-0.1180000000
0.1000000000	-0.1180000000
0.1000000000	-0.1180000000
0.1000000000	-0.1180000000
0.1000000000	-0.1180000000
0.1000000000	-0.1180000000
0.1000000000	-0.1180000000
0.1000000000	-0.1180000000
0.1000000000	-0.1180000000
0.1000000000	-0.1180000000
0.1000000000	-0.1180000000
0.1000000000	-0.1180000000
0.1000000000	-0.1180000000
0.1000000000	-0.1180000000
0.1000000000	-0.1179000000
0.1000000000	-0.1177000000
0.1000000000	-0.1176000000
0.2000000000	-0.1174000000
0.2000000000	-0.1173000000
0.2000000000	-0.1171000000
0.2000000000	-0.1170000000
0.2000000000	-0.1169000000
0.2000000000	-0.1168000000
0.2000000000	-0.1166000000
0.2000000000	-0.1165000000
0.3000000000	-0.1163000000
0.3000000000	-0.1161000000
0.3000000000	-0.1158000000
0.3000000000	-0.1157000000
0.3000000000	-0.1155000000
0.3000000000	-0.1153000000
0.3000000000	-0.1152000000
0.3000000000	-0.1150000000
0.3000000000	-0.1148000000
0.3000000000	-0.1147000000
0.3000000000	-0.1145000000
0.3000000000	-0.1143000000
0.3000000000	-0.1142000000
0.3000000000	-0.1141000000
0.3000000000	-0.1140000000
0.3000000000	-0.1140000000
0.3000000000	-0.1139000000
0.3000000000	-0.1138000000
0.3000000000	-0.1137000000
0.3000000000	-0.1135000000
0.3000000000	-0.1134000000
0.2000000000	-0.1132000000
0.2000000000	-0.1130000000
0.2000000000	-0.1129000000
0.2000000000	-0.1128000000
0.2000000000	-0.1127000000
0.2000000000	-0.1126000000
0.2000000000	-0.1125000000
0.2000000000	-0.1124000000
0.2000000000	-0.1123000000
0.1000000000	-0.1122000000
0.1000000000	-0.1121000000
0.1000000000	-0.1120000000
0.1000000000	-0.1119000000
0.1000000000	-0.1118000000
0.1000000000	-0.1116000000
0.1000000000	-0.1114000000
0.1000000000	-0.1113000000
0.1000000000	-0.1112000000
0.1000000000	-0.1111000000
0.1000000000	-0.1111000000
0.1000000000	-0.1111000000
0.1000000000	-0.1111000000
0.1000000000	-0.1111000000
0.1000000000	-0.1111000000
0.1000000000	-0.1111000000
0.1000000000	-0.1111000000
0.1000000000	-0.1111000000
0.1000000000	-0.1111000000
0.1000000000	-0.1111000000
0.1000000000	-0.1111000000
0.1000000000	-0.1111000000
0.1000000000	-0.1111000000
0.1000000000	-0.1111000000
0.1000000000	-0.1111000000
0.1000000000	-0.1111000000
0.1000000000	-0.1111000000
0.1000000000	-0.1111000000
0.1000000000	-0.1111000000
0.1000000000	-0.1111000000
0.1000000000	-0.1111000000
0.1000000000	-0.1111000000
0.1000000000	-0.1111000000
0.1000000000	-0.1111000000
0.1000000000	-0.1111000000
0.1000000000	-0.1111000000
0.1000000000	-0.1111000000
0.1000000000	-0.1111000000
0.1000000000	-0.1111000000
0.1000000000	-0.1111000000
0.1000000000	-0.1111000000
0.1000000000	-0.1111000000
0.1000000000	-0.1111000000
0.1000000000	-0.1110000000
0.1000000000	-0.1109000000
0.1000000000	-0.1108000000
0.1000000000	-0.1107000000
0.1000000000	-0.1106000000
0.1000000000	-0.1105000000
0.1000000000	-0.1104000000
0.1000000000	-0.1103000000
0.1000000000	-0.1103000000
0.1000000000	-0.1102000000
0.1000000000	-0.1101000000
0.1000000000	-0.1100000000
0.1000000000	-0.1099000000
0.2000000000	-0.1099000000
0.2000000000	-0.1099000000
0.2000000000	-0.1099000000
0.2000000000	-0.1099000000
0.2000000000	-0.1099000000
0.2000000000	-0.1099000000
0.2000000000	-0.1099000000
0.2000000000	-0.1099000000
0.2000000000	-0.1099000000
0.2000000000	-0.1099000000
0.2000000000	-0.1099000000
0.2000000000	-0.1099000000
0.2000000000	-0.1099000000
0.2000000000	-0.1099000000
0.2000000000	-0.1099000000
0.2000000000	-0.1099000000
0.2000000000	-0.1099000000
0.2000000000	-0.1099000000
0.2000000000	-0.1099000000
0.2000000000	-0.1099000000
0.2000000000	-0.1099000000
0.2000000000	-0.1098000000
0.2000000000	-0.1098000000
0.2000000000	-0.1097000000
0.2000000000	-0.1097000000
0.2000000000	-0.1096000000
0.2000000000	-0.1096000000
0.2000000000	-0.1096000000
0.2000000000	-0.1095000000
0.3000000000	-0.1094000000
0.3000000000	-0.1093000000
0.4000000000	-0.1091000000
0.4000000000	-0.1090000000
0.5000000000	-0.1089000000
0.5000000000	-0.1089000000
0.5000000000	-0.1088000000
0.6000000000	-0.1088000000
0.6000000000	-0.1087000000
0.6000000000	-0.1086000000
0.7000000000	-0.1086000000
0.7000000000	-0.1085000000
0.7000000000	-0.1084000000
0.8000000000	-0.1083000000
0.8000000000	-0.1082000000
0.8000000000	-0.1080000000
0.9000000000	-0.1078000000
0.9000000000	-0.1075000000
0.9000000000	-0.1073000000
1.0000000000	-0.1071000000
1.0000000000	-0.1071000000
1.0000000000	-0.1070000000
1.0000000000	-0.1070000000
1.0000000000	-0.1069000000
1.0000000000	-0.1068000000
1.0000000000	-0.1066000000
1.0000000000	-0.1065000000
1.0000000000	-0.1064000000
0.9000000000	-0.1063000000
0.9000000000	-0.1062000000
0.9000000000	-0.1061000000
0.9000000000	-0.1059000000
0.8000000000	-0.1058000000
0.8000000000	-0.1057000000
0.8000000000	-0.1057000000
0.8000000000	-0.1057000000
0.7000000000	-0.1056000000
0.7000000000	-0.1056000000
0.7000000000	-0.1055000000
0.7000000000	-0.1054000000
0.6000000000	-0.1053000000
0.5000000000	-0.1052000000
0.4000000000	-0.1050000000
0.4000000000	-0.1049000000
0.3000000000	-0.1048000000
0.3000000000	-0.1046000000
0.2000000000	-0.1045000000
0.2000000000	-0.1044000000
0.2000000000	-0.1043000000
0.2000000000	-0.1043000000
0.2000000000	-0.1043000000
0.2000000000	-0.1042000000
0.1000000000	-0.1042000000
0.1000000000	-0.1041000000
0.1000000000	-0.1041000000
0.1000000000	-0.1040000000
0.1000000000	-0.1040000000
0.1000000000	-0.1039000000
0.1000000000	-0.1038000000
0.1000000000	-0.1037000000
0.1000000000	-0.1036000000
0.1000000000	-0.1035000000
0.1000000000	-0.1034000000
0.1000000000	-0.1033000000
0.1000000000	-0.1032000000
0.2000000000	-0.1031000000
0.2000000000	-0.1031000000
0.2000000000	-0.1030000000
0.2000000000	-0.1030000000
0.2000000000	-0.1030000000
0.2000000000	-0.1030000000
0.2000000000	-0.1030000000
0.3000000000	-0.1030000000
0.3000000000	-0.1030000000
0.3000000000	-0.1030000000
0.3000000000	-0.1030000000
0.3000000000	-0.1030000000
0.3000000000	-0.1030000000
0.3000000000	-0.1030000000
0.3000000000	-0.1030000000
0.3000000000	-0.1030000000
0.3000000000	-0.1030000000
0.3000000000	-0.1030000000
0.3000000000	-0.1030000000
0.3000000000	-0.1030000000
0.3000000000	-0.1030000000
0.3000000000	-0.1030000000
0.3000000000	-0.1030000000
0.3000000000	-0.1030000000
0.3000000000	-0.1030000000
0.3000000000	-0.1030000000
0.3000000000	-0.1030000000
0.3000000000	-0.1030000000
0.3000000000	-0.1030000000
0.3000000000	-0.1030000000
0.3000000000	-0.1030000000
0.3000000000	-0.1030000000
0.3000000000	-0.1030000000
0.3000000000	-0.1030000000
0.3000000000	-0.1030000000
0.3000000000	-0.1030000000
0.3000000000	-0.1030000000
0.3000000000	-0.1030000000
0.3000000000	-0.1030000000
0.3000000000	-0.1030000000
0.3000000000	-0.1030000000
0.3000000000	-0.1030000000
0.3000000000	-0.1030000000
0.3000000000	-0.1028000000
0.4000000000	-0.1027000000
0.5000000000	-0.1026000000
0.6000000000	-0.1026000000
0.7000000000	-0.1025000000
0.8000000000	-0.1024000000
0.9000000000	-0.1023000000
1.0000000000	-0.1022000000
1.1000000000	-0.1020000000
1.2000000000	-0.1019000000
1.4000000000	-0.1018000000
1.6000000000	-0.1016000000
2.2000000000	-0.1013000000
2.6000000000	-0.1011000000
3.1000000000	-0.1009000000
3.5000000000	-0.1007000000
4.0000000000	-0.1004000000
4.5000000000	-0.1001000000
5.8000000000	-0.0998000000
6.7000000000	-0.0996000000
7.6000000000	-0.0993000000
8.3000000000	-0.0991000000
9.0000000000	-0.0989000000
9.6000000000	-0.0988000000
9.9000000000	-0.0987000000
10.2000000000	-0.0986000000
10.7000000000	-0.0984000000
11.3000000000	-0.0982000000
12.3000000000	-0.0980000000
12.9000000000	-0.0977000000
13.3000000000	-0.0975000000
13.6000000000	-0.0973000000
14.0000000000	-0.0972000000
14.4000000000	-0.0969000000
14.8000000000	-0.0967000000
15.1000000000	-0.0966000000
15.5000000000	-0.0964000000
15.7000000000	-0.0963000000
15.7000000000	-0.0963000000
15.7000000000	-0.0963000000
15.6000000000	-0.0963000000
15.8000000000	-0.0964000000
15.8000000000	-0.0964000000
15.8000000000	-0.0964000000
15.8000000000	-0.0964000000
15.8000000000	-0.0964000000
15.8000000000	-0.0964000000
15.8000000000	-0.0964000000
15.8000000000	-0.0964000000
15.8000000000	-0.0964000000
15.8000000000	-0.0964000000
15.8000000000	-0.0964000000
15.8000000000	-0.0964000000
15.8000000000	-0.0964000000
15.8000000000	-0.0964000000
15.8000000000	-0.0964000000
15.8000000000	-0.0964000000
15.8000000000	-0.0964000000
15.8000000000	-0.0964000000
15.9000000000	-0.0963000000
16.3000000000	-0.0960000000
16.4000000000	-0.0957000000
16.4000000000	-0.0955000000
16.3000000000	-0.0953000000
16.2000000000	-0.0950000000
15.9000000000	-0.0947000000
15.6000000000	-0.0945000000
15.0000000000	-0.0942000000
14.6000000000	-0.0940000000
14.2000000000	-0.0938000000
13.6000000000	-0.0936000000
12.8000000000	-0.0934000000
12.3000000000	-0.0932000000
11.8000000000	-0.0930000000
11.3000000000	-0.0929000000
10.5000000000	-0.0927000000
10.1000000000	-0.0925000000
9.6000000000	-0.0924000000
9.2000000000	-0.0922000000
8.6000000000	-0.0920000000
7.6000000000	-0.0918000000
6.9000000000	-0.0915000000
6.0000000000	-0.0913000000
5.2000000000	-0.0910000000
4.6000000000	-0.0908000000
4.0000000000	-0.0905000000
3.2000000000	-0.0902000000
2.4000000000	-0.0899000000
1.8000000000	-0.0897000000
1.3000000000	-0.0894000000
1.0000000000	-0.0892000000
0.7000000000	-0.0889000000
0.6000000000	-0.0888000000
0.5000000000	-0.0887000000
0.5000000000	-0.0887000000
0.5000000000	-0.0887000000
0.5000000000	-0.0887000000
0.5000000000	-0.0887000000
0.5000000000	-0.0887000000
0.5000000000	-0.0887000000
0.5000000000	-0.0887000000
0.5000000000	-0.0887000000
0.5000000000	-0.0887000000
0.5000000000	-0.0887000000
0.5000000000	-0.0887000000
0.5000000000	-0.0887000000
0.5000000000	-0.0887000000
0.5000000000	-0.0887000000
0.5000000000	-0.0887000000
0.5000000000	-0.0887000000
0.5000000000	-0.0887000000
0.5000000000	-0.0887000000
0.5000000000	-0.0887000000
0.5000000000	-0.0887000000
0.5000000000	-0.0887000000
0.5000000000	-0.0886000000
0.3000000000	-0.0884000000
0.2000000000	-0.0881000000
0.1000000000	-0.0879000000
0.1000000000	-0.0877000000
0.1000000000	-0.0875000000
0.1000000000	-0.0873000000
0.2000000000	-0.0871000000
0.2000000000	-0.0868000000
0.3000000000	-0.0865000000
0.4000000000	-0.0863000000
0.4000000000	-0.0861000000
0.5000000000	-0.0859000000
0.5000000000	-0.0857000000
0.6000000000	-0.0855000000
0.6000000000	-0.0852000000
0.7000000000	-0.0849000000
0.7000000000	-0.0846000000
0.8000000000	-0.0842000000
0.7000000000	-0.0838000000
0.7000000000	-0.0834000000
0.6000000000	-0.0831000000
0.6000000000	-0.0829000000
0.5000000000	-0.0827000000
0.5000000000	-0.0825000000
0.5000000000	-0.0824000000
0.5000000000	-0.0823000000
0.4000000000	-0.0821000000
0.4000000000	-0.0819000000
0.3000000000	-0.0818000000
0.3000000000	-0.0816000000
0.2000000000	-0.0814000000
0.2000000000	-0.0812000000
0.2000000000	-0.0811000000
0.2000000000	-0.0810000000
0.2000000000	-0.0810000000
0.2000000000	-0.0810000000
0.2000000000	-0.0811000000
0.2000000000	-0.0811000000
0.2000000000	-0.0811000000
0.2000000000	-0.0811000000
0.2000000000	-0.0811000000
0.2000000000	-0.0811000000
0.2000000000	-0.0811000000
0.2000000000	-0.0811000000
0.2000000000	-0.0811000000
0.2000000000	-0.0811000000
0.2000000000	-0.0811000000
0.2000000000	-0.0811000000
0.2000000000	-0.0811000000
0.2000000000	-0.0811000000
0.2000000000	-0.0811000000
0.1000000000	-0.0808000000
0.1000000000	-0.0804000000
0.1000000000	-0.0801000000
0.1000000000	-0.0798000000
0.1000000000	-0.0795000000
0.1000000000	-0.0793000000
0.1000000000	-0.0791000000
0.1000000000	-0.0788000000
0.1000000000	-0.0785000000
0.2000000000	-0.0782000000
0.2000000000	-0.0779000000
0.2000000000	-0.0777000000
0.2000000000	-0.0776000000
0.2000000000	-0.0775000000
0.2000000000	-0.0774000000
0.2000000000	-0.0773000000
0.3000000000	-0.0770000000
0.3000000000	-0.0769000000
0.3000000000	-0.0767000000
0.3000000000	-0.0765000000
0.3000000000	-0.0762000000
0.3000000000	-0.0759000000
0.3000000000	-0.0755000000
0.3000000000	-0.0752000000
0.2000000000	-0.0750000000
0.2000000000	-0.0747000000
0.2000000000	-0.0745000000
0.2000000000	-0.0743000000
0.1000000000	-0.0741000000
0.1000000000	-0.0740000000
0.1000000000	-0.0741000000
0.1000000000	-0.0741000000
0.1000000000	-0.0741000000
0.1000000000	-0.0741000000
0.1000000000	-0.0741000000
0.1000000000	-0.0741000000
0.1000000000	-0.0741000000
0.1000000000	-0.0741000000
0.1000000000	-0.0741000000
0.1000000000	-0.0741000000
0.1000000000	-0.0741000000
0.1000000000	-0.0741000000
0.1000000000	-0.0741000000
0.1000000000	-0.0741000000
0.1000000000	-0.0739000000
0.1000000000	-0.0736000000
0.1000000000	-0.0732000000
0.1000000000	-0.0729000000
0.0000000000	-0.0725000000
0.0000000000	-0.0722000000
0.0000000000	-0.0719000000
0.0000000000	-0.0716000000
0.1000000000	-0.0713000000
0.1000000000	-0.0710000000
0.1000000000	-0.0707000000
0.1000000000	-0.0704000000
0.1000000000	-0.0702000000
0.1000000000	-0.0699000000
0.1000000000	-0.0697000000
0.1000000000	-0.0695000000
0.1000000000	-0.0693000000
0.1000000000	-0.0690000000
0.1000000000	-0.0686000000
0.1000000000	-0.0682000000
0.1000000000	-0.0679000000
0.1000000000	-0.0677000000
0.1000000000	-0.0675000000
0.1000000000	-0.0673000000
0.1000000000	-0.0670000000
0.1000000000	-0.0667000000
0.1000000000	-0.0664000000
0.1000000000	-0.0662000000
0.1000000000	-0.0659000000
0.1000000000	-0.0659000000
0.1000000000	-0.0659000000
0.1000000000	-0.0658000000
0.1000000000	-0.0658000000
0.1000000000	-0.0658000000
0.1000000000	-0.0659000000
0.1000000000	-0.0659000000
0.1000000000	-0.0659000000
0.1000000000	-0.0659000000
0.1000000000	-0.0659000000
0.1000000000	-0.0659000000
0.1000000000	-0.0659000000
0.1000000000	-0.0659000000
0.1000000000	-0.0659000000
0.1000000000	-0.0659000000
0.1000000000	-0.0659000000
0.1000000000	-0.0659000000
0.1000000000	-0.0659000000
0.1000000000	-0.0659000000
0.1000000000	-0.0658000000
0.1000000000	-0.0658000000
0.1000000000	-0.0655000000
0.1000000000	-0.0651000000
0.0000000000	-0.0648000000
0.0000000000	-0.0645000000
0.0000000000	-0.0641000000
0.0000000000	-0.0638000000
0.0000000000	-0.0634000000
0.1000000000	-0.0631000000
0.1000000000	-0.0628000000
0.1000000000	-0.0625000000
0.1000000000	-0.0622000000
0.1000000000	-0.0619000000
0.1000000000	-0.0617000000
0.1000000000	-0.0614000000
0.1000000000	-0.0610000000
0.1000000000	-0.0607000000
0.1000000000	-0.0604000000
0.1000000000	-0.0600000000
0.1000000000	-0.0597000000
0.1000000000	-0.0595000000
0.1000000000	-0.0593000000
0.1000000000	-0.0591000000
0.1000000000	-0.0589000000
0.1000000000	-0.0587000000
0.1000000000	-0.0585000000
0.1000000000	-0.0584000000
0.1000000000	-0.0582000000
0.1000000000	-0.0580000000
0.1000000000	-0.0577000000
0.0000000000	-0.0574000000
0.0000000000	-0.0571000000
0.0000000000	-0.0568000000
0.0000000000	-0.0565000000
0.0000000000	-0.0563000000
0.0000000000	-0.0562000000
0.0000000000	-0.0562000000
0.0000000000	-0.0562000000
0.0000000000	-0.0562000000
0.0000000000	-0.0563000000
0.0000000000	-0.0563000000
0.0000000000	-0.0563000000
0.0000000000	-0.0563000000
0.0000000000	-0.0563000000
0.0000000000	-0.0563000000
0.0000000000	-0.0563000000
0.0000000000	-0.0563000000
0.0000000000	-0.0563000000
0.0000000000	-0.0563000000
0.0000000000	-0.0563000000
0.0000000000	-0.0563000000
0.0000000000	-0.0563000000
0.0000000000	-0.0563000000
0.0000000000	-0.0562000000
0.0000000000	-0.0562000000
0.0000000000	-0.0562000000
0.0000000000	-0.0558000000
0.0000000000	-0.0555000000
0.0000000000	-0.0552000000
0.0000000000	-0.0549000000
0.0000000000	-0.0546000000
0.1000000000	-0.0542000000
0.1000000000	-0.0538000000
0.1000000000	-0.0535000000
0.1000000000	-0.0533000000
0.1000000000	-0.0530000000
0.1000000000	-0.0527000000
0.1000000000	-0.0524000000
0.1000000000	-0.0521000000
0.1000000000	-0.0518000000
0.1000000000	-0.0516000000
0.1000000000	-0.0513000000
0.1000000000	-0.0511000000
0.1000000000	-0.0509000000
0.1000000000	-0.0506000000
0.0000000000	-0.0503000000
0.0000000000	-0.0500000000
0.0000000000	-0.0497000000
0.0000000000	-0.0494000000
0.0000000000	-0.0491000000
0.0000000000	-0.0488000000
0.0000000000	-0.0486000000
0.0000000000	-0.0483000000
0.0000000000	-0.0481000000
0.0000000000	-0.0480000000
0.0000000000	-0.0480000000
0.0000000000	-0.0480000000
0.0000000000	-0.0480000000
0.0000000000	-0.0480000000
0.0000000000	-0.0480000000
0.0000000000	-0.0481000000
0.0000000000	-0.0481000000
0.0000000000	-0.0481000000
0.0000000000	-0.0481000000
0.0000000000	-0.0481000000
0.0000000000	-0.0481000000
0.0000000000	-0.0481000000
0.0000000000	-0.0481000000
0.0000000000	-0.0481000000
0.0000000000	-0.0481000000
0.0000000000	-0.0481000000
0.0000000000	-0.0480000000
0.0000000000	-0.0480000000
0.0000000000	-0.0480000000
0.0000000000	-0.0480000000
0.0000000000	-0.0476000000
0.0000000000	-0.0473000000
0.0000000000	-0.0470000000
0.0000000000	-0.0467000000
0.0000000000	-0.0463000000
0.1000000000	-0.0460000000
0.1000000000	-0.0457000000
0.1000000000	-0.0453000000
0.1000000000	-0.0449000000
0.1000000000	-0.0446000000
0.1000000000	-0.0442000000
0.0000000000	-0.0438000000
0.0000000000	-0.0434000000
0.0000000000	-0.0429000000
0.0000000000	-0.0424000000
0.0000000000	-0.0420000000
0.0000000000	-0.0416000000
0.0000000000	-0.0411000000
0.0000000000	-0.0408000000
0.0000000000	-0.0405000000
0.0000000000	-0.0402000000
0.0000000000	-0.0399000000
0.0000000000	-0.0397000000
0.0000000000	-0.0395000000
0.0000000000	-0.0394000000
0.0000000000	-0.0392000000
0.0000000000	-0.0391000000
0.0000000000	-0.0390000000
0.0000000000	-0.0388000000
0.0000000000	-0.0387000000
0.0000000000	-0.0387000000
0.0000000000	-0.0387000000
0.0000000000	-0.0387000000
0.0000000000	-0.0387000000
0.0000000000	-0.0387000000
0.0000000000	-0.0387000000
0.0000000000	-0.0387000000
0.0000000000	-0.0387000000
0.0000000000	-0.0387000000
0.0000000000	-0.0387000000
0.0000000000	-0.0387000000
0.0000000000	-0.0387000000
0.0000000000	-0.0387000000
0.0000000000	-0.0387000000
0.0000000000	-0.0387000000
0.0000000000	-0.0387000000
0.0000000000	-0.0387000000
0.0000000000	-0.0387000000
0.0000000000	-0.0387000000
0.0000000000	-0.0385000000
0.0000000000	-0.0383000000
0.0000000000	-0.0380000000
0.0000000000	-0.0377000000
0.0000000000	-0.0372000000
0.0000000000	-0.0369000000
0.0000000000	-0.0365000000
0.0000000000	-0.0361000000
0.0000000000	-0.0357000000
0.0000000000	-0.0354000000
0.0000000000	-0.0351000000
0.0000000000	-0.0346000000
0.0000000000	-0.0343000000
0.0000000000	-0.0340000000
0.0000000000	-0.0338000000
0.0000000000	-0.0337000000
0.0000000000	-0.0336000000
0.0000000000	-0.0334000000
0.0000000000	-0.0332000000
0.0000000000	-0.0330000000
0.0000000000	-0.0327000000
0.0000000000	-0.0325000000
0.0000000000	-0.0322000000
0.0000000000	-0.0320000000
0.0000000000	-0.0317000000
0.0000000000	-0.0314000000
0.0000000000	-0.0312000000
0.0000000000	-0.0309000000
0.0000000000	-0.0307000000
0.0000000000	-0.0305000000
0.0000000000	-0.0303000000
0.0000000000	-0.0301000000
0.0000000000	-0.0300000000
0.0000000000	-0.0298000000
0.0000000000	-0.0297000000
0.0000000000	-0.0296000000
0.0000000000	-0.0296000000
0.0000000000	-0.0296000000
0.0000000000	-0.0296000000
0.0000000000	-0.0296000000
0.0000000000	-0.0296000000
0.0000000000	-0.0296000000
0.0000000000	-0.0296000000
0.0000000000	-0.0296000000
0.0000000000	-0.0296000000
0.0000000000	-0.0296000000
0.0000000000	-0.0296000000
0.0000000000	-0.0296000000
0.0000000000	-0.0296000000
0.0000000000	-0.0296000000
0.0000000000	-0.0296000000
0.0000000000	-0.0296000000
0.0000000000	-0.0296000000
0.0000000000	-0.0296000000
0.0000000000	-0.0296000000
0.0000000000	-0.0296000000
0.0000000000	-0.0296000000
0.0000000000	-0.0295000000
0.0000000000	-0.0293000000
0.0000000000	-0.0292000000
0.0000000000	-0.0290000000
0.0000000000	-0.0288000000
0.0000000000	-0.0286000000
0.0000000000	-0.0284000000
0.0000000000	-0.0282000000
0.0000000000	-0.0282000000
0.0000000000	-0.0282000000
0.0000000000	-0.0282000000
0.0000000000	-0.0282000000
0.0000000000	-0.0282000000
0.0000000000	-0.0282000000
0.0000000000	-0.0282000000
0.0000000000	-0.0282000000
0.0000000000	-0.0282000000
0.0000000000	-0.0282000000
0.0000000000	-0.0282000000
0.0000000000	-0.0282000000
0.0000000000	-0.0282000000
0.0000000000	-0.0282000000
0.0000000000	-0.0282000000
0.0000000000	-0.0282000000
0.0000000000	-0.0282000000
0.0000000000	-0.0282000000
0.0000000000	-0.0282000000
0.0000000000	-0.0282000000
0.0000000000	-0.0282000000
0.0000000000	-0.0281000000
0.0000000000	-0.0280000000
0.0000000000	-0.0280000000
0.0000000000	-0.0278000000
0.0000000000	-0.0276000000
0.0000000000	-0.0274000000
0.0000000000	-0.0272000000
0.0000000000	-0.0269000000
0.0000000000	-0.0267000000
0.0000000000	-0.0265000000
0.0000000000	-0.0263000000
0.0000000000	-0.0261000000
0.0000000000	-0.0258000000
0.0000000000	-0.0256000000
0.0000000000	-0.0254000000
0.0000000000	-0.0253000000
0.0000000000	-0.0252000000
0.0000000000	-0.0251000000
0.0000000000	-0.0251000000
0.0000000000	-0.0251000000
0.0000000000	-0.0251000000
0.0000000000	-0.0251000000
0.0000000000	-0.0251000000
0.0000000000	-0.0251000000
0.0000000000	-0.0251000000
0.0000000000	-0.0251000000
0.0000000000	-0.0251000000
0.0000000000	-0.0251000000
0.0000000000	-0.0251000000
0.0000000000	-0.0251000000
0.0000000000	-0.0251000000
0.0000000000	-0.0251000000
0.0000000000	-0.0251000000
0.0000000000	-0.0251000000
0.0000000000	-0.0251000000
0.0000000000	-0.0251000000
0.0000000000	-0.0251000000
0.0000000000	-0.0251000000
0.0000000000	-0.0251000000
0.0000000000	-0.0251000000
0.0000000000	-0.0251000000
0.0000000000	-0.0251000000
0.0000000000	-0.0251000000
0.0000000000	-0.0251000000
0.0000000000	-0.0251000000
0.0000000000	-0.0251000000
0.0000000000	-0.0251000000
0.0000000000	-0.0251000000
0.0000000000	-0.0250000000
0.0000000000	-0.0249000000
0.0000000000	-0.0246000000
0.0000000000	-0.0243000000
0.0000000000	-0.0240000000
0.0000000000	-0.0237000000
0.0000000000	-0.0233000000
0.0000000000	-0.0231000000
0.0000000000	-0.0228000000
0.0000000000	-0.0226000000
0.0000000000	-0.0223000000
0.0000000000	-0.0221000000
0.0000000000	-0.0218000000
0.0000000000	-0.0215000000
0.0000000000	-0.0212000000
0.0000000000	-0.0209000000
0.0000000000	-0.0207000000
0.0000000000	-0.0204000000
0.0000000000	-0.0200000000
0.0000000000	-0.0197000000
0.0000000000	-0.0195000000
0.0000000000	-0.0193000000
0.0000000000	-0.0190000000
0.0000000000	-0.0187000000
0.0000000000	-0.0185000000
0.0000000000	-0.0185000000
0.0000000000	-0.0185000000
0.0000000000	-0.0185000000
0.0000000000	-0.0185000000
0.0000000000	-0.0185000000
0.0000000000	-0.0185000000
0.0000000000	-0.0185000000
0.0000000000	-0.0185000000
0.0000000000	-0.0185000000
0.0000000000	-0.0185000000
0.0000000000	-0.0185000000
0.0000000000	-0.0185000000
0.0000000000	-0.0185000000
0.0000000000	-0.0185000000
0.0000000000	-0.0185000000
0.0000000000	-0.0184000000
0.0000000000	-0.0181000000
0.0000000000	-0.0177000000
0.0000000000	-0.0172000000
0.0000000000	-0.0169000000
0.0000000000	-0.0166000000
0.0000000000	-0.0163000000
0.0000000000	-0.0159000000
0.0000000000	-0.0155000000
0.0000000000	-0.0151000000
0.0000000000	-0.0146000000
0.0000000000	-0.0142000000
0.0000000000	-0.0138000000
0.0000000000	-0.0134000000
0.0000000000	-0.0129000000
0.0000000000	-0.0125000000
0.0000000000	-0.0121000000
0.0000000000	-0.0117000000
0.0000000000	-0.0115000000
0.0000000000	-0.0115000000
0.0000000000	-0.0115000000
0.0000000000	-0.0115000000
0.0000000000	-0.0115000000
0.0000000000	-0.0115000000
0.0000000000	-0.0115000000
0.0000000000	-0.0115000000
0.0000000000	-0.0115000000
0.0000000000	-0.0115000000
0.0000000000	-0.0115000000
0.0000000000	-0.0115000000
0.0000000000	-0.0115000000
0.0000000000	-0.0115000000
0.0000000000	-0.0115000000
0.0000000000	-0.0115000000
0.0000000000	-0.0115000000
0.0000000000	-0.0115000000
0.0000000000	-0.0115000000
0.0000000000	-0.0115000000
0.0000000000	-0.0111000000
0.0000000000	-0.0108000000
0.0000000000	-0.0104000000
0.0000000000	-0.0101000000
0.0000000000	-0.0097000000
0.0000000000	-0.0093000000
0.0000000000	-0.0089000000
0.0000000000	-0.0084000000
0.0000000000	-0.0078000000
0.0000000000	-0.0073000000
0.0000000000	-0.0069000000
0.0000000000	-0.0065000000
0.0000000000	-0.0061000000
0.0000000000	-0.0058000000
0.0000000000	-0.0054000000
0.0000000000	-0.0052000000
0.0000000000	-0.0049000000
0.0000000000	-0.0046000000
0.0000000000	-0.0043000000
0.0000000000	-0.0040000000
0.0000000000	-0.0037000000
0.0000000000	-0.0035000000
0.0000000000	-0.0035000000
0.0000000000	-0.0035000000
0.0000000000	-0.0035000000
0.0000000000	-0.0035000000
0.0000000000	-0.0035000000
0.0000000000	-0.0035000000
0.0000000000	-0.0035000000
0.0000000000	-0.0035000000
0.0000000000	-0.0035000000
0.0000000000	-0.0035000000
0.0000000000	-0.0035000000
0.0000000000	-0.0035000000
0.0000000000	-0.0035000000
0.0000000000	-0.0035000000
0.0000000000	-0.0035000000
0.0000000000	-0.0035000000
0.0000000000	-0.0035000000
0.0000000000	-0.0033000000
0.0000000000	-0.0032000000
0.0000000000	-0.0030000000
0.0000000000	-0.0028000000
0.0000000000	-0.0026000000
0.0000000000	-0.0023000000
0.0000000000	-0.0021000000
0.0000000000	-0.0016000000
0.0000000000	-0.0012000000
0.0000000000	-0.0006110000
0.0000000000	-0.0000986000
0.0000000000	0.0000197000
0.0000000000	0.0000197000
0.0000000000	0.0000197000
0.0000000000	0.0000197000
0.0000000000	0.0000197000
0.0000000000	0.0000197000
0.0000000000	0.0000197000
0.0000000000	0.0000197000
0.0000000000	0.0000395000
0.0000000000	0.0000395000
0.0000000000	0.0000592000
0.0000000000	0.0000592000
0.0000000000	0.0000592000
0.0000000000	0.0000395000
0.0000000000	0.0000395000
0.0000000000	0.0000000000
0.0000000000	0.0000000000
0.0000000000	0.0000000000
0.0000000000	0.0000000000
0.0000000000	0.0000000000
0.0000000000	0.0000000000
0.0000000000	0.0000000000
0.0000000000	0.0000000000
0.0000000000	0.0000000000
0.0000000000	0.0000000000
0.0000000000	0.0000000000
0.0000000000	0.0000000000
0.0000000000	0.0000000000
0.0000000000	0.0000000000
0.0000000000	0.0000000000
0.0000000000	0.0000000000
0.0000000000	0.0000000000
0.0000000000	0.0000000000
0.0000000000	0.0000000000
0.0000000000	0.0000000000
0.0000000000	0.0000000000
