Light Intensity (% of scale max) Alessandra_0.02_1.5_lampadina	Position (m) Alessandra_0.02_1.5_lampadina
0.0000000000	0.0000000000
0.0000000000	0.0000000000
0.0000000000	0.0000000000
0.0000000000	0.0000000000
0.0000000000	0.0000000000
0.0000000000	0.0000000000
0.0000000000	0.0000000000
0.0000000000	0.0000000000
0.0000000000	0.0000000000
0.0000000000	0.0000000000
0.0000000000	0.0000000000
0.0000000000	0.0000000000
0.0000000000	0.0000000000
0.0000000000	0.0000000000
0.0000000000	0.0000000000
0.0000000000	0.0000000000
0.0000000000	0.0000000000
0.0000000000	0.0000000000
0.0000000000	0.0000000000
0.0000000000	0.0000000000
0.0000000000	0.0000000000
0.0000000000	0.0000000000
0.0000000000	0.0000000000
0.0000000000	0.0000000000
0.0000000000	0.0000000000
0.0000000000	0.0000000000
0.0000000000	0.0000000000
0.0000000000	0.0000000000
0.0000000000	0.0000000000
0.0000000000	0.0000000000
0.0000000000	0.0000000000
0.0000000000	0.0000000000
0.0000000000	0.0000000000
0.0000000000	0.0000000000
0.0000000000	0.0000000000
0.0000000000	0.0000000000
0.0000000000	-0.0000197000
0.0000000000	-0.0000197000
0.0000000000	-0.0000197000
0.0000000000	-0.0000197000
0.0000000000	-0.0000197000
0.0000000000	-0.0000197000
0.0000000000	-0.0000395000
0.0000000000	-0.0002960000
0.0000000000	-0.0004540000
0.0000000000	-0.0005920000
0.0000000000	-0.0007500000
0.0000000000	-0.0009070000
0.0000000000	-0.0010000000
0.0000000000	-0.0011000000
0.0000000000	-0.0013000000
0.0000000000	-0.0015000000
0.0000000000	-0.0018000000
0.0000000000	-0.0021000000
0.0000000000	-0.0025000000
0.0000000000	-0.0029000000
0.0000000000	-0.0034000000
0.0000000000	-0.0038000000
0.0000000000	-0.0041000000
0.0000000000	-0.0043000000
0.0000000000	-0.0045000000
0.0000000000	-0.0046000000
0.0000000000	-0.0047000000
0.0000000000	-0.0048000000
0.0000000000	-0.0049000000
0.0000000000	-0.0051000000
0.0000000000	-0.0052000000
0.0000000000	-0.0054000000
0.0000000000	-0.0057000000
0.0000000000	-0.0059000000
0.0000000000	-0.0062000000
0.0000000000	-0.0066000000
0.0000000000	-0.0071000000
0.0000000000	-0.0074000000
0.0000000000	-0.0074000000
0.0000000000	-0.0074000000
0.0000000000	-0.0074000000
0.0000000000	-0.0074000000
0.0000000000	-0.0074000000
0.0000000000	-0.0074000000
0.0000000000	-0.0074000000
0.0000000000	-0.0074000000
0.0000000000	-0.0074000000
0.0000000000	-0.0074000000
0.0000000000	-0.0074000000
0.0000000000	-0.0074000000
0.0000000000	-0.0074000000
0.0000000000	-0.0074000000
0.0000000000	-0.0074000000
0.0000000000	-0.0074000000
0.0000000000	-0.0074000000
0.0000000000	-0.0074000000
0.0000000000	-0.0074000000
0.0000000000	-0.0074000000
0.0000000000	-0.0077000000
0.0000000000	-0.0080000000
0.0000000000	-0.0083000000
0.0000000000	-0.0087000000
0.0000000000	-0.0092000000
0.0000000000	-0.0095000000
0.0000000000	-0.0097000000
0.0000000000	-0.0103000000
0.0000000000	-0.0106000000
0.0000000000	-0.0110000000
0.0000000000	-0.0115000000
0.0000000000	-0.0121000000
0.0000000000	-0.0126000000
0.0000000000	-0.0130000000
0.0000000000	-0.0134000000
0.0000000000	-0.0139000000
0.0000000000	-0.0143000000
0.0000000000	-0.0147000000
0.0000000000	-0.0149000000
0.0000000000	-0.0150000000
0.0000000000	-0.0153000000
0.0000000000	-0.0155000000
0.0000000000	-0.0155000000
0.0000000000	-0.0155000000
0.0000000000	-0.0155000000
0.0000000000	-0.0155000000
0.0000000000	-0.0155000000
0.0000000000	-0.0155000000
0.0000000000	-0.0155000000
0.0000000000	-0.0155000000
0.0000000000	-0.0155000000
0.0000000000	-0.0155000000
0.0000000000	-0.0155000000
0.0000000000	-0.0155000000
0.0000000000	-0.0155000000
0.0000000000	-0.0155000000
0.0000000000	-0.0155000000
0.0000000000	-0.0155000000
0.0000000000	-0.0155000000
0.0000000000	-0.0155000000
0.0000000000	-0.0155000000
0.0000000000	-0.0155000000
0.0000000000	-0.0156000000
0.0000000000	-0.0158000000
0.0000000000	-0.0159000000
0.0000000000	-0.0161000000
0.0000000000	-0.0163000000
0.0000000000	-0.0168000000
0.0000000000	-0.0172000000
0.0000000000	-0.0174000000
0.0000000000	-0.0177000000
0.0000000000	-0.0180000000
0.0000000000	-0.0182000000
0.0000000000	-0.0186000000
0.0000000000	-0.0191000000
0.0000000000	-0.0193000000
0.0000000000	-0.0195000000
0.0000000000	-0.0199000000
0.0000000000	-0.0201000000
0.0000000000	-0.0203000000
0.0000000000	-0.0206000000
0.0000000000	-0.0209000000
0.0000000000	-0.0211000000
0.0000000000	-0.0213000000
0.0000000000	-0.0215000000
0.0000000000	-0.0219000000
0.0000000000	-0.0222000000
0.0000000000	-0.0224000000
0.0000000000	-0.0227000000
0.0000000000	-0.0231000000
0.0000000000	-0.0235000000
0.0000000000	-0.0237000000
0.0000000000	-0.0237000000
0.0000000000	-0.0237000000
0.0000000000	-0.0237000000
0.0000000000	-0.0237000000
0.0000000000	-0.0237000000
0.0000000000	-0.0237000000
0.0000000000	-0.0237000000
0.0000000000	-0.0237000000
0.0000000000	-0.0237000000
0.0000000000	-0.0237000000
0.0000000000	-0.0237000000
0.0000000000	-0.0237000000
0.0000000000	-0.0237000000
0.0000000000	-0.0237000000
0.0000000000	-0.0237000000
0.0000000000	-0.0237000000
0.0000000000	-0.0237000000
0.0000000000	-0.0237000000
0.0000000000	-0.0237000000
0.0000000000	-0.0240000000
0.0000000000	-0.0244000000
0.0000000000	-0.0248000000
0.0000000000	-0.0252000000
0.0000000000	-0.0256000000
0.0000000000	-0.0260000000
0.0000000000	-0.0263000000
0.0000000000	-0.0266000000
0.0000000000	-0.0268000000
0.0000000000	-0.0270000000
0.0000000000	-0.0273000000
0.0000000000	-0.0274000000
0.0000000000	-0.0275000000
0.0000000000	-0.0276000000
0.0000000000	-0.0277000000
0.0000000000	-0.0278000000
0.0000000000	-0.0278000000
0.0000000000	-0.0278000000
0.0000000000	-0.0278000000
0.0000000000	-0.0278000000
0.0000000000	-0.0280000000
0.0000000000	-0.0282000000
0.0000000000	-0.0285000000
0.0000000000	-0.0288000000
0.0000000000	-0.0291000000
0.0000000000	-0.0294000000
0.0000000000	-0.0296000000
0.0000000000	-0.0297000000
0.0000000000	-0.0299000000
0.0000000000	-0.0300000000
0.0000000000	-0.0301000000
0.0000000000	-0.0301000000
0.0000000000	-0.0301000000
0.0000000000	-0.0301000000
0.0000000000	-0.0302000000
0.0000000000	-0.0302000000
0.0000000000	-0.0302000000
0.0000000000	-0.0302000000
0.0000000000	-0.0302000000
0.0000000000	-0.0302000000
0.0000000000	-0.0302000000
0.0000000000	-0.0302000000
0.0000000000	-0.0302000000
0.0000000000	-0.0302000000
0.0000000000	-0.0302000000
0.0000000000	-0.0302000000
0.0000000000	-0.0302000000
0.0000000000	-0.0302000000
0.0000000000	-0.0302000000
0.0000000000	-0.0302000000
0.0000000000	-0.0302000000
0.0000000000	-0.0302000000
0.0000000000	-0.0302000000
0.0000000000	-0.0304000000
0.0000000000	-0.0306000000
0.0000000000	-0.0307000000
0.0000000000	-0.0307000000
0.0000000000	-0.0308000000
0.0000000000	-0.0310000000
0.0000000000	-0.0313000000
0.0000000000	-0.0316000000
0.0000000000	-0.0319000000
0.0000000000	-0.0323000000
0.0000000000	-0.0326000000
0.0000000000	-0.0329000000
0.0000000000	-0.0333000000
0.0000000000	-0.0335000000
0.0000000000	-0.0337000000
0.0000000000	-0.0340000000
0.0000000000	-0.0342000000
0.0000000000	-0.0345000000
0.0000000000	-0.0348000000
0.0000000000	-0.0349000000
0.0000000000	-0.0351000000
0.0000000000	-0.0353000000
0.0000000000	-0.0354000000
0.0000000000	-0.0356000000
0.0000000000	-0.0358000000
0.0000000000	-0.0360000000
0.0000000000	-0.0362000000
0.0000000000	-0.0363000000
0.0000000000	-0.0364000000
0.0000000000	-0.0364000000
0.0000000000	-0.0364000000
0.0000000000	-0.0363000000
0.0000000000	-0.0363000000
0.0000000000	-0.0363000000
0.0000000000	-0.0363000000
0.0000000000	-0.0363000000
0.0000000000	-0.0363000000
0.0000000000	-0.0363000000
0.0000000000	-0.0363000000
0.0000000000	-0.0363000000
0.0000000000	-0.0363000000
0.0000000000	-0.0363000000
0.0000000000	-0.0363000000
0.0000000000	-0.0363000000
0.0000000000	-0.0364000000
0.0000000000	-0.0364000000
0.0000000000	-0.0364000000
0.0000000000	-0.0367000000
0.0000000000	-0.0370000000
0.0000000000	-0.0372000000
0.1000000000	-0.0375000000
0.1000000000	-0.0378000000
0.1000000000	-0.0381000000
0.1000000000	-0.0384000000
0.1000000000	-0.0387000000
0.1000000000	-0.0390000000
0.1000000000	-0.0392000000
0.1000000000	-0.0396000000
0.1000000000	-0.0399000000
0.1000000000	-0.0403000000
0.1000000000	-0.0406000000
0.1000000000	-0.0409000000
0.1000000000	-0.0411000000
0.1000000000	-0.0414000000
0.1000000000	-0.0416000000
0.1000000000	-0.0418000000
0.1000000000	-0.0421000000
0.1000000000	-0.0424000000
0.1000000000	-0.0427000000
0.1000000000	-0.0429000000
0.1000000000	-0.0430000000
0.1000000000	-0.0431000000
0.1000000000	-0.0431000000
0.1000000000	-0.0431000000
0.1000000000	-0.0430000000
0.1000000000	-0.0430000000
0.1000000000	-0.0430000000
0.1000000000	-0.0430000000
0.1000000000	-0.0430000000
0.1000000000	-0.0430000000
0.1000000000	-0.0430000000
0.1000000000	-0.0430000000
0.1000000000	-0.0430000000
0.1000000000	-0.0430000000
0.1000000000	-0.0430000000
0.1000000000	-0.0430000000
0.1000000000	-0.0430000000
0.1000000000	-0.0430000000
0.1000000000	-0.0431000000
0.1000000000	-0.0431000000
0.1000000000	-0.0431000000
0.1000000000	-0.0434000000
0.1000000000	-0.0436000000
0.1000000000	-0.0438000000
0.1000000000	-0.0441000000
0.1000000000	-0.0444000000
0.1000000000	-0.0447000000
0.1000000000	-0.0450000000
0.1000000000	-0.0453000000
0.1000000000	-0.0456000000
0.1000000000	-0.0459000000
0.1000000000	-0.0461000000
0.1000000000	-0.0463000000
0.1000000000	-0.0466000000
0.1000000000	-0.0469000000
0.1000000000	-0.0471000000
0.1000000000	-0.0475000000
0.1000000000	-0.0478000000
0.1000000000	-0.0481000000
0.1000000000	-0.0484000000
0.1000000000	-0.0487000000
0.1000000000	-0.0491000000
0.1000000000	-0.0495000000
0.1000000000	-0.0497000000
0.1000000000	-0.0500000000
0.1000000000	-0.0502000000
0.1000000000	-0.0504000000
0.1000000000	-0.0505000000
0.1000000000	-0.0505000000
0.1000000000	-0.0505000000
0.1000000000	-0.0505000000
0.1000000000	-0.0505000000
0.1000000000	-0.0505000000
0.1000000000	-0.0505000000
0.1000000000	-0.0505000000
0.1000000000	-0.0505000000
0.1000000000	-0.0505000000
0.1000000000	-0.0505000000
0.1000000000	-0.0505000000
0.1000000000	-0.0505000000
0.1000000000	-0.0505000000
0.1000000000	-0.0505000000
0.1000000000	-0.0505000000
0.1000000000	-0.0505000000
0.1000000000	-0.0505000000
0.1000000000	-0.0505000000
0.1000000000	-0.0505000000
0.1000000000	-0.0506000000
0.1000000000	-0.0510000000
0.1000000000	-0.0512000000
0.1000000000	-0.0513000000
0.1000000000	-0.0515000000
0.1000000000	-0.0517000000
0.1000000000	-0.0519000000
0.1000000000	-0.0522000000
0.1000000000	-0.0526000000
0.1000000000	-0.0530000000
0.1000000000	-0.0533000000
0.1000000000	-0.0534000000
0.1000000000	-0.0536000000
0.1000000000	-0.0537000000
0.1000000000	-0.0539000000
0.1000000000	-0.0542000000
0.1000000000	-0.0546000000
0.1000000000	-0.0549000000
0.1000000000	-0.0552000000
0.1000000000	-0.0555000000
0.1000000000	-0.0558000000
0.0000000000	-0.0561000000
0.0000000000	-0.0564000000
0.0000000000	-0.0566000000
0.0000000000	-0.0568000000
0.0000000000	-0.0571000000
0.0000000000	-0.0573000000
0.0000000000	-0.0575000000
0.0000000000	-0.0577000000
0.0000000000	-0.0578000000
0.0000000000	-0.0578000000
0.0000000000	-0.0578000000
0.0000000000	-0.0578000000
0.0000000000	-0.0577000000
0.0000000000	-0.0577000000
0.0000000000	-0.0577000000
0.0000000000	-0.0577000000
0.0000000000	-0.0577000000
0.0000000000	-0.0577000000
0.0000000000	-0.0577000000
0.0000000000	-0.0577000000
0.0000000000	-0.0577000000
0.0000000000	-0.0577000000
0.0000000000	-0.0577000000
0.0000000000	-0.0577000000
0.0000000000	-0.0578000000
0.0000000000	-0.0578000000
0.0000000000	-0.0578000000
0.0000000000	-0.0579000000
0.0000000000	-0.0582000000
0.0000000000	-0.0585000000
0.0000000000	-0.0587000000
0.0000000000	-0.0591000000
0.0000000000	-0.0595000000
0.0000000000	-0.0599000000
0.0000000000	-0.0604000000
0.0000000000	-0.0607000000
0.0000000000	-0.0609000000
0.0000000000	-0.0611000000
0.0000000000	-0.0614000000
0.0000000000	-0.0617000000
0.0000000000	-0.0620000000
0.0000000000	-0.0624000000
0.0000000000	-0.0627000000
0.0000000000	-0.0630000000
0.0000000000	-0.0633000000
0.0000000000	-0.0635000000
0.0000000000	-0.0637000000
0.0000000000	-0.0639000000
0.0000000000	-0.0641000000
0.0000000000	-0.0644000000
0.0000000000	-0.0645000000
0.0000000000	-0.0645000000
0.0000000000	-0.0645000000
0.0000000000	-0.0645000000
0.0000000000	-0.0645000000
0.0000000000	-0.0645000000
0.0000000000	-0.0645000000
0.0000000000	-0.0645000000
0.0000000000	-0.0645000000
0.0000000000	-0.0645000000
0.0000000000	-0.0645000000
0.0000000000	-0.0645000000
0.0000000000	-0.0645000000
0.0000000000	-0.0645000000
0.0000000000	-0.0645000000
0.0000000000	-0.0645000000
0.0000000000	-0.0645000000
0.0000000000	-0.0645000000
0.0000000000	-0.0645000000
0.0000000000	-0.0645000000
0.0000000000	-0.0645000000
0.0000000000	-0.0645000000
0.0000000000	-0.0647000000
0.0000000000	-0.0651000000
0.1000000000	-0.0653000000
0.1000000000	-0.0656000000
0.1000000000	-0.0659000000
0.1000000000	-0.0662000000
0.1000000000	-0.0665000000
0.1000000000	-0.0668000000
0.1000000000	-0.0671000000
0.1000000000	-0.0674000000
0.1000000000	-0.0676000000
0.1000000000	-0.0679000000
0.1000000000	-0.0681000000
0.1000000000	-0.0683000000
0.1000000000	-0.0686000000
0.1000000000	-0.0690000000
0.1000000000	-0.0693000000
0.1000000000	-0.0696000000
0.1000000000	-0.0699000000
0.1000000000	-0.0701000000
0.1000000000	-0.0704000000
0.1000000000	-0.0705000000
0.1000000000	-0.0707000000
0.1000000000	-0.0708000000
0.2000000000	-0.0710000000
0.2000000000	-0.0712000000
0.2000000000	-0.0713000000
0.2000000000	-0.0714000000
0.2000000000	-0.0714000000
0.2000000000	-0.0714000000
0.2000000000	-0.0714000000
0.2000000000	-0.0713000000
0.2000000000	-0.0713000000
0.2000000000	-0.0713000000
0.2000000000	-0.0713000000
0.2000000000	-0.0713000000
0.2000000000	-0.0713000000
0.2000000000	-0.0713000000
0.2000000000	-0.0713000000
0.2000000000	-0.0713000000
0.2000000000	-0.0713000000
0.2000000000	-0.0713000000
0.2000000000	-0.0713000000
0.2000000000	-0.0713000000
0.2000000000	-0.0713000000
0.2000000000	-0.0713000000
0.2000000000	-0.0713000000
0.2000000000	-0.0713000000
0.2000000000	-0.0713000000
0.2000000000	-0.0714000000
0.2000000000	-0.0714000000
0.2000000000	-0.0714000000
0.2000000000	-0.0717000000
0.2000000000	-0.0718000000
0.2000000000	-0.0720000000
0.2000000000	-0.0723000000
0.2000000000	-0.0726000000
0.2000000000	-0.0731000000
0.2000000000	-0.0736000000
0.2000000000	-0.0739000000
0.2000000000	-0.0741000000
0.3000000000	-0.0745000000
0.3000000000	-0.0749000000
0.3000000000	-0.0755000000
0.4000000000	-0.0759000000
0.4000000000	-0.0761000000
0.4000000000	-0.0762000000
0.4000000000	-0.0763000000
0.4000000000	-0.0765000000
0.4000000000	-0.0766000000
0.4000000000	-0.0768000000
0.5000000000	-0.0769000000
0.5000000000	-0.0772000000
0.5000000000	-0.0773000000
0.5000000000	-0.0777000000
0.6000000000	-0.0781000000
0.6000000000	-0.0785000000
0.7000000000	-0.0789000000
0.7000000000	-0.0792000000
0.7000000000	-0.0793000000
0.7000000000	-0.0794000000
0.7000000000	-0.0794000000
0.7000000000	-0.0794000000
0.7000000000	-0.0794000000
0.7000000000	-0.0794000000
0.7000000000	-0.0794000000
0.7000000000	-0.0794000000
0.7000000000	-0.0794000000
0.7000000000	-0.0794000000
0.7000000000	-0.0794000000
0.7000000000	-0.0794000000
0.7000000000	-0.0794000000
0.7000000000	-0.0794000000
0.7000000000	-0.0794000000
0.7000000000	-0.0794000000
0.7000000000	-0.0794000000
0.7000000000	-0.0794000000
0.7000000000	-0.0794000000
0.7000000000	-0.0796000000
0.8000000000	-0.0798000000
0.8000000000	-0.0800000000
0.8000000000	-0.0801000000
0.8000000000	-0.0803000000
0.8000000000	-0.0805000000
0.8000000000	-0.0806000000
0.8000000000	-0.0809000000
0.8000000000	-0.0811000000
0.8000000000	-0.0813000000
0.9000000000	-0.0815000000
0.9000000000	-0.0816000000
0.9000000000	-0.0818000000
0.9000000000	-0.0823000000
0.9000000000	-0.0827000000
0.9000000000	-0.0833000000
0.9000000000	-0.0838000000
0.9000000000	-0.0844000000
0.9000000000	-0.0849000000
0.9000000000	-0.0851000000
0.9000000000	-0.0854000000
0.9000000000	-0.0857000000
0.9000000000	-0.0859000000
0.9000000000	-0.0861000000
0.9000000000	-0.0863000000
0.9000000000	-0.0866000000
0.9000000000	-0.0868000000
0.9000000000	-0.0869000000
0.9000000000	-0.0870000000
0.9000000000	-0.0871000000
0.9000000000	-0.0872000000
0.9000000000	-0.0872000000
0.9000000000	-0.0872000000
0.9000000000	-0.0872000000
0.9000000000	-0.0872000000
0.9000000000	-0.0872000000
0.9000000000	-0.0872000000
0.9000000000	-0.0872000000
0.9000000000	-0.0872000000
0.9000000000	-0.0872000000
0.9000000000	-0.0872000000
0.9000000000	-0.0872000000
0.9000000000	-0.0872000000
0.9000000000	-0.0872000000
0.9000000000	-0.0872000000
0.9000000000	-0.0872000000
0.9000000000	-0.0872000000
0.9000000000	-0.0872000000
0.9000000000	-0.0872000000
0.9000000000	-0.0872000000
0.9000000000	-0.0873000000
0.9000000000	-0.0875000000
0.9000000000	-0.0878000000
0.9000000000	-0.0880000000
0.9000000000	-0.0882000000
0.9000000000	-0.0884000000
0.9000000000	-0.0886000000
0.9000000000	-0.0888000000
0.9000000000	-0.0892000000
0.9000000000	-0.0895000000
0.9000000000	-0.0898000000
1.0000000000	-0.0901000000
1.0000000000	-0.0903000000
1.0000000000	-0.0906000000
1.0000000000	-0.0908000000
1.0000000000	-0.0911000000
1.0000000000	-0.0912000000
1.0000000000	-0.0913000000
1.0000000000	-0.0914000000
1.0000000000	-0.0916000000
1.0000000000	-0.0918000000
1.0000000000	-0.0920000000
1.0000000000	-0.0923000000
1.0000000000	-0.0926000000
1.0000000000	-0.0928000000
1.0000000000	-0.0930000000
1.0000000000	-0.0932000000
1.0000000000	-0.0934000000
1.0000000000	-0.0935000000
1.0000000000	-0.0937000000
1.0000000000	-0.0939000000
1.0000000000	-0.0941000000
1.0000000000	-0.0943000000
1.0000000000	-0.0943000000
1.0000000000	-0.0943000000
1.0000000000	-0.0943000000
1.0000000000	-0.0943000000
1.0000000000	-0.0943000000
1.0000000000	-0.0943000000
1.0000000000	-0.0943000000
1.0000000000	-0.0943000000
1.0000000000	-0.0943000000
1.0000000000	-0.0943000000
1.0000000000	-0.0943000000
1.0000000000	-0.0943000000
1.0000000000	-0.0943000000
1.0000000000	-0.0943000000
1.0000000000	-0.0943000000
1.0000000000	-0.0943000000
1.0000000000	-0.0943000000
1.0000000000	-0.0943000000
1.0000000000	-0.0943000000
1.0000000000	-0.0944000000
1.0000000000	-0.0948000000
1.0000000000	-0.0950000000
1.0000000000	-0.0950000000
1.0000000000	-0.0952000000
1.0000000000	-0.0954000000
1.0000000000	-0.0957000000
1.0000000000	-0.0959000000
1.0000000000	-0.0962000000
1.0000000000	-0.0966000000
1.0000000000	-0.0970000000
1.0000000000	-0.0973000000
1.0000000000	-0.0977000000
1.0000000000	-0.0979000000
1.0000000000	-0.0982000000
1.0000000000	-0.0985000000
1.1000000000	-0.0988000000
1.1000000000	-0.0992000000
1.1000000000	-0.0997000000
1.1000000000	-0.1000000000
1.1000000000	-0.1003000000
1.1000000000	-0.1006000000
1.1000000000	-0.1009000000
1.1000000000	-0.1011000000
1.1000000000	-0.1012000000
1.0000000000	-0.1014000000
1.0000000000	-0.1017000000
1.0000000000	-0.1020000000
1.0000000000	-0.1022000000
1.0000000000	-0.1025000000
1.0000000000	-0.1028000000
1.0000000000	-0.1030000000
1.0000000000	-0.1032000000
1.0000000000	-0.1032000000
1.0000000000	-0.1032000000
1.0000000000	-0.1032000000
1.0000000000	-0.1030000000
1.0000000000	-0.1030000000
1.0000000000	-0.1030000000
1.0000000000	-0.1030000000
1.0000000000	-0.1030000000
1.0000000000	-0.1030000000
1.0000000000	-0.1030000000
1.0000000000	-0.1030000000
1.0000000000	-0.1030000000
1.0000000000	-0.1030000000
1.0000000000	-0.1030000000
1.0000000000	-0.1030000000
1.0000000000	-0.1030000000
1.0000000000	-0.1030000000
1.0000000000	-0.1030000000
1.0000000000	-0.1031000000
0.9000000000	-0.1033000000
0.9000000000	-0.1037000000
0.9000000000	-0.1041000000
0.8000000000	-0.1046000000
0.7000000000	-0.1052000000
0.7000000000	-0.1056000000
0.6000000000	-0.1060000000
0.6000000000	-0.1063000000
0.6000000000	-0.1066000000
0.5000000000	-0.1068000000
0.5000000000	-0.1069000000
0.5000000000	-0.1071000000
0.5000000000	-0.1073000000
0.5000000000	-0.1074000000
0.5000000000	-0.1075000000
0.5000000000	-0.1077000000
0.4000000000	-0.1077000000
0.4000000000	-0.1078000000
0.4000000000	-0.1079000000
0.4000000000	-0.1081000000
0.4000000000	-0.1083000000
0.4000000000	-0.1084000000
0.4000000000	-0.1086000000
0.4000000000	-0.1087000000
0.4000000000	-0.1088000000
0.4000000000	-0.1089000000
0.3000000000	-0.1090000000
0.3000000000	-0.1092000000
0.3000000000	-0.1093000000
0.3000000000	-0.1094000000
0.3000000000	-0.1096000000
0.3000000000	-0.1097000000
0.3000000000	-0.1098000000
0.3000000000	-0.1098000000
0.3000000000	-0.1098000000
0.3000000000	-0.1098000000
0.3000000000	-0.1098000000
0.3000000000	-0.1098000000
0.3000000000	-0.1098000000
0.3000000000	-0.1098000000
0.3000000000	-0.1098000000
0.3000000000	-0.1098000000
0.3000000000	-0.1098000000
0.3000000000	-0.1098000000
0.3000000000	-0.1098000000
0.3000000000	-0.1098000000
0.3000000000	-0.1099000000
0.3000000000	-0.1101000000
0.3000000000	-0.1105000000
0.3000000000	-0.1109000000
0.3000000000	-0.1114000000
0.3000000000	-0.1118000000
0.2000000000	-0.1122000000
0.2000000000	-0.1125000000
0.2000000000	-0.1126000000
0.2000000000	-0.1128000000
0.2000000000	-0.1129000000
0.2000000000	-0.1130000000
0.2000000000	-0.1132000000
0.2000000000	-0.1134000000
0.2000000000	-0.1137000000
0.2000000000	-0.1140000000
0.2000000000	-0.1142000000
0.2000000000	-0.1145000000
0.2000000000	-0.1148000000
0.2000000000	-0.1150000000
0.2000000000	-0.1153000000
0.2000000000	-0.1156000000
0.2000000000	-0.1158000000
0.2000000000	-0.1161000000
0.2000000000	-0.1164000000
0.1000000000	-0.1165000000
0.1000000000	-0.1165000000
0.1000000000	-0.1165000000
0.1000000000	-0.1165000000
0.1000000000	-0.1165000000
0.1000000000	-0.1165000000
0.1000000000	-0.1165000000
0.1000000000	-0.1165000000
0.1000000000	-0.1165000000
0.1000000000	-0.1165000000
0.1000000000	-0.1165000000
0.1000000000	-0.1165000000
0.1000000000	-0.1165000000
0.1000000000	-0.1165000000
0.1000000000	-0.1165000000
0.1000000000	-0.1165000000
0.1000000000	-0.1165000000
0.1000000000	-0.1165000000
0.1000000000	-0.1165000000
0.1000000000	-0.1165000000
0.1000000000	-0.1165000000
0.1000000000	-0.1165000000
0.1000000000	-0.1165000000
0.1000000000	-0.1165000000
0.1000000000	-0.1165000000
0.1000000000	-0.1165000000
0.1000000000	-0.1165000000
0.1000000000	-0.1165000000
0.1000000000	-0.1165000000
0.1000000000	-0.1165000000
0.1000000000	-0.1167000000
0.1000000000	-0.1168000000
0.1000000000	-0.1169000000
0.1000000000	-0.1170000000
0.1000000000	-0.1171000000
0.1000000000	-0.1172000000
0.1000000000	-0.1173000000
0.1000000000	-0.1174000000
0.1000000000	-0.1176000000
0.1000000000	-0.1177000000
0.1000000000	-0.1179000000
0.1000000000	-0.1181000000
0.1000000000	-0.1183000000
0.1000000000	-0.1185000000
0.1000000000	-0.1186000000
0.1000000000	-0.1186000000
0.1000000000	-0.1187000000
0.1000000000	-0.1187000000
0.1000000000	-0.1188000000
0.1000000000	-0.1189000000
0.1000000000	-0.1190000000
0.1000000000	-0.1191000000
0.1000000000	-0.1194000000
0.1000000000	-0.1197000000
0.1000000000	-0.1199000000
0.1000000000	-0.1203000000
0.1000000000	-0.1205000000
0.0000000000	-0.1209000000
0.0000000000	-0.1212000000
0.0000000000	-0.1215000000
0.0000000000	-0.1218000000
0.0000000000	-0.1220000000
0.0000000000	-0.1222000000
0.0000000000	-0.1222000000
0.0000000000	-0.1222000000
0.0000000000	-0.1222000000
0.0000000000	-0.1222000000
0.0000000000	-0.1222000000
0.0000000000	-0.1222000000
0.0000000000	-0.1222000000
0.0000000000	-0.1222000000
0.0000000000	-0.1222000000
0.0000000000	-0.1222000000
0.0000000000	-0.1222000000
0.0000000000	-0.1222000000
0.0000000000	-0.1222000000
0.0000000000	-0.1222000000
0.0000000000	-0.1223000000
0.0000000000	-0.1227000000
0.0000000000	-0.1232000000
0.0000000000	-0.1235000000
0.0000000000	-0.1240000000
0.0000000000	-0.1244000000
0.0000000000	-0.1248000000
0.0000000000	-0.1250000000
0.0000000000	-0.1251000000
0.0000000000	-0.1254000000
0.0000000000	-0.1256000000
0.0000000000	-0.1258000000
0.0000000000	-0.1261000000
0.0000000000	-0.1263000000
0.0000000000	-0.1267000000
0.0000000000	-0.1270000000
0.0000000000	-0.1273000000
0.0000000000	-0.1275000000
0.0000000000	-0.1278000000
0.0000000000	-0.1280000000
0.0000000000	-0.1284000000
0.1000000000	-0.1287000000
0.1000000000	-0.1289000000
0.1000000000	-0.1292000000
0.1000000000	-0.1294000000
0.1000000000	-0.1296000000
0.1000000000	-0.1296000000
0.1000000000	-0.1295000000
0.1000000000	-0.1295000000
0.1000000000	-0.1295000000
0.1000000000	-0.1295000000
0.1000000000	-0.1295000000
0.1000000000	-0.1295000000
0.1000000000	-0.1295000000
0.1000000000	-0.1295000000
0.1000000000	-0.1295000000
0.1000000000	-0.1295000000
0.1000000000	-0.1295000000
0.1000000000	-0.1296000000
0.1000000000	-0.1296000000
0.1000000000	-0.1297000000
0.1000000000	-0.1301000000
0.1000000000	-0.1303000000
0.1000000000	-0.1305000000
0.1000000000	-0.1309000000
0.1000000000	-0.1313000000
0.1000000000	-0.1317000000
0.1000000000	-0.1321000000
0.1000000000	-0.1325000000
0.1000000000	-0.1329000000
0.1000000000	-0.1332000000
0.1000000000	-0.1334000000
0.1000000000	-0.1336000000
0.1000000000	-0.1336000000
0.1000000000	-0.1337000000
0.1000000000	-0.1339000000
0.1000000000	-0.1340000000
0.1000000000	-0.1343000000
0.1000000000	-0.1345000000
0.1000000000	-0.1348000000
0.1000000000	-0.1350000000
0.1000000000	-0.1352000000
0.1000000000	-0.1354000000
0.1000000000	-0.1356000000
0.1000000000	-0.1358000000
0.1000000000	-0.1359000000
0.1000000000	-0.1359000000
0.1000000000	-0.1359000000
0.1000000000	-0.1359000000
0.1000000000	-0.1359000000
0.1000000000	-0.1359000000
0.1000000000	-0.1359000000
0.1000000000	-0.1359000000
0.1000000000	-0.1359000000
0.1000000000	-0.1359000000
0.1000000000	-0.1359000000
0.1000000000	-0.1359000000
0.1000000000	-0.1359000000
0.1000000000	-0.1359000000
0.1000000000	-0.1359000000
0.1000000000	-0.1359000000
0.1000000000	-0.1361000000
0.1000000000	-0.1364000000
0.1000000000	-0.1366000000
0.1000000000	-0.1369000000
0.1000000000	-0.1372000000
0.1000000000	-0.1374000000
0.1000000000	-0.1376000000
0.1000000000	-0.1378000000
0.1000000000	-0.1381000000
0.1000000000	-0.1385000000
0.1000000000	-0.1388000000
0.1000000000	-0.1391000000
0.1000000000	-0.1392000000
0.1000000000	-0.1394000000
0.1000000000	-0.1396000000
0.1000000000	-0.1398000000
0.1000000000	-0.1400000000
0.1000000000	-0.1401000000
0.1000000000	-0.1403000000
0.1000000000	-0.1404000000
0.1000000000	-0.1404000000
0.1000000000	-0.1406000000
0.1000000000	-0.1408000000
0.1000000000	-0.1410000000
0.1000000000	-0.1411000000
0.1000000000	-0.1411000000
0.1000000000	-0.1411000000
0.1000000000	-0.1411000000
0.1000000000	-0.1411000000
0.1000000000	-0.1411000000
0.1000000000	-0.1411000000
0.1000000000	-0.1411000000
0.1000000000	-0.1411000000
0.1000000000	-0.1411000000
0.1000000000	-0.1411000000
0.1000000000	-0.1411000000
0.1000000000	-0.1411000000
0.1000000000	-0.1411000000
0.1000000000	-0.1412000000
0.1000000000	-0.1416000000
0.1000000000	-0.1419000000
0.1000000000	-0.1421000000
0.1000000000	-0.1424000000
0.1000000000	-0.1427000000
0.1000000000	-0.1430000000
0.1000000000	-0.1434000000
0.1000000000	-0.1438000000
0.1000000000	-0.1441000000
0.1000000000	-0.1443000000
0.1000000000	-0.1445000000
0.1000000000	-0.1447000000
0.1000000000	-0.1450000000
0.1000000000	-0.1453000000
0.1000000000	-0.1457000000
0.1000000000	-0.1463000000
0.1000000000	-0.1469000000
0.1000000000	-0.1472000000
0.1000000000	-0.1472000000
0.1000000000	-0.1472000000
0.1000000000	-0.1472000000
0.1000000000	-0.1472000000
0.1000000000	-0.1472000000
0.1000000000	-0.1472000000
0.1000000000	-0.1472000000
0.1000000000	-0.1472000000
0.1000000000	-0.1472000000
0.1000000000	-0.1472000000
0.1000000000	-0.1472000000
0.1000000000	-0.1472000000
0.1000000000	-0.1472000000
0.1000000000	-0.1472000000
0.1000000000	-0.1472000000
0.1000000000	-0.1472000000
0.1000000000	-0.1472000000
0.1000000000	-0.1472000000
0.1000000000	-0.1472000000
0.1000000000	-0.1472000000
0.1000000000	-0.1472000000
0.1000000000	-0.1472000000
0.1000000000	-0.1472000000
0.1000000000	-0.1473000000
0.1000000000	-0.1475000000
0.1000000000	-0.1476000000
0.1000000000	-0.1478000000
0.1000000000	-0.1481000000
0.1000000000	-0.1483000000
0.1000000000	-0.1485000000
0.1000000000	-0.1487000000
0.1000000000	-0.1489000000
0.1000000000	-0.1491000000
0.1000000000	-0.1494000000
0.1000000000	-0.1497000000
0.0000000000	-0.1501000000
0.0000000000	-0.1504000000
0.0000000000	-0.1507000000
0.0000000000	-0.1511000000
0.0000000000	-0.1515000000
0.0000000000	-0.1519000000
0.0000000000	-0.1524000000
0.0000000000	-0.1528000000
0.0000000000	-0.1531000000
0.0000000000	-0.1534000000
0.0000000000	-0.1535000000
0.0000000000	-0.1535000000
0.0000000000	-0.1534000000
0.0000000000	-0.1534000000
0.0000000000	-0.1534000000
0.0000000000	-0.1534000000
0.0000000000	-0.1534000000
0.0000000000	-0.1534000000
0.0000000000	-0.1534000000
0.0000000000	-0.1534000000
0.0000000000	-0.1534000000
0.0000000000	-0.1534000000
0.0000000000	-0.1534000000
0.0000000000	-0.1534000000
0.0000000000	-0.1534000000
0.0000000000	-0.1535000000
0.0000000000	-0.1536000000
0.0000000000	-0.1539000000
0.0000000000	-0.1541000000
0.0000000000	-0.1543000000
0.0000000000	-0.1546000000
0.0000000000	-0.1550000000
0.0000000000	-0.1551000000
0.0000000000	-0.1553000000
0.0000000000	-0.1555000000
0.0000000000	-0.1555000000
0.0000000000	-0.1556000000
0.0000000000	-0.1557000000
0.0000000000	-0.1561000000
0.0000000000	-0.1563000000
0.0000000000	-0.1567000000
0.0000000000	-0.1572000000
0.0000000000	-0.1577000000
0.0000000000	-0.1582000000
0.0000000000	-0.1585000000
0.0000000000	-0.1590000000
0.0000000000	-0.1594000000
0.0000000000	-0.1596000000
0.0000000000	-0.1598000000
0.0000000000	-0.1601000000
0.0000000000	-0.1604000000
0.0000000000	-0.1605000000
0.0000000000	-0.1605000000
0.0000000000	-0.1605000000
0.0000000000	-0.1605000000
0.0000000000	-0.1605000000
0.0000000000	-0.1605000000
0.0000000000	-0.1605000000
0.0000000000	-0.1605000000
0.0000000000	-0.1605000000
0.0000000000	-0.1605000000
0.0000000000	-0.1605000000
0.0000000000	-0.1605000000
0.0000000000	-0.1605000000
0.0000000000	-0.1606000000
0.0000000000	-0.1608000000
0.0000000000	-0.1612000000
0.0000000000	-0.1614000000
0.0000000000	-0.1616000000
0.0000000000	-0.1620000000
0.0000000000	-0.1623000000
0.0000000000	-0.1628000000
0.0000000000	-0.1634000000
0.0000000000	-0.1640000000
0.1000000000	-0.1647000000
0.1000000000	-0.1653000000
0.1000000000	-0.1658000000
0.1000000000	-0.1659000000
0.1000000000	-0.1660000000
0.1000000000	-0.1661000000
0.1000000000	-0.1661000000
0.1000000000	-0.1661000000
0.1000000000	-0.1661000000
0.1000000000	-0.1661000000
0.1000000000	-0.1660000000
0.1000000000	-0.1660000000
0.1000000000	-0.1660000000
0.1000000000	-0.1660000000
0.1000000000	-0.1660000000
0.1000000000	-0.1660000000
0.1000000000	-0.1660000000
0.1000000000	-0.1660000000
0.0000000000	-0.1660000000
0.0000000000	-0.1660000000
0.0000000000	-0.1660000000
0.0000000000	-0.1660000000
0.0000000000	-0.1660000000
0.0000000000	-0.1661000000
0.0000000000	-0.1664000000
0.0000000000	-0.1667000000
0.0000000000	-0.1670000000
0.0000000000	-0.1673000000
0.1000000000	-0.1678000000
0.1000000000	-0.1683000000
0.1000000000	-0.1685000000
0.1000000000	-0.1689000000
0.1000000000	-0.1692000000
0.1000000000	-0.1694000000
0.1000000000	-0.1697000000
0.1000000000	-0.1700000000
0.1000000000	-0.1703000000
0.1000000000	-0.1705000000
0.1000000000	-0.1708000000
0.1000000000	-0.1712000000
0.1000000000	-0.1714000000
0.1000000000	-0.1714000000
0.1000000000	-0.1713000000
0.1000000000	-0.1713000000
0.1000000000	-0.1713000000
0.1000000000	-0.1713000000
0.1000000000	-0.1713000000
0.1000000000	-0.1713000000
0.1000000000	-0.1713000000
0.1000000000	-0.1713000000
0.1000000000	-0.1713000000
0.1000000000	-0.1713000000
0.1000000000	-0.1713000000
0.1000000000	-0.1714000000
0.1000000000	-0.1714000000
0.1000000000	-0.1716000000
0.1000000000	-0.1718000000
0.1000000000	-0.1720000000
0.1000000000	-0.1722000000
0.0000000000	-0.1724000000
0.0000000000	-0.1727000000
0.0000000000	-0.1729000000
0.0000000000	-0.1731000000
0.0000000000	-0.1734000000
0.0000000000	-0.1735000000
0.1000000000	-0.1736000000
0.1000000000	-0.1737000000
0.1000000000	-0.1739000000
0.1000000000	-0.1741000000
0.1000000000	-0.1743000000
0.1000000000	-0.1745000000
0.0000000000	-0.1748000000
0.0000000000	-0.1753000000
0.0000000000	-0.1757000000
0.0000000000	-0.1757000000
0.0000000000	-0.1757000000
0.0000000000	-0.1757000000
0.0000000000	-0.1757000000
0.0000000000	-0.1757000000
0.0000000000	-0.1757000000
0.0000000000	-0.1757000000
0.0000000000	-0.1757000000
0.0000000000	-0.1757000000
0.0000000000	-0.1757000000
0.0000000000	-0.1757000000
0.0000000000	-0.1757000000
0.0000000000	-0.1758000000
0.0000000000	-0.1758000000
0.0000000000	-0.1760000000
0.0000000000	-0.1761000000
0.0000000000	-0.1762000000
0.0000000000	-0.1764000000
0.0000000000	-0.1767000000
0.0000000000	-0.1768000000
0.0000000000	-0.1772000000
0.0000000000	-0.1776000000
0.0000000000	-0.1778000000
0.0000000000	-0.1782000000
0.0000000000	-0.1785000000
0.0000000000	-0.1788000000
0.0000000000	-0.1791000000
0.0000000000	-0.1793000000
0.0000000000	-0.1796000000
0.0000000000	-0.1798000000
0.0000000000	-0.1798000000
0.0000000000	-0.1798000000
0.0000000000	-0.1798000000
0.0000000000	-0.1798000000
0.0000000000	-0.1798000000
0.0000000000	-0.1798000000
0.0000000000	-0.1798000000
0.0000000000	-0.1798000000
0.0000000000	-0.1798000000
0.0000000000	-0.1798000000
0.0000000000	-0.1798000000
0.0000000000	-0.1798000000
0.0000000000	-0.1798000000
0.0000000000	-0.1798000000
0.0000000000	-0.1798000000
0.0000000000	-0.1798000000
0.0000000000	-0.1798000000
0.0000000000	-0.1798000000
0.0000000000	-0.1798000000
0.0000000000	-0.1798000000
0.0000000000	-0.1798000000
0.0000000000	-0.1798000000
0.0000000000	-0.1798000000
0.0000000000	-0.1798000000
0.0000000000	-0.1798000000
0.0000000000	-0.1798000000
0.0000000000	-0.1797000000
0.0000000000	-0.1796000000
0.0000000000	-0.1795000000
0.0000000000	-0.1793000000
0.0000000000	-0.1792000000
0.0000000000	-0.1789000000
0.0000000000	-0.1787000000
0.0000000000	-0.1784000000
0.0000000000	-0.1782000000
0.0000000000	-0.1779000000
0.0000000000	-0.1777000000
0.0000000000	-0.1776000000
0.0000000000	-0.1774000000
0.0000000000	-0.1773000000
0.0000000000	-0.1771000000
0.0000000000	-0.1769000000
0.0000000000	-0.1767000000
0.0000000000	-0.1765000000
0.0000000000	-0.1762000000
0.0000000000	-0.1758000000
0.0000000000	-0.1755000000
0.0000000000	-0.1752000000
0.0000000000	-0.1749000000
0.0000000000	-0.1748000000
0.0000000000	-0.1745000000
0.0000000000	-0.1744000000
0.1000000000	-0.1742000000
0.1000000000	-0.1739000000
0.1000000000	-0.1737000000
0.1000000000	-0.1734000000
0.1000000000	-0.1732000000
0.1000000000	-0.1730000000
0.1000000000	-0.1730000000
0.1000000000	-0.1730000000
0.1000000000	-0.1730000000
0.1000000000	-0.1730000000
0.1000000000	-0.1730000000
0.1000000000	-0.1730000000
0.1000000000	-0.1730000000
0.1000000000	-0.1730000000
0.1000000000	-0.1730000000
0.1000000000	-0.1730000000
0.1000000000	-0.1730000000
0.1000000000	-0.1730000000
0.1000000000	-0.1730000000
0.1000000000	-0.1730000000
0.1000000000	-0.1730000000
0.1000000000	-0.1729000000
0.1000000000	-0.1728000000
0.0000000000	-0.1725000000
0.0000000000	-0.1723000000
0.0000000000	-0.1721000000
0.1000000000	-0.1718000000
0.1000000000	-0.1714000000
0.1000000000	-0.1710000000
0.1000000000	-0.1705000000
0.1000000000	-0.1700000000
0.0000000000	-0.1696000000
0.0000000000	-0.1692000000
0.1000000000	-0.1688000000
0.1000000000	-0.1685000000
0.1000000000	-0.1680000000
0.1000000000	-0.1676000000
0.1000000000	-0.1672000000
0.0000000000	-0.1668000000
0.0000000000	-0.1664000000
0.0000000000	-0.1661000000
0.0000000000	-0.1657000000
0.1000000000	-0.1653000000
0.1000000000	-0.1650000000
0.0000000000	-0.1646000000
0.0000000000	-0.1643000000
0.0000000000	-0.1642000000
0.0000000000	-0.1641000000
0.0000000000	-0.1641000000
0.0000000000	-0.1642000000
0.0000000000	-0.1642000000
0.0000000000	-0.1642000000
0.0000000000	-0.1642000000
0.0000000000	-0.1642000000
0.0000000000	-0.1642000000
0.0000000000	-0.1642000000
0.0000000000	-0.1642000000
0.0000000000	-0.1642000000
0.0000000000	-0.1642000000
0.0000000000	-0.1642000000
0.0000000000	-0.1642000000
0.0000000000	-0.1642000000
0.0000000000	-0.1641000000
0.0000000000	-0.1638000000
0.0000000000	-0.1633000000
0.0000000000	-0.1629000000
0.0000000000	-0.1624000000
0.0000000000	-0.1619000000
0.0000000000	-0.1615000000
0.0000000000	-0.1612000000
0.0000000000	-0.1609000000
0.0000000000	-0.1605000000
0.0000000000	-0.1601000000
0.0000000000	-0.1596000000
0.0000000000	-0.1593000000
0.0000000000	-0.1589000000
0.0000000000	-0.1587000000
0.0000000000	-0.1585000000
0.0000000000	-0.1582000000
0.0000000000	-0.1580000000
0.0000000000	-0.1579000000
0.0000000000	-0.1578000000
0.0000000000	-0.1577000000
0.0000000000	-0.1578000000
0.0000000000	-0.1578000000
0.0000000000	-0.1578000000
0.0000000000	-0.1578000000
0.0000000000	-0.1578000000
0.0000000000	-0.1578000000
0.0000000000	-0.1578000000
0.0000000000	-0.1578000000
0.0000000000	-0.1579000000
0.0000000000	-0.1579000000
0.0000000000	-0.1579000000
0.0000000000	-0.1579000000
0.0000000000	-0.1578000000
0.0000000000	-0.1577000000
0.0000000000	-0.1577000000
0.0000000000	-0.1576000000
0.0000000000	-0.1575000000
0.0000000000	-0.1573000000
0.0000000000	-0.1571000000
0.0000000000	-0.1569000000
0.0000000000	-0.1567000000
0.0000000000	-0.1564000000
0.0000000000	-0.1561000000
0.0000000000	-0.1559000000
0.0000000000	-0.1556000000
0.0000000000	-0.1552000000
0.0000000000	-0.1548000000
0.0000000000	-0.1544000000
0.0000000000	-0.1541000000
0.0000000000	-0.1537000000
0.0000000000	-0.1534000000
0.0000000000	-0.1531000000
0.0000000000	-0.1528000000
0.0000000000	-0.1524000000
0.0000000000	-0.1520000000
0.0000000000	-0.1516000000
0.0000000000	-0.1513000000
0.0000000000	-0.1510000000
0.0000000000	-0.1507000000
0.0000000000	-0.1505000000
0.0000000000	-0.1502000000
0.0000000000	-0.1500000000
0.0000000000	-0.1499000000
0.0000000000	-0.1499000000
0.0000000000	-0.1499000000
0.0000000000	-0.1499000000
0.0000000000	-0.1500000000
0.0000000000	-0.1500000000
0.0000000000	-0.1500000000
0.0000000000	-0.1500000000
0.0000000000	-0.1500000000
0.0000000000	-0.1500000000
0.0000000000	-0.1500000000
0.0000000000	-0.1500000000
0.0000000000	-0.1500000000
0.0000000000	-0.1500000000
0.0000000000	-0.1500000000
0.0000000000	-0.1499000000
0.0000000000	-0.1498000000
0.0000000000	-0.1495000000
0.1000000000	-0.1491000000
0.1000000000	-0.1486000000
0.1000000000	-0.1481000000
0.1000000000	-0.1475000000
0.1000000000	-0.1471000000
0.1000000000	-0.1466000000
0.1000000000	-0.1461000000
0.1000000000	-0.1457000000
0.1000000000	-0.1454000000
0.1000000000	-0.1452000000
0.1000000000	-0.1450000000
0.1000000000	-0.1447000000
0.1000000000	-0.1444000000
0.1000000000	-0.1442000000
0.1000000000	-0.1438000000
0.1000000000	-0.1435000000
0.1000000000	-0.1432000000
0.1000000000	-0.1429000000
0.1000000000	-0.1427000000
0.1000000000	-0.1427000000
0.1000000000	-0.1426000000
0.1000000000	-0.1426000000
0.1000000000	-0.1427000000
0.1000000000	-0.1427000000
0.1000000000	-0.1427000000
0.1000000000	-0.1427000000
0.1000000000	-0.1427000000
0.1000000000	-0.1427000000
0.1000000000	-0.1427000000
0.1000000000	-0.1427000000
0.1000000000	-0.1427000000
0.1000000000	-0.1427000000
0.1000000000	-0.1427000000
0.1000000000	-0.1427000000
0.1000000000	-0.1427000000
0.1000000000	-0.1427000000
0.1000000000	-0.1427000000
0.1000000000	-0.1427000000
0.1000000000	-0.1426000000
0.1000000000	-0.1425000000
0.1000000000	-0.1423000000
0.1000000000	-0.1422000000
0.1000000000	-0.1420000000
0.1000000000	-0.1418000000
0.1000000000	-0.1416000000
0.1000000000	-0.1413000000
0.1000000000	-0.1410000000
0.1000000000	-0.1406000000
0.1000000000	-0.1401000000
0.1000000000	-0.1397000000
0.1000000000	-0.1395000000
0.1000000000	-0.1392000000
0.1000000000	-0.1389000000
0.1000000000	-0.1386000000
0.1000000000	-0.1383000000
0.1000000000	-0.1381000000
0.1000000000	-0.1378000000
0.1000000000	-0.1376000000
0.1000000000	-0.1373000000
0.1000000000	-0.1371000000
0.1000000000	-0.1367000000
0.1000000000	-0.1364000000
0.1000000000	-0.1361000000
0.1000000000	-0.1359000000
0.1000000000	-0.1357000000
0.1000000000	-0.1355000000
0.1000000000	-0.1355000000
0.1000000000	-0.1355000000
0.1000000000	-0.1355000000
0.1000000000	-0.1355000000
0.1000000000	-0.1355000000
0.1000000000	-0.1355000000
0.1000000000	-0.1355000000
0.1000000000	-0.1355000000
0.1000000000	-0.1355000000
0.1000000000	-0.1355000000
0.1000000000	-0.1355000000
0.1000000000	-0.1355000000
0.1000000000	-0.1355000000
0.1000000000	-0.1355000000
0.1000000000	-0.1353000000
0.1000000000	-0.1351000000
0.1000000000	-0.1347000000
0.1000000000	-0.1343000000
0.1000000000	-0.1339000000
0.1000000000	-0.1335000000
0.1000000000	-0.1331000000
0.1000000000	-0.1327000000
0.1000000000	-0.1323000000
0.1000000000	-0.1319000000
0.1000000000	-0.1315000000
0.1000000000	-0.1312000000
0.1000000000	-0.1308000000
0.1000000000	-0.1304000000
0.1000000000	-0.1301000000
0.1000000000	-0.1298000000
0.1000000000	-0.1295000000
0.1000000000	-0.1291000000
0.1000000000	-0.1288000000
0.0000000000	-0.1285000000
0.0000000000	-0.1282000000
0.0000000000	-0.1280000000
0.0000000000	-0.1279000000
0.0000000000	-0.1279000000
0.0000000000	-0.1279000000
0.0000000000	-0.1279000000
0.0000000000	-0.1279000000
0.0000000000	-0.1279000000
0.0000000000	-0.1279000000
0.0000000000	-0.1279000000
0.0000000000	-0.1279000000
0.0000000000	-0.1279000000
0.0000000000	-0.1279000000
0.0000000000	-0.1279000000
0.0000000000	-0.1279000000
0.0000000000	-0.1279000000
0.0000000000	-0.1279000000
0.0000000000	-0.1278000000
0.0000000000	-0.1275000000
0.0000000000	-0.1271000000
0.0000000000	-0.1268000000
0.0000000000	-0.1264000000
0.0000000000	-0.1260000000
0.0000000000	-0.1256000000
0.0000000000	-0.1252000000
0.0000000000	-0.1248000000
0.0000000000	-0.1244000000
0.0000000000	-0.1241000000
0.0000000000	-0.1237000000
0.0000000000	-0.1234000000
0.0000000000	-0.1230000000
0.0000000000	-0.1227000000
0.0000000000	-0.1223000000
0.0000000000	-0.1220000000
0.0000000000	-0.1217000000
0.0000000000	-0.1215000000
0.0000000000	-0.1213000000
0.0000000000	-0.1212000000
0.0000000000	-0.1212000000
0.0000000000	-0.1213000000
0.0000000000	-0.1213000000
0.0000000000	-0.1213000000
0.0000000000	-0.1213000000
0.0000000000	-0.1213000000
0.0000000000	-0.1213000000
0.0000000000	-0.1213000000
0.0000000000	-0.1213000000
0.0000000000	-0.1213000000
0.1000000000	-0.1213000000
0.0000000000	-0.1213000000
0.0000000000	-0.1213000000
0.0000000000	-0.1212000000
0.0000000000	-0.1212000000
0.0000000000	-0.1212000000
0.0000000000	-0.1212000000
0.0000000000	-0.1211000000
0.1000000000	-0.1208000000
0.1000000000	-0.1205000000
0.1000000000	-0.1202000000
0.1000000000	-0.1198000000
0.1000000000	-0.1194000000
0.1000000000	-0.1190000000
0.1000000000	-0.1186000000
0.1000000000	-0.1182000000
0.1000000000	-0.1178000000
0.1000000000	-0.1174000000
0.1000000000	-0.1170000000
0.1000000000	-0.1166000000
0.1000000000	-0.1161000000
0.2000000000	-0.1156000000
0.2000000000	-0.1152000000
0.2000000000	-0.1148000000
0.2000000000	-0.1144000000
0.2000000000	-0.1141000000
0.3000000000	-0.1138000000
0.3000000000	-0.1134000000
0.3000000000	-0.1131000000
0.3000000000	-0.1130000000
0.3000000000	-0.1130000000
0.3000000000	-0.1130000000
0.3000000000	-0.1130000000
0.3000000000	-0.1130000000
0.3000000000	-0.1130000000
0.3000000000	-0.1130000000
0.3000000000	-0.1130000000
0.3000000000	-0.1130000000
0.3000000000	-0.1130000000
0.3000000000	-0.1130000000
0.3000000000	-0.1130000000
0.3000000000	-0.1130000000
0.3000000000	-0.1130000000
0.3000000000	-0.1130000000
0.3000000000	-0.1130000000
0.3000000000	-0.1130000000
0.3000000000	-0.1130000000
0.3000000000	-0.1130000000
0.3000000000	-0.1130000000
0.3000000000	-0.1130000000
0.3000000000	-0.1128000000
0.3000000000	-0.1124000000
0.3000000000	-0.1120000000
0.3000000000	-0.1115000000
0.3000000000	-0.1111000000
0.3000000000	-0.1106000000
0.3000000000	-0.1102000000
0.3000000000	-0.1097000000
0.3000000000	-0.1094000000
0.3000000000	-0.1090000000
0.3000000000	-0.1085000000
0.4000000000	-0.1081000000
0.4000000000	-0.1076000000
0.4000000000	-0.1072000000
0.4000000000	-0.1068000000
0.4000000000	-0.1065000000
0.5000000000	-0.1061000000
0.5000000000	-0.1058000000
0.5000000000	-0.1055000000
0.5000000000	-0.1052000000
0.5000000000	-0.1049000000
0.6000000000	-0.1047000000
0.6000000000	-0.1046000000
0.6000000000	-0.1046000000
0.6000000000	-0.1046000000
0.6000000000	-0.1046000000
0.6000000000	-0.1046000000
0.6000000000	-0.1046000000
0.6000000000	-0.1046000000
0.6000000000	-0.1046000000
0.6000000000	-0.1046000000
0.6000000000	-0.1046000000
0.6000000000	-0.1046000000
0.6000000000	-0.1046000000
0.6000000000	-0.1046000000
0.6000000000	-0.1046000000
0.6000000000	-0.1046000000
0.6000000000	-0.1046000000
0.6000000000	-0.1046000000
0.6000000000	-0.1045000000
0.6000000000	-0.1042000000
0.6000000000	-0.1040000000
0.6000000000	-0.1037000000
0.7000000000	-0.1033000000
0.7000000000	-0.1029000000
0.8000000000	-0.1026000000
0.8000000000	-0.1023000000
0.8000000000	-0.1020000000
0.9000000000	-0.1017000000
0.9000000000	-0.1013000000
0.9000000000	-0.1009000000
1.0000000000	-0.1004000000
1.0000000000	-0.1000000000
1.1000000000	-0.0995000000
1.1000000000	-0.0991000000
1.1000000000	-0.0988000000
1.1000000000	-0.0985000000
1.1000000000	-0.0982000000
1.2000000000	-0.0979000000
1.2000000000	-0.0976000000
1.2000000000	-0.0973000000
1.2000000000	-0.0970000000
1.2000000000	-0.0967000000
1.2000000000	-0.0963000000
1.2000000000	-0.0960000000
1.2000000000	-0.0958000000
1.2000000000	-0.0957000000
1.2000000000	-0.0957000000
1.2000000000	-0.0957000000
1.2000000000	-0.0957000000
1.2000000000	-0.0957000000
1.2000000000	-0.0957000000
1.2000000000	-0.0957000000
1.2000000000	-0.0957000000
1.2000000000	-0.0957000000
1.2000000000	-0.0957000000
1.2000000000	-0.0957000000
1.2000000000	-0.0957000000
1.2000000000	-0.0957000000
1.2000000000	-0.0957000000
1.2000000000	-0.0957000000
1.2000000000	-0.0957000000
1.2000000000	-0.0957000000
1.2000000000	-0.0957000000
1.2000000000	-0.0957000000
1.2000000000	-0.0957000000
1.2000000000	-0.0957000000
1.2000000000	-0.0954000000
1.2000000000	-0.0952000000
1.2000000000	-0.0949000000
1.2000000000	-0.0945000000
1.2000000000	-0.0942000000
1.2000000000	-0.0940000000
1.2000000000	-0.0937000000
1.3000000000	-0.0934000000
1.3000000000	-0.0931000000
1.3000000000	-0.0928000000
1.3000000000	-0.0926000000
1.2000000000	-0.0923000000
1.2000000000	-0.0920000000
1.2000000000	-0.0917000000
1.2000000000	-0.0914000000
1.2000000000	-0.0911000000
1.2000000000	-0.0909000000
1.2000000000	-0.0906000000
1.2000000000	-0.0903000000
1.2000000000	-0.0900000000
1.2000000000	-0.0897000000
1.2000000000	-0.0894000000
1.2000000000	-0.0891000000
1.2000000000	-0.0889000000
1.2000000000	-0.0887000000
1.2000000000	-0.0885000000
1.2000000000	-0.0885000000
1.2000000000	-0.0884000000
1.2000000000	-0.0885000000
1.1000000000	-0.0885000000
1.1000000000	-0.0885000000
1.1000000000	-0.0885000000
1.1000000000	-0.0885000000
1.1000000000	-0.0885000000
1.1000000000	-0.0885000000
1.1000000000	-0.0885000000
1.1000000000	-0.0885000000
1.1000000000	-0.0885000000
1.1000000000	-0.0885000000
1.1000000000	-0.0885000000
1.1000000000	-0.0885000000
1.2000000000	-0.0885000000
1.2000000000	-0.0885000000
1.2000000000	-0.0885000000
1.2000000000	-0.0885000000
1.2000000000	-0.0883000000
1.1000000000	-0.0880000000
1.1000000000	-0.0876000000
1.1000000000	-0.0872000000
1.1000000000	-0.0869000000
1.1000000000	-0.0865000000
1.1000000000	-0.0862000000
1.0000000000	-0.0859000000
1.0000000000	-0.0855000000
1.0000000000	-0.0852000000
1.0000000000	-0.0848000000
0.9000000000	-0.0844000000
0.9000000000	-0.0840000000
0.9000000000	-0.0835000000
0.8000000000	-0.0831000000
0.8000000000	-0.0827000000
0.7000000000	-0.0824000000
0.7000000000	-0.0822000000
0.7000000000	-0.0820000000
0.7000000000	-0.0818000000
0.7000000000	-0.0817000000
0.7000000000	-0.0817000000
0.7000000000	-0.0817000000
0.7000000000	-0.0817000000
0.7000000000	-0.0817000000
0.7000000000	-0.0817000000
0.7000000000	-0.0817000000
0.7000000000	-0.0817000000
0.7000000000	-0.0817000000
0.7000000000	-0.0817000000
0.7000000000	-0.0817000000
0.7000000000	-0.0817000000
0.7000000000	-0.0817000000
0.7000000000	-0.0817000000
0.7000000000	-0.0817000000
0.6000000000	-0.0817000000
0.6000000000	-0.0817000000
0.6000000000	-0.0817000000
0.7000000000	-0.0817000000
0.7000000000	-0.0817000000
0.7000000000	-0.0817000000
0.6000000000	-0.0816000000
0.6000000000	-0.0813000000
0.6000000000	-0.0811000000
0.6000000000	-0.0809000000
0.5000000000	-0.0807000000
0.5000000000	-0.0803000000
0.5000000000	-0.0799000000
0.4000000000	-0.0795000000
0.4000000000	-0.0791000000
0.4000000000	-0.0787000000
0.4000000000	-0.0784000000
0.4000000000	-0.0781000000
0.3000000000	-0.0780000000
0.3000000000	-0.0778000000
0.3000000000	-0.0777000000
0.3000000000	-0.0775000000
0.3000000000	-0.0773000000
0.3000000000	-0.0771000000
0.3000000000	-0.0768000000
0.3000000000	-0.0765000000
0.3000000000	-0.0761000000
0.3000000000	-0.0757000000
0.2000000000	-0.0753000000
0.2000000000	-0.0750000000
0.2000000000	-0.0747000000
0.2000000000	-0.0747000000
0.2000000000	-0.0747000000
0.2000000000	-0.0747000000
0.2000000000	-0.0747000000
0.2000000000	-0.0747000000
0.2000000000	-0.0747000000
0.2000000000	-0.0747000000
0.2000000000	-0.0747000000
0.2000000000	-0.0747000000
0.2000000000	-0.0747000000
0.2000000000	-0.0747000000
0.2000000000	-0.0747000000
0.2000000000	-0.0747000000
0.2000000000	-0.0747000000
0.2000000000	-0.0747000000
0.2000000000	-0.0747000000
0.2000000000	-0.0747000000
0.2000000000	-0.0747000000
0.2000000000	-0.0747000000
0.2000000000	-0.0747000000
0.2000000000	-0.0746000000
0.2000000000	-0.0744000000
0.2000000000	-0.0742000000
0.2000000000	-0.0739000000
0.2000000000	-0.0737000000
0.2000000000	-0.0735000000
0.2000000000	-0.0733000000
0.2000000000	-0.0730000000
0.2000000000	-0.0728000000
0.2000000000	-0.0726000000
0.2000000000	-0.0724000000
0.2000000000	-0.0722000000
0.2000000000	-0.0721000000
0.2000000000	-0.0719000000
0.2000000000	-0.0717000000
0.2000000000	-0.0715000000
0.2000000000	-0.0712000000
0.2000000000	-0.0710000000
0.2000000000	-0.0708000000
0.2000000000	-0.0706000000
0.2000000000	-0.0703000000
0.2000000000	-0.0700000000
0.1000000000	-0.0698000000
0.1000000000	-0.0696000000
0.1000000000	-0.0694000000
0.1000000000	-0.0692000000
0.1000000000	-0.0690000000
0.1000000000	-0.0689000000
0.1000000000	-0.0689000000
0.1000000000	-0.0689000000
0.1000000000	-0.0689000000
0.1000000000	-0.0689000000
0.1000000000	-0.0689000000
0.1000000000	-0.0689000000
0.1000000000	-0.0689000000
0.1000000000	-0.0689000000
0.1000000000	-0.0689000000
0.1000000000	-0.0689000000
0.1000000000	-0.0689000000
0.1000000000	-0.0689000000
0.1000000000	-0.0689000000
0.1000000000	-0.0689000000
0.1000000000	-0.0689000000
0.1000000000	-0.0689000000
0.1000000000	-0.0689000000
0.1000000000	-0.0685000000
0.1000000000	-0.0681000000
0.1000000000	-0.0677000000
0.1000000000	-0.0672000000
0.1000000000	-0.0668000000
0.1000000000	-0.0664000000
0.1000000000	-0.0660000000
0.0000000000	-0.0655000000
0.0000000000	-0.0650000000
0.0000000000	-0.0645000000
0.0000000000	-0.0640000000
0.0000000000	-0.0636000000
0.0000000000	-0.0632000000
0.0000000000	-0.0628000000
0.0000000000	-0.0624000000
0.0000000000	-0.0622000000
0.0000000000	-0.0619000000
0.0000000000	-0.0617000000
0.0000000000	-0.0616000000
0.0000000000	-0.0616000000
0.0000000000	-0.0616000000
0.0000000000	-0.0616000000
0.0000000000	-0.0616000000
0.0000000000	-0.0616000000
0.0000000000	-0.0616000000
0.0000000000	-0.0616000000
0.0000000000	-0.0616000000
0.0000000000	-0.0616000000
0.0000000000	-0.0616000000
0.0000000000	-0.0616000000
0.0000000000	-0.0616000000
0.0000000000	-0.0616000000
0.0000000000	-0.0616000000
0.0000000000	-0.0616000000
0.0000000000	-0.0616000000
0.0000000000	-0.0616000000
0.0000000000	-0.0613000000
0.0000000000	-0.0610000000
0.0000000000	-0.0606000000
0.0000000000	-0.0602000000
0.0000000000	-0.0598000000
0.0000000000	-0.0595000000
0.0000000000	-0.0592000000
0.0000000000	-0.0588000000
0.0000000000	-0.0584000000
0.0000000000	-0.0580000000
0.0000000000	-0.0576000000
0.0000000000	-0.0570000000
0.1000000000	-0.0565000000
0.1000000000	-0.0560000000
0.1000000000	-0.0555000000
0.1000000000	-0.0550000000
0.1000000000	-0.0545000000
0.1000000000	-0.0541000000
0.1000000000	-0.0538000000
0.1000000000	-0.0534000000
0.1000000000	-0.0532000000
0.1000000000	-0.0530000000
0.1000000000	-0.0530000000
0.1000000000	-0.0530000000
0.1000000000	-0.0530000000
0.1000000000	-0.0530000000
0.1000000000	-0.0530000000
0.1000000000	-0.0530000000
0.1000000000	-0.0531000000
0.1000000000	-0.0531000000
0.1000000000	-0.0531000000
0.1000000000	-0.0531000000
0.1000000000	-0.0531000000
0.1000000000	-0.0531000000
0.1000000000	-0.0531000000
0.1000000000	-0.0531000000
0.1000000000	-0.0531000000
0.1000000000	-0.0530000000
0.1000000000	-0.0530000000
0.1000000000	-0.0530000000
0.1000000000	-0.0530000000
0.1000000000	-0.0527000000
0.1000000000	-0.0523000000
0.1000000000	-0.0518000000
0.1000000000	-0.0513000000
0.1000000000	-0.0508000000
0.1000000000	-0.0504000000
0.1000000000	-0.0499000000
0.1000000000	-0.0495000000
0.1000000000	-0.0491000000
0.1000000000	-0.0487000000
0.1000000000	-0.0482000000
0.1000000000	-0.0477000000
0.1000000000	-0.0472000000
0.1000000000	-0.0466000000
0.1000000000	-0.0461000000
0.1000000000	-0.0456000000
0.1000000000	-0.0452000000
0.1000000000	-0.0449000000
0.1000000000	-0.0445000000
0.1000000000	-0.0442000000
0.1000000000	-0.0442000000
0.1000000000	-0.0442000000
0.1000000000	-0.0442000000
0.1000000000	-0.0442000000
0.1000000000	-0.0442000000
0.1000000000	-0.0442000000
0.1000000000	-0.0442000000
0.1000000000	-0.0442000000
0.1000000000	-0.0442000000
0.1000000000	-0.0442000000
0.1000000000	-0.0442000000
0.1000000000	-0.0442000000
0.1000000000	-0.0442000000
0.1000000000	-0.0442000000
0.1000000000	-0.0442000000
0.1000000000	-0.0442000000
0.1000000000	-0.0442000000
0.1000000000	-0.0441000000
0.1000000000	-0.0438000000
0.1000000000	-0.0434000000
0.1000000000	-0.0429000000
0.1000000000	-0.0424000000
0.1000000000	-0.0418000000
0.1000000000	-0.0411000000
0.1000000000	-0.0405000000
0.1000000000	-0.0400000000
0.1000000000	-0.0395000000
0.1000000000	-0.0391000000
0.0000000000	-0.0388000000
0.0000000000	-0.0385000000
0.0000000000	-0.0381000000
0.0000000000	-0.0379000000
0.0000000000	-0.0376000000
0.0000000000	-0.0374000000
0.0000000000	-0.0373000000
0.0000000000	-0.0372000000
0.0000000000	-0.0372000000
0.0000000000	-0.0373000000
0.0000000000	-0.0373000000
0.0000000000	-0.0373000000
0.0000000000	-0.0373000000
0.0000000000	-0.0373000000
0.0000000000	-0.0373000000
0.0000000000	-0.0373000000
0.0000000000	-0.0373000000
0.0000000000	-0.0373000000
0.0000000000	-0.0373000000
0.0000000000	-0.0373000000
0.0000000000	-0.0373000000
0.0000000000	-0.0372000000
0.0000000000	-0.0372000000
0.0000000000	-0.0370000000
0.0000000000	-0.0366000000
0.0000000000	-0.0363000000
0.0000000000	-0.0359000000
0.0000000000	-0.0356000000
0.0000000000	-0.0353000000
0.0000000000	-0.0350000000
0.0000000000	-0.0346000000
0.0000000000	-0.0341000000
0.0000000000	-0.0337000000
0.0000000000	-0.0332000000
0.0000000000	-0.0327000000
0.0000000000	-0.0322000000
0.0000000000	-0.0318000000
0.0000000000	-0.0314000000
0.0000000000	-0.0310000000
0.0000000000	-0.0307000000
0.0000000000	-0.0304000000
0.0000000000	-0.0301000000
0.0000000000	-0.0298000000
0.0000000000	-0.0295000000
0.0000000000	-0.0293000000
0.0000000000	-0.0292000000
0.0000000000	-0.0291000000
0.0000000000	-0.0291000000
0.0000000000	-0.0291000000
0.0000000000	-0.0291000000
0.0000000000	-0.0291000000
0.0000000000	-0.0291000000
0.0000000000	-0.0291000000
0.0000000000	-0.0291000000
0.0000000000	-0.0291000000
0.0000000000	-0.0291000000
0.0000000000	-0.0291000000
0.0000000000	-0.0291000000
0.0000000000	-0.0291000000
0.0000000000	-0.0291000000
0.0000000000	-0.0291000000
0.0000000000	-0.0291000000
0.0000000000	-0.0291000000
0.0000000000	-0.0291000000
0.0000000000	-0.0291000000
0.0000000000	-0.0291000000
0.0000000000	-0.0287000000
0.0000000000	-0.0283000000
0.0000000000	-0.0279000000
0.0000000000	-0.0276000000
0.0000000000	-0.0272000000
0.0000000000	-0.0267000000
0.0000000000	-0.0263000000
0.0000000000	-0.0257000000
0.0000000000	-0.0252000000
0.0000000000	-0.0247000000
0.0000000000	-0.0241000000
0.0000000000	-0.0236000000
0.0000000000	-0.0231000000
0.0000000000	-0.0228000000
0.0000000000	-0.0224000000
0.0000000000	-0.0221000000
0.0000000000	-0.0217000000
0.0000000000	-0.0214000000
0.0000000000	-0.0211000000
0.0000000000	-0.0208000000
0.0000000000	-0.0205000000
0.0000000000	-0.0204000000
0.0000000000	-0.0203000000
0.0000000000	-0.0204000000
0.0000000000	-0.0204000000
0.0000000000	-0.0204000000
0.0000000000	-0.0204000000
0.0000000000	-0.0204000000
0.0000000000	-0.0204000000
0.0000000000	-0.0204000000
0.0000000000	-0.0204000000
0.0000000000	-0.0204000000
0.0000000000	-0.0204000000
0.0000000000	-0.0204000000
0.0000000000	-0.0204000000
0.0000000000	-0.0204000000
0.0000000000	-0.0203000000
0.0000000000	-0.0202000000
0.0000000000	-0.0200000000
0.0000000000	-0.0197000000
0.0000000000	-0.0193000000
0.0000000000	-0.0188000000
0.0000000000	-0.0184000000
0.0000000000	-0.0179000000
0.0000000000	-0.0175000000
0.0000000000	-0.0170000000
0.0000000000	-0.0167000000
0.0000000000	-0.0164000000
0.0000000000	-0.0161000000
0.0000000000	-0.0158000000
0.0000000000	-0.0155000000
0.0000000000	-0.0152000000
0.0000000000	-0.0150000000
0.0000000000	-0.0147000000
0.0000000000	-0.0144000000
0.0000000000	-0.0142000000
0.0000000000	-0.0139000000
0.0000000000	-0.0136000000
0.0000000000	-0.0133000000
0.0000000000	-0.0130000000
0.0000000000	-0.0128000000
0.0000000000	-0.0128000000
0.0000000000	-0.0128000000
0.0000000000	-0.0128000000
0.0000000000	-0.0128000000
0.0000000000	-0.0128000000
0.0000000000	-0.0128000000
0.0000000000	-0.0128000000
0.0000000000	-0.0128000000
0.0000000000	-0.0128000000
0.0000000000	-0.0128000000
0.0000000000	-0.0128000000
0.0000000000	-0.0127000000
0.0000000000	-0.0127000000
0.0000000000	-0.0126000000
0.0000000000	-0.0125000000
0.0000000000	-0.0122000000
0.0000000000	-0.0119000000
0.0000000000	-0.0114000000
0.0000000000	-0.0109000000
0.0000000000	-0.0105000000
0.0000000000	-0.0104000000
0.0000000000	-0.0102000000
0.0000000000	-0.0100000000
0.0000000000	-0.0098000000
0.0000000000	-0.0096000000
0.0000000000	-0.0092000000
0.0000000000	-0.0087000000
0.0000000000	-0.0083000000
0.0000000000	-0.0082000000
0.0000000000	-0.0081000000
0.0000000000	-0.0080000000
0.0000000000	-0.0078000000
0.0000000000	-0.0075000000
0.0000000000	-0.0073000000
0.0000000000	-0.0072000000
0.0000000000	-0.0072000000
0.0000000000	-0.0072000000
0.0000000000	-0.0071000000
0.0000000000	-0.0070000000
0.0000000000	-0.0067000000
0.0000000000	-0.0064000000
0.0000000000	-0.0061000000
0.0000000000	-0.0055000000
0.0000000000	-0.0051000000
0.0000000000	-0.0047000000
0.0000000000	-0.0045000000
0.0000000000	-0.0044000000
0.0000000000	-0.0044000000
0.0000000000	-0.0043000000
0.0000000000	-0.0042000000
0.0000000000	-0.0041000000
0.0000000000	-0.0038000000
0.0000000000	-0.0036000000
0.0000000000	-0.0036000000
0.0000000000	-0.0036000000
0.0000000000	-0.0036000000
0.0000000000	-0.0036000000
0.0000000000	-0.0036000000
0.0000000000	-0.0036000000
0.0000000000	-0.0036000000
0.0000000000	-0.0036000000
0.0000000000	-0.0036000000
0.0000000000	-0.0036000000
0.0000000000	-0.0036000000
0.0000000000	-0.0036000000
0.0000000000	-0.0036000000
0.0000000000	-0.0036000000
0.0000000000	-0.0036000000
0.0000000000	-0.0036000000
0.0000000000	-0.0036000000
0.0000000000	-0.0036000000
0.0000000000	-0.0036000000
0.0000000000	-0.0036000000
0.0000000000	-0.0034000000
0.0000000000	-0.0032000000
0.0000000000	-0.0030000000
0.0000000000	-0.0028000000
0.0000000000	-0.0023000000
0.0000000000	-0.0019000000
0.0000000000	-0.0016000000
0.0000000000	-0.0012000000
0.0000000000	-0.0008680000
0.0000000000	-0.0005330000
0.0000000000	-0.0001380000
0.0000000000	0.0000395000
0.0000000000	0.0000395000
0.0000000000	0.0000592000
0.0000000000	0.0000592000
0.0000000000	0.0000592000
0.0000000000	0.0000592000
0.0000000000	0.0000395000
0.0000000000	0.0000395000
0.0000000000	0.0000197000
0.0000000000	-0.0000000000
0.0000000000	-0.0000000000
0.0000000000	-0.0000000000
0.0000000000	-0.0000000000
0.0000000000	-0.0000000000
0.0000000000	-0.0000000000
0.0000000000	-0.0000000000
0.0000000000	-0.0000000000
0.0000000000	-0.0000000000
0.0000000000	-0.0000000000
0.0000000000	-0.0000000000
0.0000000000	-0.0000000000
0.0000000000	-0.0000000000
0.0000000000	-0.0000000000
0.0000000000	-0.0000000000
0.0000000000	-0.0000000000
0.0000000000	-0.0000000000
0.0000000000	-0.0000000000
0.0000000000	-0.0000000000
0.0000000000	-0.0000000000
0.0000000000	-0.0000000000
0.0000000000	-0.0000000000
0.0000000000	-0.0000000000
0.0000000000	-0.0000000000
0.0000000000	-0.0000000000
0.0000000000	-0.0000000000
0.0000000000	-0.0000000000
0.0000000000	-0.0000000000
0.0000000000	-0.0000000000
0.0000000000	-0.0000000000
0.0000000000	-0.0000000000
0.0000000000	-0.0000000000
0.0000000000	-0.0000000000
0.0000000000	-0.0000000000
0.0000000000	-0.0000000000
0.0000000000	-0.0000000000
0.0000000000	-0.0000000000
0.0000000000	-0.0000000000
0.0000000000	-0.0000000000
0.0000000000	-0.0000000000
0.0000000000	-0.0000000000
0.0000000000	-0.0000000000
0.0000000000	-0.0000000000
0.0000000000	-0.0000000000
0.0000000000	-0.0000000000
0.0000000000	-0.0000000000
0.0000000000	-0.0000000000
0.0000000000	-0.0000000000
0.0000000000	-0.0000000000
0.0000000000	-0.0000000000
0.0000000000	-0.0000000000
0.0000000000	-0.0000000000
0.0000000000	-0.0000000000
0.0000000000	-0.0000000000
0.0000000000	-0.0000000000
0.0000000000	-0.0000000000
0.0000000000	-0.0000000000
0.0000000000	-0.0000000000
0.0000000000	-0.0000000000
0.0000000000	-0.0000000000
0.0000000000	-0.0000000000
0.0000000000	-0.0000000000
0.0000000000	-0.0000000000
0.0000000000	-0.0000000000
0.0000000000	-0.0000000000
0.0000000000	-0.0000000000
0.0000000000	-0.0000000000
0.0000000000	-0.0000000000
0.0000000000	-0.0000000000
0.0000000000	-0.0000000000
0.0000000000	-0.0000000000
0.0000000000	-0.0000000000
0.0000000000	-0.0000000000
0.0000000000	-0.0000000000
0.0000000000	-0.0000000000
0.0000000000	-0.0000000000
0.0000000000	-0.0000000000
0.0000000000	-0.0000000000
0.0000000000	-0.0000000000
0.0000000000	-0.0000000000
0.0000000000	-0.0000000000
0.0000000000	-0.0000000000
0.0000000000	-0.0000000000
0.0000000000	-0.0000000000
0.0000000000	-0.0000000000
0.0000000000	-0.0000000000
0.0000000000	-0.0000000000
0.0000000000	-0.0000000000
0.0000000000	-0.0000000000
0.0000000000	-0.0000000000
0.0000000000	-0.0000000000
0.0000000000	-0.0000000000
0.0000000000	-0.0000000000
0.0000000000	-0.0000000000
0.0000000000	-0.0000000000
0.0000000000	-0.0000000000
0.0000000000	-0.0000000000
0.0000000000	-0.0000000000
0.0000000000	-0.0000000000
0.0000000000	-0.0000000000
0.0000000000	-0.0000000000
0.0000000000	-0.0000000000
0.0000000000	-0.0000000000
0.0000000000	-0.0000000000
0.0000000000	-0.0000000000
0.0000000000	-0.0000000000
0.0000000000	-0.0000000000
0.0000000000	-0.0000000000
0.0000000000	-0.0000000000
0.0000000000	-0.0000000000
0.0000000000	-0.0000000000
0.0000000000	-0.0000000000
0.0000000000	-0.0000000000
0.0000000000	-0.0000000000
0.0000000000	-0.0000000000
0.0000000000	-0.0000000000
0.0000000000	-0.0000000000
0.0000000000	-0.0000000000
0.0000000000	-0.0000000000
0.0000000000	-0.0000000000
0.0000000000	-0.0000000000
0.0000000000	-0.0000000000
0.0000000000	-0.0000000000
0.0000000000	-0.0000000000
0.0000000000	-0.0000000000
0.0000000000	-0.0000000000
0.0000000000	-0.0000000000
0.0000000000	-0.0000000000
0.0000000000	-0.0000000000
0.0000000000	-0.0000000000
0.0000000000	-0.0000000000
0.0000000000	-0.0000000000
0.0000000000	-0.0000000000
0.0000000000	-0.0000000000
0.0000000000	-0.0000000000
0.0000000000	-0.0000000000
0.0000000000	-0.0000000000
0.0000000000	-0.0000000000
0.0000000000	-0.0000000000
0.0000000000	-0.0000000000
0.0000000000	-0.0000000000
0.0000000000	-0.0000000000
0.0000000000	-0.0000000000
0.0000000000	-0.0000000000
0.0000000000	-0.0000000000
0.0000000000	-0.0000000000
0.0000000000	-0.0000000000
0.0000000000	-0.0000000000
0.0000000000	-0.0000000000
0.0000000000	-0.0000000000
0.0000000000	-0.0000000000
0.0000000000	-0.0000000000
