Light Intensity (% of scale max) Alessio_0.16_1.5_lampadina	Position (m) Alessio_0.16_1.5_lampadina
0.0000000000	0.0000000000
0.0000000000	0.0000000000
0.0000000000	0.0000000000
0.0000000000	0.0000000000
0.0000000000	0.0000000000
0.0000000000	0.0000000000
0.0000000000	0.0000000000
0.0000000000	0.0000000000
0.0000000000	0.0000000000
0.0000000000	0.0000000000
0.0000000000	0.0000000000
0.0000000000	0.0000000000
0.0000000000	0.0000000000
0.0000000000	0.0000000000
0.0000000000	0.0000000000
0.0000000000	0.0000000000
0.0000000000	-0.0000197000
0.0000000000	-0.0000197000
0.0000000000	-0.0000197000
0.0000000000	-0.0000197000
0.0000000000	-0.0000395000
0.0000000000	-0.0000395000
0.0000000000	-0.0000395000
0.0000000000	-0.0000395000
0.0000000000	-0.0000395000
0.0000000000	-0.0000395000
0.0000000000	-0.0000395000
0.0000000000	-0.0001970000
0.0000000000	-0.0003950000
0.0000000000	-0.0006510000
0.0000000000	-0.0008480000
0.0000000000	-0.0009070000
0.0000000000	-0.0009470000
0.0000000000	-0.0012000000
0.0000000000	-0.0013000000
0.0000000000	-0.0018000000
0.0000000000	-0.0022000000
0.0000000000	-0.0023000000
0.0000000000	-0.0025000000
0.0000000000	-0.0026000000
0.0000000000	-0.0029000000
0.0000000000	-0.0035000000
0.0000000000	-0.0039000000
0.0000000000	-0.0041000000
0.0000000000	-0.0047000000
0.0000000000	-0.0050000000
0.0000000000	-0.0056000000
0.0000000000	-0.0057000000
0.0000000000	-0.0057000000
0.0000000000	-0.0057000000
0.0000000000	-0.0057000000
0.0000000000	-0.0057000000
0.0000000000	-0.0057000000
0.0000000000	-0.0057000000
0.0000000000	-0.0057000000
0.0000000000	-0.0057000000
0.0000000000	-0.0057000000
0.0000000000	-0.0057000000
0.0000000000	-0.0057000000
0.0000000000	-0.0059000000
0.0000000000	-0.0062000000
0.0000000000	-0.0064000000
0.0000000000	-0.0066000000
0.0000000000	-0.0067000000
0.0000000000	-0.0068000000
0.0000000000	-0.0071000000
0.0000000000	-0.0074000000
0.0000000000	-0.0077000000
0.0000000000	-0.0079000000
0.0000000000	-0.0080000000
0.0000000000	-0.0083000000
0.0000000000	-0.0085000000
0.0000000000	-0.0088000000
0.0000000000	-0.0093000000
0.0000000000	-0.0094000000
0.0000000000	-0.0096000000
0.0000000000	-0.0099000000
0.0000000000	-0.0102000000
0.0000000000	-0.0104000000
0.0000000000	-0.0106000000
0.0000000000	-0.0108000000
0.0000000000	-0.0108000000
0.0000000000	-0.0108000000
0.0000000000	-0.0108000000
0.0000000000	-0.0108000000
0.0000000000	-0.0108000000
0.0000000000	-0.0108000000
0.0000000000	-0.0108000000
0.0000000000	-0.0108000000
0.0000000000	-0.0108000000
0.0000000000	-0.0108000000
0.0000000000	-0.0108000000
0.0000000000	-0.0108000000
0.0000000000	-0.0108000000
0.0000000000	-0.0108000000
0.0000000000	-0.0113000000
0.0000000000	-0.0116000000
0.0000000000	-0.0117000000
0.0000000000	-0.0118000000
0.0000000000	-0.0121000000
0.0000000000	-0.0122000000
0.0000000000	-0.0123000000
0.0000000000	-0.0126000000
0.0000000000	-0.0130000000
0.0000000000	-0.0133000000
0.0000000000	-0.0137000000
0.0000000000	-0.0140000000
0.0000000000	-0.0142000000
0.0000000000	-0.0145000000
0.0000000000	-0.0147000000
0.0000000000	-0.0149000000
0.0000000000	-0.0152000000
0.0000000000	-0.0154000000
0.0000000000	-0.0157000000
0.0000000000	-0.0157000000
0.0000000000	-0.0158000000
0.0000000000	-0.0158000000
0.0000000000	-0.0158000000
0.0000000000	-0.0158000000
0.0000000000	-0.0158000000
0.0000000000	-0.0158000000
0.0000000000	-0.0158000000
0.0000000000	-0.0158000000
0.0000000000	-0.0158000000
0.0000000000	-0.0158000000
0.0000000000	-0.0158000000
0.0000000000	-0.0158000000
0.0000000000	-0.0158000000
0.0000000000	-0.0158000000
0.0000000000	-0.0158000000
0.0000000000	-0.0162000000
0.0000000000	-0.0168000000
0.0000000000	-0.0170000000
0.0000000000	-0.0170000000
0.0000000000	-0.0171000000
0.0000000000	-0.0174000000
0.0000000000	-0.0177000000
0.0000000000	-0.0181000000
0.0000000000	-0.0183000000
0.0000000000	-0.0183000000
0.0000000000	-0.0186000000
0.0000000000	-0.0190000000
0.0000000000	-0.0191000000
0.0000000000	-0.0193000000
0.0000000000	-0.0195000000
0.0000000000	-0.0197000000
0.0000000000	-0.0200000000
0.0000000000	-0.0204000000
0.0000000000	-0.0205000000
0.0000000000	-0.0208000000
0.0000000000	-0.0211000000
0.0000000000	-0.0211000000
0.0000000000	-0.0211000000
0.0000000000	-0.0211000000
0.0000000000	-0.0211000000
0.0000000000	-0.0211000000
0.0000000000	-0.0211000000
0.0000000000	-0.0211000000
0.0000000000	-0.0211000000
0.0000000000	-0.0211000000
0.0000000000	-0.0211000000
0.0000000000	-0.0211000000
0.0000000000	-0.0211000000
0.0000000000	-0.0214000000
0.0000000000	-0.0219000000
0.0000000000	-0.0222000000
0.0000000000	-0.0222000000
0.0000000000	-0.0225000000
0.0000000000	-0.0228000000
0.0000000000	-0.0232000000
0.0000000000	-0.0237000000
0.0000000000	-0.0237000000
0.0000000000	-0.0242000000
0.0000000000	-0.0246000000
0.0000000000	-0.0248000000
0.0000000000	-0.0253000000
0.0000000000	-0.0255000000
0.0000000000	-0.0257000000
0.0000000000	-0.0259000000
0.0000000000	-0.0261000000
0.0000000000	-0.0264000000
0.0000000000	-0.0267000000
0.0000000000	-0.0267000000
0.0000000000	-0.0267000000
0.0000000000	-0.0267000000
0.0000000000	-0.0267000000
0.0000000000	-0.0267000000
0.0000000000	-0.0267000000
0.0000000000	-0.0267000000
0.0000000000	-0.0267000000
0.0000000000	-0.0267000000
0.0000000000	-0.0267000000
0.0000000000	-0.0267000000
0.0000000000	-0.0267000000
0.0000000000	-0.0267000000
0.0000000000	-0.0269000000
0.0000000000	-0.0274000000
0.0000000000	-0.0275000000
0.0000000000	-0.0278000000
0.0000000000	-0.0280000000
0.0000000000	-0.0282000000
0.0000000000	-0.0288000000
0.0000000000	-0.0292000000
0.0000000000	-0.0295000000
0.0000000000	-0.0298000000
0.0000000000	-0.0298000000
0.0000000000	-0.0299000000
0.0000000000	-0.0300000000
0.0000000000	-0.0302000000
0.0000000000	-0.0304000000
0.0000000000	-0.0306000000
0.0000000000	-0.0310000000
0.0000000000	-0.0314000000
0.0000000000	-0.0316000000
0.0000000000	-0.0318000000
0.0000000000	-0.0322000000
0.0000000000	-0.0325000000
0.0000000000	-0.0328000000
0.0000000000	-0.0328000000
0.0000000000	-0.0328000000
0.0000000000	-0.0327000000
0.0000000000	-0.0327000000
0.0000000000	-0.0327000000
0.0000000000	-0.0327000000
0.0000000000	-0.0327000000
0.0000000000	-0.0327000000
0.0000000000	-0.0328000000
0.0000000000	-0.0328000000
0.0000000000	-0.0328000000
0.0000000000	-0.0334000000
0.0000000000	-0.0338000000
0.0000000000	-0.0342000000
0.0000000000	-0.0343000000
0.0000000000	-0.0344000000
0.0000000000	-0.0349000000
0.0000000000	-0.0350000000
0.0000000000	-0.0351000000
0.0000000000	-0.0355000000
0.0000000000	-0.0358000000
0.0000000000	-0.0362000000
0.0000000000	-0.0363000000
0.0000000000	-0.0364000000
0.0000000000	-0.0369000000
0.0000000000	-0.0369000000
0.0000000000	-0.0372000000
0.0000000000	-0.0376000000
0.0000000000	-0.0377000000
0.0000000000	-0.0377000000
0.0000000000	-0.0378000000
0.0000000000	-0.0378000000
0.0000000000	-0.0377000000
0.0000000000	-0.0377000000
0.0000000000	-0.0377000000
0.0000000000	-0.0377000000
0.0000000000	-0.0377000000
0.0000000000	-0.0377000000
0.0000000000	-0.0377000000
0.0000000000	-0.0378000000
0.0000000000	-0.0378000000
0.0000000000	-0.0379000000
0.0000000000	-0.0385000000
0.0000000000	-0.0387000000
0.0000000000	-0.0388000000
0.0000000000	-0.0391000000
0.0000000000	-0.0394000000
0.0000000000	-0.0398000000
0.0000000000	-0.0401000000
0.0000000000	-0.0403000000
0.0000000000	-0.0405000000
0.0000000000	-0.0408000000
0.0000000000	-0.0410000000
0.0000000000	-0.0412000000
0.0000000000	-0.0415000000
0.0000000000	-0.0417000000
0.0000000000	-0.0419000000
0.0000000000	-0.0423000000
0.0000000000	-0.0425000000
0.0000000000	-0.0428000000
0.0000000000	-0.0429000000
0.0000000000	-0.0429000000
0.0000000000	-0.0429000000
0.0000000000	-0.0428000000
0.0000000000	-0.0428000000
0.0000000000	-0.0428000000
0.0000000000	-0.0428000000
0.0000000000	-0.0428000000
0.0000000000	-0.0428000000
0.0000000000	-0.0428000000
0.0000000000	-0.0429000000
0.0000000000	-0.0429000000
0.0000000000	-0.0429000000
0.0000000000	-0.0431000000
0.0000000000	-0.0437000000
0.0000000000	-0.0439000000
0.0000000000	-0.0441000000
0.0000000000	-0.0444000000
0.0000000000	-0.0448000000
0.0000000000	-0.0452000000
0.0000000000	-0.0454000000
0.0000000000	-0.0458000000
0.0000000000	-0.0463000000
0.0000000000	-0.0464000000
0.0000000000	-0.0465000000
0.0000000000	-0.0468000000
0.0000000000	-0.0470000000
0.0000000000	-0.0472000000
0.0000000000	-0.0476000000
0.0000000000	-0.0479000000
0.0000000000	-0.0482000000
0.0000000000	-0.0483000000
0.0000000000	-0.0483000000
0.0000000000	-0.0483000000
0.0000000000	-0.0483000000
0.0000000000	-0.0482000000
0.0000000000	-0.0482000000
0.0000000000	-0.0482000000
0.0000000000	-0.0482000000
0.0000000000	-0.0482000000
0.0000000000	-0.0482000000
0.0000000000	-0.0482000000
0.0000000000	-0.0482000000
0.0000000000	-0.0482000000
0.0000000000	-0.0483000000
0.0000000000	-0.0483000000
0.0000000000	-0.0490000000
0.0000000000	-0.0495000000
0.0000000000	-0.0497000000
0.0000000000	-0.0500000000
0.0000000000	-0.0502000000
0.0000000000	-0.0505000000
0.0000000000	-0.0507000000
0.0000000000	-0.0509000000
0.0000000000	-0.0511000000
0.0000000000	-0.0513000000
0.0000000000	-0.0516000000
0.1000000000	-0.0518000000
0.0000000000	-0.0519000000
0.0000000000	-0.0522000000
0.0000000000	-0.0524000000
0.0000000000	-0.0525000000
0.0000000000	-0.0530000000
0.0000000000	-0.0533000000
0.0000000000	-0.0535000000
0.0000000000	-0.0537000000
0.0000000000	-0.0539000000
0.0000000000	-0.0540000000
0.0000000000	-0.0540000000
0.0000000000	-0.0540000000
0.0000000000	-0.0539000000
0.0000000000	-0.0539000000
0.0000000000	-0.0539000000
0.0000000000	-0.0539000000
0.0000000000	-0.0539000000
0.0000000000	-0.0539000000
0.0000000000	-0.0539000000
0.0000000000	-0.0539000000
0.0000000000	-0.0540000000
0.0000000000	-0.0540000000
0.0000000000	-0.0540000000
0.0000000000	-0.0540000000
0.0000000000	-0.0543000000
0.0000000000	-0.0545000000
0.0000000000	-0.0546000000
0.1000000000	-0.0550000000
0.1000000000	-0.0554000000
0.1000000000	-0.0558000000
0.1000000000	-0.0561000000
0.0000000000	-0.0565000000
0.0000000000	-0.0565000000
0.0000000000	-0.0567000000
0.0000000000	-0.0569000000
0.0000000000	-0.0569000000
0.0000000000	-0.0571000000
0.0000000000	-0.0574000000
0.0000000000	-0.0576000000
0.0000000000	-0.0581000000
0.0000000000	-0.0584000000
0.0000000000	-0.0586000000
0.1000000000	-0.0590000000
0.1000000000	-0.0591000000
0.1000000000	-0.0593000000
0.1000000000	-0.0593000000
0.1000000000	-0.0593000000
0.1000000000	-0.0592000000
0.1000000000	-0.0592000000
0.1000000000	-0.0592000000
0.1000000000	-0.0592000000
0.1000000000	-0.0592000000
0.1000000000	-0.0592000000
0.1000000000	-0.0592000000
0.1000000000	-0.0592000000
0.1000000000	-0.0592000000
0.1000000000	-0.0593000000
0.1000000000	-0.0596000000
0.1000000000	-0.0601000000
0.1000000000	-0.0605000000
0.0000000000	-0.0608000000
0.0000000000	-0.0609000000
0.0000000000	-0.0612000000
0.0000000000	-0.0614000000
0.1000000000	-0.0616000000
0.1000000000	-0.0621000000
0.1000000000	-0.0623000000
0.1000000000	-0.0624000000
0.1000000000	-0.0626000000
0.1000000000	-0.0628000000
0.1000000000	-0.0631000000
0.1000000000	-0.0632000000
0.1000000000	-0.0633000000
0.1000000000	-0.0635000000
0.1000000000	-0.0637000000
0.1000000000	-0.0639000000
0.1000000000	-0.0641000000
0.1000000000	-0.0641000000
0.1000000000	-0.0643000000
0.1000000000	-0.0643000000
0.1000000000	-0.0642000000
0.1000000000	-0.0642000000
0.1000000000	-0.0642000000
0.1000000000	-0.0642000000
0.1000000000	-0.0642000000
0.1000000000	-0.0642000000
0.1000000000	-0.0642000000
0.1000000000	-0.0642000000
0.1000000000	-0.0642000000
0.1000000000	-0.0642000000
0.1000000000	-0.0642000000
0.1000000000	-0.0643000000
0.0000000000	-0.0649000000
0.0000000000	-0.0655000000
0.0000000000	-0.0657000000
0.1000000000	-0.0659000000
0.1000000000	-0.0660000000
0.1000000000	-0.0661000000
0.1000000000	-0.0662000000
0.1000000000	-0.0664000000
0.1000000000	-0.0669000000
0.1000000000	-0.0672000000
0.1000000000	-0.0674000000
0.1000000000	-0.0675000000
0.1000000000	-0.0677000000
0.1000000000	-0.0679000000
0.1000000000	-0.0681000000
0.1000000000	-0.0684000000
0.0000000000	-0.0687000000
0.0000000000	-0.0689000000
0.0000000000	-0.0692000000
0.0000000000	-0.0694000000
0.0000000000	-0.0694000000
0.0000000000	-0.0694000000
0.0000000000	-0.0694000000
0.0000000000	-0.0694000000
0.0000000000	-0.0694000000
0.0000000000	-0.0694000000
0.0000000000	-0.0694000000
0.0000000000	-0.0694000000
0.0000000000	-0.0694000000
0.0000000000	-0.0694000000
0.0000000000	-0.0694000000
0.0000000000	-0.0694000000
0.0000000000	-0.0694000000
0.0000000000	-0.0694000000
0.1000000000	-0.0695000000
0.1000000000	-0.0703000000
0.1000000000	-0.0704000000
0.1000000000	-0.0706000000
0.1000000000	-0.0711000000
0.1000000000	-0.0712000000
0.1000000000	-0.0714000000
0.1000000000	-0.0715000000
0.1000000000	-0.0716000000
0.1000000000	-0.0719000000
0.1000000000	-0.0719000000
0.1000000000	-0.0720000000
0.1000000000	-0.0724000000
0.1000000000	-0.0726000000
0.1000000000	-0.0726000000
0.0000000000	-0.0728000000
0.0000000000	-0.0732000000
0.1000000000	-0.0734000000
0.1000000000	-0.0736000000
0.1000000000	-0.0737000000
0.1000000000	-0.0738000000
0.1000000000	-0.0742000000
0.1000000000	-0.0745000000
0.1000000000	-0.0746000000
0.1000000000	-0.0746000000
0.1000000000	-0.0746000000
0.1000000000	-0.0746000000
0.1000000000	-0.0746000000
0.1000000000	-0.0746000000
0.1000000000	-0.0746000000
0.1000000000	-0.0746000000
0.1000000000	-0.0746000000
0.1000000000	-0.0746000000
0.1000000000	-0.0746000000
0.1000000000	-0.0746000000
0.1000000000	-0.0746000000
0.1000000000	-0.0746000000
0.1000000000	-0.0746000000
0.1000000000	-0.0751000000
0.1000000000	-0.0756000000
0.1000000000	-0.0758000000
0.1000000000	-0.0759000000
0.1000000000	-0.0760000000
0.1000000000	-0.0762000000
0.1000000000	-0.0763000000
0.1000000000	-0.0765000000
0.1000000000	-0.0769000000
0.1000000000	-0.0771000000
0.1000000000	-0.0773000000
0.1000000000	-0.0775000000
0.1000000000	-0.0778000000
0.1000000000	-0.0779000000
0.2000000000	-0.0781000000
0.2000000000	-0.0786000000
0.2000000000	-0.0787000000
0.2000000000	-0.0791000000
0.2000000000	-0.0794000000
0.2000000000	-0.0794000000
0.2000000000	-0.0794000000
0.2000000000	-0.0794000000
0.2000000000	-0.0794000000
0.2000000000	-0.0794000000
0.2000000000	-0.0794000000
0.2000000000	-0.0794000000
0.2000000000	-0.0794000000
0.2000000000	-0.0794000000
0.2000000000	-0.0794000000
0.2000000000	-0.0794000000
0.2000000000	-0.0794000000
0.2000000000	-0.0794000000
0.2000000000	-0.0794000000
0.2000000000	-0.0794000000
0.2000000000	-0.0794000000
0.2000000000	-0.0796000000
0.1000000000	-0.0801000000
0.1000000000	-0.0804000000
0.1000000000	-0.0805000000
0.1000000000	-0.0808000000
0.1000000000	-0.0812000000
0.1000000000	-0.0814000000
0.2000000000	-0.0816000000
0.2000000000	-0.0819000000
0.3000000000	-0.0822000000
0.3000000000	-0.0826000000
0.3000000000	-0.0827000000
0.3000000000	-0.0829000000
0.3000000000	-0.0831000000
0.3000000000	-0.0831000000
0.2000000000	-0.0834000000
0.2000000000	-0.0837000000
0.2000000000	-0.0837000000
0.1000000000	-0.0838000000
0.1000000000	-0.0839000000
0.1000000000	-0.0840000000
0.1000000000	-0.0842000000
0.1000000000	-0.0843000000
0.1000000000	-0.0844000000
0.1000000000	-0.0844000000
0.1000000000	-0.0844000000
0.1000000000	-0.0844000000
0.1000000000	-0.0844000000
0.1000000000	-0.0844000000
0.1000000000	-0.0844000000
0.1000000000	-0.0844000000
0.1000000000	-0.0844000000
0.1000000000	-0.0844000000
0.1000000000	-0.0844000000
0.1000000000	-0.0844000000
0.1000000000	-0.0844000000
0.1000000000	-0.0845000000
0.1000000000	-0.0846000000
0.2000000000	-0.0850000000
0.2000000000	-0.0851000000
0.2000000000	-0.0851000000
0.2000000000	-0.0852000000
0.3000000000	-0.0854000000
0.5000000000	-0.0861000000
0.5000000000	-0.0862000000
0.5000000000	-0.0864000000
0.6000000000	-0.0866000000
0.5000000000	-0.0868000000
0.5000000000	-0.0870000000
0.5000000000	-0.0871000000
0.5000000000	-0.0873000000
0.3000000000	-0.0876000000
0.2000000000	-0.0880000000
0.2000000000	-0.0880000000
0.2000000000	-0.0880000000
0.2000000000	-0.0880000000
0.2000000000	-0.0880000000
0.2000000000	-0.0880000000
0.2000000000	-0.0880000000
0.1000000000	-0.0880000000
0.1000000000	-0.0880000000
0.1000000000	-0.0880000000
0.1000000000	-0.0880000000
0.1000000000	-0.0880000000
0.1000000000	-0.0880000000
0.1000000000	-0.0880000000
0.1000000000	-0.0880000000
0.2000000000	-0.0880000000
0.2000000000	-0.0880000000
0.2000000000	-0.0880000000
0.1000000000	-0.0881000000
0.1000000000	-0.0883000000
0.1000000000	-0.0884000000
0.1000000000	-0.0885000000
0.2000000000	-0.0886000000
0.4000000000	-0.0891000000
0.7000000000	-0.0894000000
1.0000000000	-0.0897000000
1.5000000000	-0.0901000000
1.5000000000	-0.0902000000
1.7000000000	-0.0905000000
1.6000000000	-0.0909000000
1.4000000000	-0.0911000000
1.0000000000	-0.0914000000
0.7000000000	-0.0917000000
0.5000000000	-0.0919000000
0.4000000000	-0.0923000000
0.7000000000	-0.0926000000
1.9000000000	-0.0930000000
2.4000000000	-0.0930000000
2.6000000000	-0.0930000000
3.1000000000	-0.0931000000
3.3000000000	-0.0932000000
3.4000000000	-0.0932000000
3.4000000000	-0.0932000000
3.4000000000	-0.0931000000
3.3000000000	-0.0931000000
3.3000000000	-0.0931000000
3.3000000000	-0.0931000000
3.4000000000	-0.0931000000
3.3000000000	-0.0931000000
3.4000000000	-0.0931000000
3.4000000000	-0.0931000000
3.4000000000	-0.0931000000
3.3000000000	-0.0932000000
3.7000000000	-0.0932000000
6.5000000000	-0.0935000000
8.0000000000	-0.0937000000
9.3000000000	-0.0938000000
11.5000000000	-0.0940000000
16.2000000000	-0.0943000000
20.4000000000	-0.0946000000
22.0000000000	-0.0947000000
23.3000000000	-0.0948000000
26.3000000000	-0.0950000000
27.3000000000	-0.0951000000
29.9000000000	-0.0954000000
33.9000000000	-0.0957000000
37.4000000000	-0.0961000000
37.5000000000	-0.0966000000
36.2000000000	-0.0968000000
33.6000000000	-0.0970000000
30.5000000000	-0.0974000000
28.4000000000	-0.0976000000
24.0000000000	-0.0979000000
23.3000000000	-0.0979000000
22.8000000000	-0.0979000000
22.7000000000	-0.0979000000
22.7000000000	-0.0979000000
22.5000000000	-0.0979000000
22.1000000000	-0.0979000000
21.4000000000	-0.0979000000
21.7000000000	-0.0979000000
21.7000000000	-0.0979000000
21.6000000000	-0.0979000000
21.8000000000	-0.0979000000
21.9000000000	-0.0979000000
22.4000000000	-0.0979000000
22.2000000000	-0.0979000000
22.3000000000	-0.0979000000
22.4000000000	-0.0979000000
22.1000000000	-0.0980000000
14.0000000000	-0.0984000000
10.2000000000	-0.0987000000
8.7000000000	-0.0989000000
5.1000000000	-0.0992000000
4.6000000000	-0.0993000000
2.9000000000	-0.0996000000
1.2000000000	-0.0998000000
0.7000000000	-0.1001000000
0.5000000000	-0.1003000000
0.5000000000	-0.1005000000
0.8000000000	-0.1008000000
0.9000000000	-0.1009000000
1.0000000000	-0.1010000000
1.2000000000	-0.1011000000
1.3000000000	-0.1012000000
1.7000000000	-0.1015000000
1.9000000000	-0.1018000000
1.8000000000	-0.1023000000
1.7000000000	-0.1025000000
1.6000000000	-0.1026000000
1.5000000000	-0.1026000000
1.5000000000	-0.1026000000
1.5000000000	-0.1026000000
1.5000000000	-0.1026000000
1.5000000000	-0.1026000000
1.5000000000	-0.1026000000
1.5000000000	-0.1026000000
1.5000000000	-0.1026000000
1.5000000000	-0.1026000000
1.5000000000	-0.1026000000
1.5000000000	-0.1026000000
1.5000000000	-0.1026000000
1.5000000000	-0.1026000000
1.5000000000	-0.1026000000
1.4000000000	-0.1027000000
0.5000000000	-0.1035000000
0.2000000000	-0.1040000000
0.2000000000	-0.1042000000
0.2000000000	-0.1043000000
0.2000000000	-0.1046000000
0.4000000000	-0.1050000000
0.5000000000	-0.1051000000
0.6000000000	-0.1054000000
0.7000000000	-0.1055000000
0.7000000000	-0.1056000000
0.8000000000	-0.1058000000
0.8000000000	-0.1060000000
0.7000000000	-0.1064000000
0.6000000000	-0.1068000000
0.4000000000	-0.1071000000
0.3000000000	-0.1074000000
0.3000000000	-0.1074000000
0.3000000000	-0.1074000000
0.2000000000	-0.1074000000
0.2000000000	-0.1076000000
0.2000000000	-0.1077000000
0.2000000000	-0.1077000000
0.2000000000	-0.1077000000
0.2000000000	-0.1076000000
0.2000000000	-0.1076000000
0.2000000000	-0.1076000000
0.2000000000	-0.1076000000
0.2000000000	-0.1076000000
0.2000000000	-0.1076000000
0.2000000000	-0.1076000000
0.2000000000	-0.1077000000
0.2000000000	-0.1077000000
0.2000000000	-0.1077000000
0.1000000000	-0.1085000000
0.3000000000	-0.1090000000
0.3000000000	-0.1091000000
0.4000000000	-0.1095000000
0.5000000000	-0.1097000000
0.5000000000	-0.1099000000
0.4000000000	-0.1102000000
0.3000000000	-0.1105000000
0.2000000000	-0.1110000000
0.2000000000	-0.1112000000
0.1000000000	-0.1114000000
0.1000000000	-0.1116000000
0.1000000000	-0.1118000000
0.1000000000	-0.1120000000
0.1000000000	-0.1121000000
0.1000000000	-0.1122000000
0.1000000000	-0.1124000000
0.2000000000	-0.1127000000
0.2000000000	-0.1129000000
0.2000000000	-0.1132000000
0.3000000000	-0.1136000000
0.3000000000	-0.1138000000
0.3000000000	-0.1138000000
0.3000000000	-0.1138000000
0.3000000000	-0.1138000000
0.3000000000	-0.1137000000
0.3000000000	-0.1137000000
0.3000000000	-0.1137000000
0.3000000000	-0.1137000000
0.3000000000	-0.1137000000
0.3000000000	-0.1137000000
0.3000000000	-0.1137000000
0.3000000000	-0.1137000000
0.3000000000	-0.1138000000
0.3000000000	-0.1138000000
0.3000000000	-0.1138000000
0.3000000000	-0.1140000000
0.2000000000	-0.1146000000
0.2000000000	-0.1147000000
0.1000000000	-0.1149000000
0.1000000000	-0.1151000000
0.1000000000	-0.1153000000
0.1000000000	-0.1157000000
0.1000000000	-0.1159000000
0.1000000000	-0.1161000000
0.1000000000	-0.1166000000
0.1000000000	-0.1166000000
0.1000000000	-0.1168000000
0.1000000000	-0.1170000000
0.2000000000	-0.1172000000
0.2000000000	-0.1173000000
0.2000000000	-0.1175000000
0.2000000000	-0.1178000000
0.2000000000	-0.1181000000
0.2000000000	-0.1183000000
0.2000000000	-0.1185000000
0.1000000000	-0.1188000000
0.1000000000	-0.1190000000
0.1000000000	-0.1190000000
0.1000000000	-0.1190000000
0.1000000000	-0.1190000000
0.1000000000	-0.1190000000
0.1000000000	-0.1190000000
0.1000000000	-0.1190000000
0.1000000000	-0.1190000000
0.1000000000	-0.1190000000
0.1000000000	-0.1190000000
0.1000000000	-0.1190000000
0.1000000000	-0.1190000000
0.1000000000	-0.1190000000
0.1000000000	-0.1190000000
0.1000000000	-0.1190000000
0.1000000000	-0.1190000000
0.1000000000	-0.1190000000
0.1000000000	-0.1191000000
0.1000000000	-0.1195000000
0.1000000000	-0.1197000000
0.1000000000	-0.1201000000
0.1000000000	-0.1203000000
0.1000000000	-0.1204000000
0.1000000000	-0.1208000000
0.1000000000	-0.1209000000
0.2000000000	-0.1212000000
0.2000000000	-0.1213000000
0.2000000000	-0.1216000000
0.1000000000	-0.1219000000
0.1000000000	-0.1220000000
0.1000000000	-0.1221000000
0.1000000000	-0.1223000000
0.1000000000	-0.1223000000
0.1000000000	-0.1226000000
0.1000000000	-0.1228000000
0.1000000000	-0.1231000000
0.1000000000	-0.1233000000
0.1000000000	-0.1234000000
0.0000000000	-0.1235000000
0.1000000000	-0.1238000000
0.1000000000	-0.1238000000
0.1000000000	-0.1238000000
0.1000000000	-0.1238000000
0.1000000000	-0.1238000000
0.1000000000	-0.1238000000
0.1000000000	-0.1238000000
0.1000000000	-0.1238000000
0.1000000000	-0.1238000000
0.1000000000	-0.1238000000
0.1000000000	-0.1238000000
0.1000000000	-0.1238000000
0.1000000000	-0.1238000000
0.1000000000	-0.1238000000
0.1000000000	-0.1238000000
0.1000000000	-0.1245000000
0.1000000000	-0.1248000000
0.1000000000	-0.1251000000
0.1000000000	-0.1255000000
0.1000000000	-0.1256000000
0.1000000000	-0.1258000000
0.1000000000	-0.1259000000
0.1000000000	-0.1261000000
0.1000000000	-0.1265000000
0.1000000000	-0.1268000000
0.1000000000	-0.1269000000
0.1000000000	-0.1271000000
0.1000000000	-0.1272000000
0.1000000000	-0.1274000000
0.1000000000	-0.1275000000
0.1000000000	-0.1277000000
0.1000000000	-0.1279000000
0.1000000000	-0.1282000000
0.1000000000	-0.1282000000
0.1000000000	-0.1282000000
0.1000000000	-0.1282000000
0.1000000000	-0.1282000000
0.1000000000	-0.1282000000
0.1000000000	-0.1282000000
0.1000000000	-0.1282000000
0.1000000000	-0.1282000000
0.1000000000	-0.1282000000
0.1000000000	-0.1282000000
0.1000000000	-0.1282000000
0.1000000000	-0.1282000000
0.1000000000	-0.1282000000
0.1000000000	-0.1282000000
0.1000000000	-0.1282000000
0.1000000000	-0.1282000000
0.1000000000	-0.1286000000
0.1000000000	-0.1289000000
0.1000000000	-0.1292000000
0.1000000000	-0.1296000000
0.1000000000	-0.1297000000
0.1000000000	-0.1299000000
0.1000000000	-0.1302000000
0.1000000000	-0.1303000000
0.1000000000	-0.1305000000
0.1000000000	-0.1307000000
0.1000000000	-0.1310000000
0.0000000000	-0.1313000000
0.0000000000	-0.1314000000
0.0000000000	-0.1317000000
0.0000000000	-0.1320000000
0.1000000000	-0.1322000000
0.1000000000	-0.1324000000
0.1000000000	-0.1326000000
0.1000000000	-0.1328000000
0.1000000000	-0.1330000000
0.1000000000	-0.1331000000
0.1000000000	-0.1331000000
0.1000000000	-0.1331000000
0.1000000000	-0.1330000000
0.1000000000	-0.1330000000
0.1000000000	-0.1330000000
0.1000000000	-0.1330000000
0.1000000000	-0.1330000000
0.1000000000	-0.1330000000
0.1000000000	-0.1330000000
0.1000000000	-0.1330000000
0.1000000000	-0.1330000000
0.1000000000	-0.1330000000
0.1000000000	-0.1331000000
0.1000000000	-0.1331000000
0.1000000000	-0.1331000000
0.1000000000	-0.1336000000
0.1000000000	-0.1338000000
0.1000000000	-0.1340000000
0.1000000000	-0.1344000000
0.1000000000	-0.1345000000
0.1000000000	-0.1350000000
0.0000000000	-0.1352000000
0.0000000000	-0.1354000000
0.0000000000	-0.1355000000
0.0000000000	-0.1357000000
0.0000000000	-0.1360000000
0.1000000000	-0.1363000000
0.1000000000	-0.1365000000
0.1000000000	-0.1369000000
0.1000000000	-0.1375000000
0.1000000000	-0.1376000000
0.1000000000	-0.1377000000
0.1000000000	-0.1378000000
0.1000000000	-0.1378000000
0.1000000000	-0.1379000000
0.1000000000	-0.1380000000
0.1000000000	-0.1380000000
0.1000000000	-0.1380000000
0.1000000000	-0.1379000000
0.1000000000	-0.1379000000
0.1000000000	-0.1379000000
0.1000000000	-0.1379000000
0.1000000000	-0.1379000000
0.1000000000	-0.1379000000
0.1000000000	-0.1379000000
0.1000000000	-0.1379000000
0.1000000000	-0.1379000000
0.1000000000	-0.1379000000
0.1000000000	-0.1380000000
0.1000000000	-0.1380000000
0.1000000000	-0.1381000000
0.1000000000	-0.1384000000
0.1000000000	-0.1385000000
0.1000000000	-0.1387000000
0.0000000000	-0.1389000000
0.0000000000	-0.1393000000
0.0000000000	-0.1398000000
0.1000000000	-0.1402000000
0.1000000000	-0.1406000000
0.1000000000	-0.1409000000
0.1000000000	-0.1410000000
0.1000000000	-0.1412000000
0.1000000000	-0.1415000000
0.1000000000	-0.1417000000
0.1000000000	-0.1420000000
0.1000000000	-0.1422000000
0.1000000000	-0.1423000000
0.0000000000	-0.1427000000
0.0000000000	-0.1429000000
0.0000000000	-0.1432000000
0.0000000000	-0.1434000000
0.0000000000	-0.1437000000
0.0000000000	-0.1437000000
0.0000000000	-0.1437000000
0.0000000000	-0.1437000000
0.0000000000	-0.1437000000
0.0000000000	-0.1436000000
0.0000000000	-0.1436000000
0.0000000000	-0.1436000000
0.0000000000	-0.1436000000
0.0000000000	-0.1436000000
0.0000000000	-0.1436000000
0.0000000000	-0.1436000000
0.0000000000	-0.1436000000
0.0000000000	-0.1436000000
0.0000000000	-0.1437000000
0.0000000000	-0.1437000000
0.0000000000	-0.1439000000
0.1000000000	-0.1445000000
0.1000000000	-0.1447000000
0.1000000000	-0.1451000000
0.1000000000	-0.1453000000
0.1000000000	-0.1456000000
0.1000000000	-0.1461000000
0.1000000000	-0.1463000000
0.0000000000	-0.1466000000
0.0000000000	-0.1467000000
0.0000000000	-0.1470000000
0.0000000000	-0.1473000000
0.0000000000	-0.1474000000
0.0000000000	-0.1476000000
0.0000000000	-0.1479000000
0.1000000000	-0.1481000000
0.1000000000	-0.1485000000
0.1000000000	-0.1486000000
0.1000000000	-0.1490000000
0.1000000000	-0.1493000000
0.1000000000	-0.1495000000
0.1000000000	-0.1497000000
0.1000000000	-0.1499000000
0.1000000000	-0.1500000000
0.0000000000	-0.1501000000
0.0000000000	-0.1501000000
0.0000000000	-0.1501000000
0.0000000000	-0.1501000000
0.0000000000	-0.1501000000
0.0000000000	-0.1500000000
0.0000000000	-0.1500000000
0.0000000000	-0.1500000000
0.0000000000	-0.1500000000
0.0000000000	-0.1500000000
0.0000000000	-0.1500000000
0.0000000000	-0.1500000000
0.0000000000	-0.1501000000
0.0000000000	-0.1501000000
0.0000000000	-0.1503000000
0.0000000000	-0.1506000000
0.0000000000	-0.1507000000
0.0000000000	-0.1508000000
0.0000000000	-0.1513000000
0.0000000000	-0.1515000000
0.0000000000	-0.1518000000
0.1000000000	-0.1523000000
0.1000000000	-0.1524000000
0.1000000000	-0.1528000000
0.1000000000	-0.1531000000
0.1000000000	-0.1535000000
0.0000000000	-0.1540000000
0.0000000000	-0.1543000000
0.0000000000	-0.1546000000
0.0000000000	-0.1547000000
0.0000000000	-0.1548000000
0.0000000000	-0.1550000000
0.0000000000	-0.1550000000
0.0000000000	-0.1550000000
0.0000000000	-0.1551000000
0.0000000000	-0.1553000000
0.0000000000	-0.1556000000
0.0000000000	-0.1556000000
0.0000000000	-0.1559000000
0.0000000000	-0.1561000000
0.0000000000	-0.1561000000
0.1000000000	-0.1564000000
0.1000000000	-0.1568000000
0.1000000000	-0.1568000000
0.1000000000	-0.1570000000
0.1000000000	-0.1572000000
0.0000000000	-0.1573000000
0.0000000000	-0.1573000000
0.0000000000	-0.1573000000
0.0000000000	-0.1573000000
0.0000000000	-0.1573000000
0.0000000000	-0.1573000000
0.0000000000	-0.1573000000
0.0000000000	-0.1573000000
0.0000000000	-0.1573000000
0.0000000000	-0.1573000000
0.0000000000	-0.1573000000
0.0000000000	-0.1573000000
0.0000000000	-0.1573000000
0.0000000000	-0.1573000000
0.0000000000	-0.1574000000
0.0000000000	-0.1578000000
0.0000000000	-0.1584000000
0.0000000000	-0.1586000000
0.0000000000	-0.1588000000
0.0000000000	-0.1592000000
0.0000000000	-0.1594000000
0.0000000000	-0.1597000000
0.0000000000	-0.1602000000
0.0000000000	-0.1606000000
0.0000000000	-0.1612000000
0.0000000000	-0.1616000000
0.0000000000	-0.1619000000
0.0000000000	-0.1621000000
0.0000000000	-0.1622000000
0.0000000000	-0.1625000000
0.0000000000	-0.1627000000
0.0000000000	-0.1628000000
0.0000000000	-0.1628000000
0.0000000000	-0.1630000000
0.0000000000	-0.1633000000
0.0000000000	-0.1635000000
0.0000000000	-0.1636000000
0.0000000000	-0.1638000000
0.0000000000	-0.1639000000
0.0000000000	-0.1640000000
0.0000000000	-0.1644000000
0.0000000000	-0.1645000000
0.0000000000	-0.1645000000
0.1000000000	-0.1645000000
0.0000000000	-0.1645000000
0.0000000000	-0.1645000000
0.0000000000	-0.1645000000
0.0000000000	-0.1645000000
0.0000000000	-0.1645000000
0.0000000000	-0.1645000000
0.0000000000	-0.1645000000
0.0000000000	-0.1645000000
0.0000000000	-0.1645000000
0.0000000000	-0.1645000000
0.0000000000	-0.1645000000
0.0000000000	-0.1645000000
0.0000000000	-0.1645000000
0.1000000000	-0.1646000000
0.1000000000	-0.1651000000
0.0000000000	-0.1654000000
0.0000000000	-0.1656000000
0.0000000000	-0.1658000000
0.0000000000	-0.1662000000
0.0000000000	-0.1667000000
0.0000000000	-0.1670000000
0.0000000000	-0.1671000000
0.0000000000	-0.1674000000
0.0000000000	-0.1674000000
0.0000000000	-0.1675000000
0.0000000000	-0.1678000000
0.0000000000	-0.1680000000
0.1000000000	-0.1682000000
0.1000000000	-0.1685000000
0.1000000000	-0.1686000000
0.1000000000	-0.1688000000
0.0000000000	-0.1689000000
0.0000000000	-0.1690000000
0.0000000000	-0.1692000000
0.0000000000	-0.1693000000
0.0000000000	-0.1696000000
0.0000000000	-0.1700000000
0.0000000000	-0.1700000000
0.0000000000	-0.1700000000
0.0000000000	-0.1700000000
0.0000000000	-0.1700000000
0.0000000000	-0.1700000000
0.0000000000	-0.1700000000
0.0000000000	-0.1700000000
0.0000000000	-0.1700000000
0.0000000000	-0.1700000000
0.0000000000	-0.1700000000
0.0000000000	-0.1700000000
0.0000000000	-0.1700000000
0.0000000000	-0.1700000000
0.0000000000	-0.1700000000
0.0000000000	-0.1700000000
0.0000000000	-0.1701000000
0.0000000000	-0.1703000000
0.0000000000	-0.1703000000
0.0000000000	-0.1707000000
0.0000000000	-0.1710000000
0.0000000000	-0.1714000000
0.0000000000	-0.1719000000
0.0000000000	-0.1721000000
0.0000000000	-0.1725000000
0.0000000000	-0.1727000000
0.0000000000	-0.1729000000
0.0000000000	-0.1731000000
0.0000000000	-0.1734000000
0.0000000000	-0.1735000000
0.0000000000	-0.1736000000
0.0000000000	-0.1737000000
0.0000000000	-0.1738000000
0.0000000000	-0.1742000000
0.0000000000	-0.1746000000
0.0000000000	-0.1747000000
0.0000000000	-0.1751000000
0.0000000000	-0.1756000000
0.0000000000	-0.1757000000
0.0000000000	-0.1760000000
0.0000000000	-0.1761000000
0.0000000000	-0.1761000000
0.0000000000	-0.1761000000
0.0000000000	-0.1760000000
0.0000000000	-0.1760000000
0.0000000000	-0.1760000000
0.0000000000	-0.1760000000
0.0000000000	-0.1760000000
0.0000000000	-0.1760000000
0.0000000000	-0.1760000000
0.0000000000	-0.1760000000
0.0000000000	-0.1760000000
0.0000000000	-0.1760000000
0.0000000000	-0.1761000000
0.0000000000	-0.1766000000
0.0000000000	-0.1770000000
0.0000000000	-0.1771000000
0.0000000000	-0.1773000000
0.0000000000	-0.1776000000
0.0000000000	-0.1780000000
0.0000000000	-0.1785000000
0.0000000000	-0.1788000000
0.0000000000	-0.1792000000
0.0000000000	-0.1795000000
0.0000000000	-0.1798000000
0.0000000000	-0.1798000000
0.0000000000	-0.1798000000
0.0000000000	-0.1798000000
0.0000000000	-0.1798000000
0.0000000000	-0.1798000000
0.0000000000	-0.1798000000
0.0000000000	-0.1798000000
0.0000000000	-0.1798000000
0.0000000000	-0.1798000000
0.0000000000	-0.1798000000
0.0000000000	-0.1798000000
0.0000000000	-0.1798000000
0.0000000000	-0.1798000000
0.0000000000	-0.1798000000
0.0000000000	-0.1798000000
0.0000000000	-0.1798000000
0.0000000000	-0.1798000000
0.0000000000	-0.1797000000
0.0000000000	-0.1795000000
0.0000000000	-0.1795000000
0.0000000000	-0.1794000000
0.0000000000	-0.1794000000
0.0000000000	-0.1794000000
0.0000000000	-0.1794000000
0.0000000000	-0.1793000000
0.0000000000	-0.1791000000
0.0000000000	-0.1788000000
0.0000000000	-0.1786000000
0.0000000000	-0.1783000000
0.0000000000	-0.1780000000
0.0000000000	-0.1779000000
0.0000000000	-0.1778000000
0.0000000000	-0.1777000000
0.0000000000	-0.1777000000
0.0000000000	-0.1776000000
0.0000000000	-0.1775000000
0.0000000000	-0.1774000000
0.0000000000	-0.1771000000
0.0000000000	-0.1770000000
0.0000000000	-0.1767000000
0.0000000000	-0.1767000000
0.0000000000	-0.1766000000
0.0000000000	-0.1761000000
0.0000000000	-0.1759000000
0.0000000000	-0.1757000000
0.0000000000	-0.1753000000
0.0000000000	-0.1752000000
0.0000000000	-0.1751000000
0.0000000000	-0.1751000000
0.0000000000	-0.1751000000
0.0000000000	-0.1751000000
0.0000000000	-0.1751000000
0.0000000000	-0.1751000000
0.0000000000	-0.1751000000
0.0000000000	-0.1751000000
0.0000000000	-0.1751000000
0.0000000000	-0.1751000000
0.0000000000	-0.1751000000
0.0000000000	-0.1751000000
0.0000000000	-0.1751000000
0.0000000000	-0.1749000000
0.0000000000	-0.1749000000
0.0000000000	-0.1748000000
0.0000000000	-0.1747000000
0.0000000000	-0.1745000000
0.0000000000	-0.1742000000
0.0000000000	-0.1740000000
0.0000000000	-0.1738000000
0.0000000000	-0.1733000000
0.0000000000	-0.1730000000
0.0000000000	-0.1729000000
0.0000000000	-0.1727000000
0.0000000000	-0.1725000000
0.0000000000	-0.1724000000
0.0000000000	-0.1722000000
0.0000000000	-0.1720000000
0.0000000000	-0.1718000000
0.0000000000	-0.1715000000
0.0000000000	-0.1715000000
0.0000000000	-0.1714000000
0.0000000000	-0.1713000000
0.0000000000	-0.1712000000
0.0000000000	-0.1707000000
0.0000000000	-0.1703000000
0.0000000000	-0.1703000000
0.0000000000	-0.1703000000
0.0000000000	-0.1703000000
0.0000000000	-0.1703000000
0.0000000000	-0.1703000000
0.0000000000	-0.1703000000
0.0000000000	-0.1703000000
0.0000000000	-0.1703000000
0.0000000000	-0.1703000000
0.0000000000	-0.1703000000
0.0000000000	-0.1703000000
0.0000000000	-0.1700000000
0.0000000000	-0.1695000000
0.0000000000	-0.1689000000
0.0000000000	-0.1686000000
0.0000000000	-0.1685000000
0.1000000000	-0.1682000000
0.1000000000	-0.1681000000
0.1000000000	-0.1680000000
0.1000000000	-0.1679000000
0.1000000000	-0.1679000000
0.1000000000	-0.1675000000
0.0000000000	-0.1672000000
0.0000000000	-0.1671000000
0.0000000000	-0.1669000000
0.0000000000	-0.1667000000
0.0000000000	-0.1667000000
0.0000000000	-0.1665000000
0.0000000000	-0.1663000000
0.0000000000	-0.1661000000
0.0000000000	-0.1658000000
0.0000000000	-0.1657000000
0.0000000000	-0.1657000000
0.0000000000	-0.1656000000
0.0000000000	-0.1654000000
0.0000000000	-0.1653000000
0.0000000000	-0.1652000000
0.0000000000	-0.1652000000
0.0000000000	-0.1652000000
0.0000000000	-0.1652000000
0.0000000000	-0.1652000000
0.0000000000	-0.1653000000
0.0000000000	-0.1653000000
0.0000000000	-0.1653000000
0.0000000000	-0.1653000000
0.0000000000	-0.1653000000
0.0000000000	-0.1653000000
0.0000000000	-0.1653000000
0.0000000000	-0.1653000000
0.0000000000	-0.1651000000
0.0000000000	-0.1651000000
0.0000000000	-0.1650000000
0.1000000000	-0.1646000000
0.1000000000	-0.1641000000
0.0000000000	-0.1637000000
0.0000000000	-0.1632000000
0.0000000000	-0.1631000000
0.0000000000	-0.1628000000
0.0000000000	-0.1624000000
0.0000000000	-0.1623000000
0.0000000000	-0.1621000000
0.0000000000	-0.1619000000
0.0000000000	-0.1618000000
0.0000000000	-0.1615000000
0.0000000000	-0.1614000000
0.0000000000	-0.1614000000
0.0000000000	-0.1613000000
0.0000000000	-0.1613000000
0.0000000000	-0.1613000000
0.0000000000	-0.1613000000
0.0000000000	-0.1613000000
0.0000000000	-0.1614000000
0.0000000000	-0.1614000000
0.0000000000	-0.1614000000
0.0000000000	-0.1614000000
0.0000000000	-0.1614000000
0.0000000000	-0.1614000000
0.0000000000	-0.1614000000
0.0000000000	-0.1614000000
0.0000000000	-0.1614000000
0.0000000000	-0.1613000000
0.0000000000	-0.1613000000
0.0000000000	-0.1613000000
0.0000000000	-0.1613000000
0.0000000000	-0.1611000000
0.0000000000	-0.1609000000
0.0000000000	-0.1607000000
0.0000000000	-0.1600000000
0.0000000000	-0.1597000000
0.0000000000	-0.1595000000
0.0000000000	-0.1592000000
0.0000000000	-0.1591000000
0.0000000000	-0.1591000000
0.0000000000	-0.1588000000
0.0000000000	-0.1587000000
0.0000000000	-0.1586000000
0.0000000000	-0.1584000000
0.0000000000	-0.1583000000
0.0000000000	-0.1581000000
0.0000000000	-0.1579000000
0.0000000000	-0.1577000000
0.0000000000	-0.1575000000
0.0000000000	-0.1574000000
0.0000000000	-0.1573000000
0.0000000000	-0.1570000000
0.0000000000	-0.1569000000
0.0000000000	-0.1567000000
0.1000000000	-0.1564000000
0.1000000000	-0.1561000000
0.1000000000	-0.1559000000
0.1000000000	-0.1558000000
0.1000000000	-0.1557000000
0.0000000000	-0.1557000000
0.0000000000	-0.1557000000
0.0000000000	-0.1557000000
0.0000000000	-0.1557000000
0.0000000000	-0.1559000000
0.0000000000	-0.1559000000
0.0000000000	-0.1559000000
0.0000000000	-0.1559000000
0.0000000000	-0.1559000000
0.0000000000	-0.1559000000
0.0000000000	-0.1559000000
0.0000000000	-0.1558000000
0.0000000000	-0.1558000000
0.0000000000	-0.1557000000
0.0000000000	-0.1556000000
0.0000000000	-0.1555000000
0.0000000000	-0.1548000000
0.0000000000	-0.1545000000
0.0000000000	-0.1544000000
0.0000000000	-0.1541000000
0.0000000000	-0.1540000000
0.0000000000	-0.1539000000
0.0000000000	-0.1537000000
0.0000000000	-0.1536000000
0.0000000000	-0.1534000000
0.1000000000	-0.1530000000
0.1000000000	-0.1526000000
0.1000000000	-0.1525000000
0.1000000000	-0.1523000000
0.1000000000	-0.1522000000
0.1000000000	-0.1521000000
0.1000000000	-0.1518000000
0.1000000000	-0.1517000000
0.1000000000	-0.1516000000
0.1000000000	-0.1514000000
0.1000000000	-0.1514000000
0.0000000000	-0.1513000000
0.0000000000	-0.1511000000
0.0000000000	-0.1509000000
0.0000000000	-0.1505000000
0.0000000000	-0.1500000000
0.0000000000	-0.1499000000
0.0000000000	-0.1498000000
0.0000000000	-0.1498000000
0.0000000000	-0.1498000000
0.0000000000	-0.1498000000
0.0000000000	-0.1498000000
0.0000000000	-0.1498000000
0.0000000000	-0.1498000000
0.0000000000	-0.1498000000
0.0000000000	-0.1498000000
0.0000000000	-0.1498000000
0.0000000000	-0.1498000000
0.0000000000	-0.1498000000
0.0000000000	-0.1498000000
0.0000000000	-0.1498000000
0.0000000000	-0.1498000000
0.0000000000	-0.1496000000
0.1000000000	-0.1491000000
0.1000000000	-0.1488000000
0.1000000000	-0.1487000000
0.1000000000	-0.1483000000
0.1000000000	-0.1480000000
0.1000000000	-0.1478000000
0.1000000000	-0.1474000000
0.0000000000	-0.1470000000
0.0000000000	-0.1470000000
0.0000000000	-0.1466000000
0.0000000000	-0.1465000000
0.0000000000	-0.1463000000
0.0000000000	-0.1460000000
0.0000000000	-0.1459000000
0.0000000000	-0.1456000000
0.1000000000	-0.1453000000
0.1000000000	-0.1451000000
0.1000000000	-0.1448000000
0.1000000000	-0.1446000000
0.1000000000	-0.1444000000
0.1000000000	-0.1441000000
0.1000000000	-0.1439000000
0.1000000000	-0.1439000000
0.1000000000	-0.1437000000
0.1000000000	-0.1437000000
0.1000000000	-0.1437000000
0.1000000000	-0.1437000000
0.1000000000	-0.1438000000
0.1000000000	-0.1438000000
0.1000000000	-0.1438000000
0.1000000000	-0.1438000000
0.1000000000	-0.1438000000
0.1000000000	-0.1438000000
0.1000000000	-0.1438000000
0.1000000000	-0.1438000000
0.1000000000	-0.1438000000
0.1000000000	-0.1438000000
0.1000000000	-0.1437000000
0.1000000000	-0.1437000000
0.1000000000	-0.1435000000
0.0000000000	-0.1429000000
0.0000000000	-0.1425000000
0.0000000000	-0.1421000000
0.0000000000	-0.1419000000
0.1000000000	-0.1416000000
0.1000000000	-0.1413000000
0.1000000000	-0.1411000000
0.1000000000	-0.1407000000
0.1000000000	-0.1403000000
0.1000000000	-0.1402000000
0.1000000000	-0.1399000000
0.1000000000	-0.1397000000
0.1000000000	-0.1397000000
0.1000000000	-0.1397000000
0.0000000000	-0.1395000000
0.0000000000	-0.1393000000
0.0000000000	-0.1389000000
0.0000000000	-0.1388000000
0.0000000000	-0.1385000000
0.1000000000	-0.1383000000
0.1000000000	-0.1381000000
0.1000000000	-0.1379000000
0.1000000000	-0.1379000000
0.1000000000	-0.1376000000
0.1000000000	-0.1374000000
0.1000000000	-0.1371000000
0.1000000000	-0.1367000000
0.1000000000	-0.1365000000
0.1000000000	-0.1365000000
0.1000000000	-0.1365000000
0.1000000000	-0.1366000000
0.1000000000	-0.1366000000
0.1000000000	-0.1366000000
0.1000000000	-0.1366000000
0.1000000000	-0.1366000000
0.1000000000	-0.1366000000
0.1000000000	-0.1366000000
0.1000000000	-0.1365000000
0.1000000000	-0.1365000000
0.1000000000	-0.1365000000
0.1000000000	-0.1365000000
0.1000000000	-0.1363000000
0.1000000000	-0.1360000000
0.1000000000	-0.1358000000
0.0000000000	-0.1355000000
0.0000000000	-0.1352000000
0.0000000000	-0.1351000000
0.0000000000	-0.1348000000
0.1000000000	-0.1347000000
0.1000000000	-0.1346000000
0.1000000000	-0.1345000000
0.1000000000	-0.1343000000
0.1000000000	-0.1341000000
0.1000000000	-0.1339000000
0.1000000000	-0.1337000000
0.1000000000	-0.1334000000
0.1000000000	-0.1330000000
0.1000000000	-0.1325000000
0.1000000000	-0.1324000000
0.1000000000	-0.1323000000
0.1000000000	-0.1320000000
0.0000000000	-0.1317000000
0.0000000000	-0.1315000000
0.0000000000	-0.1311000000
0.1000000000	-0.1307000000
0.1000000000	-0.1303000000
0.1000000000	-0.1299000000
0.1000000000	-0.1296000000
0.1000000000	-0.1293000000
0.1000000000	-0.1291000000
0.1000000000	-0.1289000000
0.1000000000	-0.1288000000
0.1000000000	-0.1285000000
0.1000000000	-0.1284000000
0.1000000000	-0.1284000000
0.1000000000	-0.1284000000
0.1000000000	-0.1284000000
0.1000000000	-0.1284000000
0.1000000000	-0.1284000000
0.1000000000	-0.1284000000
0.1000000000	-0.1284000000
0.1000000000	-0.1284000000
0.1000000000	-0.1284000000
0.1000000000	-0.1284000000
0.1000000000	-0.1284000000
0.1000000000	-0.1284000000
0.1000000000	-0.1284000000
0.1000000000	-0.1284000000
0.1000000000	-0.1284000000
0.1000000000	-0.1281000000
0.0000000000	-0.1274000000
0.1000000000	-0.1269000000
0.1000000000	-0.1267000000
0.1000000000	-0.1265000000
0.1000000000	-0.1263000000
0.1000000000	-0.1262000000
0.1000000000	-0.1259000000
0.1000000000	-0.1254000000
0.1000000000	-0.1251000000
0.1000000000	-0.1248000000
0.1000000000	-0.1246000000
0.1000000000	-0.1244000000
0.1000000000	-0.1243000000
0.1000000000	-0.1240000000
0.1000000000	-0.1239000000
0.1000000000	-0.1238000000
0.0000000000	-0.1237000000
0.0000000000	-0.1235000000
0.0000000000	-0.1233000000
0.1000000000	-0.1230000000
0.1000000000	-0.1228000000
0.1000000000	-0.1223000000
0.1000000000	-0.1219000000
0.2000000000	-0.1216000000
0.1000000000	-0.1212000000
0.1000000000	-0.1211000000
0.1000000000	-0.1208000000
0.1000000000	-0.1206000000
0.1000000000	-0.1206000000
0.1000000000	-0.1206000000
0.1000000000	-0.1206000000
0.1000000000	-0.1206000000
0.1000000000	-0.1206000000
0.1000000000	-0.1206000000
0.1000000000	-0.1206000000
0.1000000000	-0.1206000000
0.1000000000	-0.1206000000
0.1000000000	-0.1206000000
0.1000000000	-0.1206000000
0.1000000000	-0.1206000000
0.1000000000	-0.1206000000
0.1000000000	-0.1206000000
0.1000000000	-0.1205000000
0.1000000000	-0.1198000000
0.1000000000	-0.1193000000
0.1000000000	-0.1187000000
0.2000000000	-0.1182000000
0.2000000000	-0.1179000000
0.2000000000	-0.1175000000
0.1000000000	-0.1171000000
0.1000000000	-0.1170000000
0.1000000000	-0.1167000000
0.1000000000	-0.1164000000
0.1000000000	-0.1159000000
0.1000000000	-0.1156000000
0.1000000000	-0.1154000000
0.1000000000	-0.1151000000
0.1000000000	-0.1148000000
0.2000000000	-0.1146000000
0.2000000000	-0.1143000000
0.2000000000	-0.1142000000
0.2000000000	-0.1142000000
0.2000000000	-0.1141000000
0.2000000000	-0.1140000000
0.2000000000	-0.1138000000
0.3000000000	-0.1136000000
0.3000000000	-0.1134000000
0.2000000000	-0.1130000000
0.2000000000	-0.1127000000
0.2000000000	-0.1124000000
0.1000000000	-0.1120000000
0.1000000000	-0.1119000000
0.1000000000	-0.1119000000
0.1000000000	-0.1119000000
0.1000000000	-0.1120000000
0.1000000000	-0.1120000000
0.1000000000	-0.1120000000
0.1000000000	-0.1120000000
0.1000000000	-0.1120000000
0.1000000000	-0.1120000000
0.1000000000	-0.1120000000
0.1000000000	-0.1120000000
0.1000000000	-0.1120000000
0.1000000000	-0.1120000000
0.1000000000	-0.1120000000
0.1000000000	-0.1115000000
0.2000000000	-0.1111000000
0.2000000000	-0.1110000000
0.2000000000	-0.1107000000
0.3000000000	-0.1107000000
0.3000000000	-0.1106000000
0.3000000000	-0.1104000000
0.4000000000	-0.1101000000
0.4000000000	-0.1098000000
0.4000000000	-0.1092000000
0.2000000000	-0.1086000000
0.1000000000	-0.1084000000
0.1000000000	-0.1082000000
0.1000000000	-0.1080000000
0.1000000000	-0.1079000000
0.2000000000	-0.1077000000
0.2000000000	-0.1077000000
0.2000000000	-0.1075000000
0.2000000000	-0.1072000000
0.2000000000	-0.1071000000
0.3000000000	-0.1068000000
0.5000000000	-0.1064000000
0.6000000000	-0.1062000000
0.7000000000	-0.1060000000
0.7000000000	-0.1058000000
0.8000000000	-0.1056000000
0.7000000000	-0.1053000000
0.7000000000	-0.1052000000
0.5000000000	-0.1049000000
0.4000000000	-0.1047000000
0.3000000000	-0.1045000000
0.2000000000	-0.1042000000
0.2000000000	-0.1041000000
0.2000000000	-0.1041000000
0.2000000000	-0.1041000000
0.2000000000	-0.1042000000
0.2000000000	-0.1042000000
0.2000000000	-0.1042000000
0.2000000000	-0.1042000000
0.2000000000	-0.1042000000
0.2000000000	-0.1042000000
0.2000000000	-0.1042000000
0.2000000000	-0.1042000000
0.2000000000	-0.1042000000
0.2000000000	-0.1042000000
0.2000000000	-0.1042000000
0.2000000000	-0.1038000000
0.5000000000	-0.1033000000
1.3000000000	-0.1026000000
1.6000000000	-0.1024000000
1.7000000000	-0.1021000000
1.6000000000	-0.1018000000
1.4000000000	-0.1014000000
0.9000000000	-0.1010000000
0.7000000000	-0.1007000000
0.5000000000	-0.1003000000
1.2000000000	-0.0995000000
5.2000000000	-0.0990000000
7.9000000000	-0.0989000000
8.9000000000	-0.0988000000
9.5000000000	-0.0987000000
11.3000000000	-0.0985000000
13.2000000000	-0.0984000000
16.2000000000	-0.0982000000
20.1000000000	-0.0979000000
23.5000000000	-0.0976000000
25.1000000000	-0.0974000000
26.5000000000	-0.0972000000
27.1000000000	-0.0971000000
27.5000000000	-0.0970000000
33.1000000000	-0.0965000000
32.3000000000	-0.0958000000
26.0000000000	-0.0953000000
25.9000000000	-0.0953000000
25.8000000000	-0.0953000000
25.6000000000	-0.0953000000
25.3000000000	-0.0953000000
25.4000000000	-0.0953000000
25.4000000000	-0.0953000000
25.3000000000	-0.0953000000
25.3000000000	-0.0953000000
25.4000000000	-0.0953000000
25.2000000000	-0.0953000000
25.3000000000	-0.0953000000
25.5000000000	-0.0953000000
25.3000000000	-0.0953000000
25.2000000000	-0.0953000000
25.3000000000	-0.0953000000
25.4000000000	-0.0953000000
25.2000000000	-0.0953000000
25.8000000000	-0.0953000000
22.7000000000	-0.0950000000
19.0000000000	-0.0947000000
17.5000000000	-0.0945000000
12.8000000000	-0.0942000000
10.9000000000	-0.0940000000
7.8000000000	-0.0938000000
4.4000000000	-0.0934000000
2.3000000000	-0.0930000000
0.9000000000	-0.0926000000
0.4000000000	-0.0924000000
0.3000000000	-0.0922000000
0.5000000000	-0.0918000000
0.9000000000	-0.0914000000
1.2000000000	-0.0911000000
1.4000000000	-0.0908000000
1.5000000000	-0.0906000000
1.5000000000	-0.0902000000
1.1000000000	-0.0897000000
0.6000000000	-0.0894000000
0.5000000000	-0.0893000000
0.4000000000	-0.0892000000
0.3000000000	-0.0890000000
0.2000000000	-0.0888000000
0.1000000000	-0.0886000000
0.1000000000	-0.0886000000
0.1000000000	-0.0884000000
0.1000000000	-0.0883000000
0.1000000000	-0.0883000000
0.1000000000	-0.0883000000
0.1000000000	-0.0883000000
0.1000000000	-0.0883000000
0.1000000000	-0.0883000000
0.1000000000	-0.0883000000
0.1000000000	-0.0883000000
0.1000000000	-0.0883000000
0.1000000000	-0.0883000000
0.1000000000	-0.0883000000
0.1000000000	-0.0883000000
0.1000000000	-0.0883000000
0.1000000000	-0.0883000000
0.1000000000	-0.0883000000
0.1000000000	-0.0881000000
0.3000000000	-0.0874000000
0.4000000000	-0.0869000000
0.5000000000	-0.0865000000
0.4000000000	-0.0862000000
0.4000000000	-0.0862000000
0.4000000000	-0.0860000000
0.4000000000	-0.0859000000
0.2000000000	-0.0854000000
0.1000000000	-0.0849000000
0.1000000000	-0.0844000000
0.1000000000	-0.0840000000
0.1000000000	-0.0839000000
0.1000000000	-0.0838000000
0.2000000000	-0.0836000000
0.2000000000	-0.0833000000
0.2000000000	-0.0831000000
0.3000000000	-0.0828000000
0.3000000000	-0.0826000000
0.3000000000	-0.0824000000
0.2000000000	-0.0822000000
0.2000000000	-0.0819000000
0.2000000000	-0.0819000000
0.2000000000	-0.0817000000
0.1000000000	-0.0815000000
0.1000000000	-0.0813000000
0.1000000000	-0.0812000000
0.1000000000	-0.0811000000
0.1000000000	-0.0809000000
0.1000000000	-0.0808000000
0.1000000000	-0.0807000000
0.1000000000	-0.0807000000
0.1000000000	-0.0807000000
0.1000000000	-0.0807000000
0.1000000000	-0.0807000000
0.1000000000	-0.0807000000
0.1000000000	-0.0807000000
0.1000000000	-0.0807000000
0.1000000000	-0.0807000000
0.1000000000	-0.0807000000
0.1000000000	-0.0807000000
0.1000000000	-0.0807000000
0.1000000000	-0.0807000000
0.1000000000	-0.0806000000
0.1000000000	-0.0800000000
0.2000000000	-0.0795000000
0.2000000000	-0.0791000000
0.2000000000	-0.0789000000
0.2000000000	-0.0787000000
0.2000000000	-0.0784000000
0.2000000000	-0.0784000000
0.2000000000	-0.0782000000
0.2000000000	-0.0780000000
0.2000000000	-0.0779000000
0.1000000000	-0.0778000000
0.1000000000	-0.0776000000
0.1000000000	-0.0774000000
0.1000000000	-0.0770000000
0.1000000000	-0.0768000000
0.1000000000	-0.0767000000
0.1000000000	-0.0764000000
0.1000000000	-0.0759000000
0.1000000000	-0.0755000000
0.1000000000	-0.0753000000
0.1000000000	-0.0750000000
0.1000000000	-0.0747000000
0.1000000000	-0.0743000000
0.1000000000	-0.0739000000
0.1000000000	-0.0736000000
0.1000000000	-0.0734000000
0.1000000000	-0.0733000000
0.1000000000	-0.0733000000
0.0000000000	-0.0734000000
0.0000000000	-0.0734000000
0.0000000000	-0.0734000000
0.0000000000	-0.0734000000
0.0000000000	-0.0734000000
0.0000000000	-0.0734000000
0.0000000000	-0.0734000000
0.0000000000	-0.0734000000
0.0000000000	-0.0734000000
0.0000000000	-0.0734000000
0.0000000000	-0.0734000000
0.0000000000	-0.0734000000
0.0000000000	-0.0730000000
0.1000000000	-0.0725000000
0.1000000000	-0.0723000000
0.1000000000	-0.0721000000
0.1000000000	-0.0717000000
0.1000000000	-0.0712000000
0.1000000000	-0.0708000000
0.1000000000	-0.0704000000
0.1000000000	-0.0699000000
0.0000000000	-0.0694000000
0.0000000000	-0.0692000000
0.0000000000	-0.0689000000
0.1000000000	-0.0688000000
0.1000000000	-0.0686000000
0.1000000000	-0.0683000000
0.1000000000	-0.0681000000
0.1000000000	-0.0678000000
0.1000000000	-0.0676000000
0.1000000000	-0.0674000000
0.1000000000	-0.0671000000
0.1000000000	-0.0668000000
0.1000000000	-0.0665000000
0.1000000000	-0.0662000000
0.0000000000	-0.0659000000
0.0000000000	-0.0658000000
0.0000000000	-0.0656000000
0.0000000000	-0.0656000000
0.0000000000	-0.0656000000
0.0000000000	-0.0657000000
0.0000000000	-0.0657000000
0.0000000000	-0.0657000000
0.0000000000	-0.0657000000
0.0000000000	-0.0657000000
0.0000000000	-0.0657000000
0.0000000000	-0.0657000000
0.0000000000	-0.0657000000
0.0000000000	-0.0657000000
0.0000000000	-0.0657000000
0.0000000000	-0.0657000000
0.0000000000	-0.0656000000
0.0000000000	-0.0655000000
0.0000000000	-0.0651000000
0.1000000000	-0.0647000000
0.1000000000	-0.0642000000
0.1000000000	-0.0638000000
0.1000000000	-0.0635000000
0.1000000000	-0.0630000000
0.1000000000	-0.0627000000
0.1000000000	-0.0623000000
0.1000000000	-0.0621000000
0.0000000000	-0.0619000000
0.0000000000	-0.0614000000
0.0000000000	-0.0612000000
0.0000000000	-0.0609000000
0.1000000000	-0.0606000000
0.1000000000	-0.0606000000
0.1000000000	-0.0602000000
0.1000000000	-0.0601000000
0.1000000000	-0.0600000000
0.1000000000	-0.0597000000
0.1000000000	-0.0594000000
0.1000000000	-0.0592000000
0.1000000000	-0.0589000000
0.0000000000	-0.0586000000
0.0000000000	-0.0585000000
0.0000000000	-0.0581000000
0.0000000000	-0.0577000000
0.0000000000	-0.0576000000
0.0000000000	-0.0576000000
0.0000000000	-0.0576000000
0.0000000000	-0.0576000000
0.0000000000	-0.0576000000
0.0000000000	-0.0576000000
0.0000000000	-0.0576000000
0.0000000000	-0.0576000000
0.0000000000	-0.0576000000
0.0000000000	-0.0576000000
0.0000000000	-0.0576000000
0.0000000000	-0.0576000000
0.0000000000	-0.0576000000
0.0000000000	-0.0576000000
0.0000000000	-0.0576000000
0.0000000000	-0.0576000000
0.0000000000	-0.0576000000
0.0000000000	-0.0575000000
0.0000000000	-0.0570000000
0.0000000000	-0.0565000000
0.1000000000	-0.0561000000
0.1000000000	-0.0558000000
0.1000000000	-0.0554000000
0.0000000000	-0.0550000000
0.0000000000	-0.0547000000
0.0000000000	-0.0541000000
0.0000000000	-0.0537000000
0.0000000000	-0.0534000000
0.0000000000	-0.0530000000
0.0000000000	-0.0528000000
0.0000000000	-0.0526000000
0.0000000000	-0.0524000000
0.0000000000	-0.0523000000
0.0000000000	-0.0521000000
0.0000000000	-0.0518000000
0.0000000000	-0.0514000000
0.0000000000	-0.0511000000
0.0000000000	-0.0508000000
0.0000000000	-0.0505000000
0.0000000000	-0.0502000000
0.0000000000	-0.0500000000
0.0000000000	-0.0498000000
0.0000000000	-0.0496000000
0.0000000000	-0.0495000000
0.0000000000	-0.0494000000
0.0000000000	-0.0494000000
0.0000000000	-0.0495000000
0.0000000000	-0.0495000000
0.0000000000	-0.0495000000
0.0000000000	-0.0495000000
0.0000000000	-0.0495000000
0.0000000000	-0.0495000000
0.0000000000	-0.0495000000
0.0000000000	-0.0495000000
0.0000000000	-0.0495000000
0.0000000000	-0.0494000000
0.0000000000	-0.0494000000
0.0000000000	-0.0494000000
0.0000000000	-0.0494000000
0.0000000000	-0.0491000000
0.0000000000	-0.0486000000
0.0000000000	-0.0484000000
0.0000000000	-0.0481000000
0.0000000000	-0.0480000000
0.0000000000	-0.0479000000
0.0000000000	-0.0476000000
0.0000000000	-0.0473000000
0.0000000000	-0.0468000000
0.0000000000	-0.0464000000
0.0000000000	-0.0461000000
0.0000000000	-0.0459000000
0.0000000000	-0.0456000000
0.0000000000	-0.0454000000
0.0000000000	-0.0452000000
0.0000000000	-0.0450000000
0.0000000000	-0.0448000000
0.0000000000	-0.0446000000
0.0000000000	-0.0444000000
0.0000000000	-0.0440000000
0.0000000000	-0.0435000000
0.0000000000	-0.0430000000
0.0000000000	-0.0428000000
0.0000000000	-0.0424000000
0.0000000000	-0.0421000000
0.0000000000	-0.0420000000
0.0000000000	-0.0419000000
0.0000000000	-0.0418000000
0.0000000000	-0.0418000000
0.0000000000	-0.0417000000
0.0000000000	-0.0417000000
0.0000000000	-0.0417000000
0.0000000000	-0.0417000000
0.0000000000	-0.0417000000
0.0000000000	-0.0417000000
0.0000000000	-0.0417000000
0.0000000000	-0.0417000000
0.0000000000	-0.0417000000
0.0000000000	-0.0417000000
0.0000000000	-0.0417000000
0.0000000000	-0.0417000000
0.0000000000	-0.0417000000
0.0000000000	-0.0417000000
0.0000000000	-0.0414000000
0.0000000000	-0.0409000000
0.0000000000	-0.0406000000
0.0000000000	-0.0400000000
0.0000000000	-0.0394000000
0.0000000000	-0.0388000000
0.0000000000	-0.0383000000
0.0000000000	-0.0381000000
0.0000000000	-0.0378000000
0.0000000000	-0.0373000000
0.0000000000	-0.0371000000
0.0000000000	-0.0368000000
0.0000000000	-0.0365000000
0.0000000000	-0.0363000000
0.0000000000	-0.0359000000
0.0000000000	-0.0357000000
0.0000000000	-0.0354000000
0.0000000000	-0.0353000000
0.0000000000	-0.0352000000
0.0000000000	-0.0352000000
0.0000000000	-0.0351000000
0.0000000000	-0.0350000000
0.0000000000	-0.0347000000
0.0000000000	-0.0344000000
0.0000000000	-0.0342000000
0.0000000000	-0.0340000000
0.0000000000	-0.0340000000
0.0000000000	-0.0340000000
0.0000000000	-0.0341000000
0.0000000000	-0.0341000000
0.0000000000	-0.0341000000
0.0000000000	-0.0341000000
0.0000000000	-0.0341000000
0.0000000000	-0.0341000000
0.0000000000	-0.0341000000
0.0000000000	-0.0341000000
0.0000000000	-0.0340000000
0.0000000000	-0.0340000000
0.0000000000	-0.0340000000
0.0000000000	-0.0340000000
0.0000000000	-0.0340000000
0.0000000000	-0.0338000000
0.0000000000	-0.0334000000
0.0000000000	-0.0331000000
0.0000000000	-0.0328000000
0.0000000000	-0.0325000000
0.0000000000	-0.0323000000
0.0000000000	-0.0320000000
0.0000000000	-0.0317000000
0.0000000000	-0.0315000000
0.0000000000	-0.0313000000
0.0000000000	-0.0309000000
0.0000000000	-0.0307000000
0.0000000000	-0.0304000000
0.0000000000	-0.0300000000
0.0000000000	-0.0298000000
0.0000000000	-0.0295000000
0.0000000000	-0.0293000000
0.0000000000	-0.0291000000
0.0000000000	-0.0288000000
0.0000000000	-0.0287000000
0.0000000000	-0.0286000000
0.0000000000	-0.0283000000
0.0000000000	-0.0280000000
0.0000000000	-0.0276000000
0.0000000000	-0.0274000000
0.0000000000	-0.0271000000
0.0000000000	-0.0268000000
0.0000000000	-0.0266000000
0.0000000000	-0.0262000000
0.0000000000	-0.0260000000
0.0000000000	-0.0259000000
0.0000000000	-0.0259000000
0.0000000000	-0.0259000000
0.0000000000	-0.0259000000
0.0000000000	-0.0259000000
0.0000000000	-0.0259000000
0.0000000000	-0.0259000000
0.0000000000	-0.0259000000
0.0000000000	-0.0259000000
0.0000000000	-0.0259000000
0.0000000000	-0.0259000000
0.0000000000	-0.0259000000
0.0000000000	-0.0259000000
0.0000000000	-0.0259000000
0.0000000000	-0.0259000000
0.0000000000	-0.0259000000
0.0000000000	-0.0257000000
0.0000000000	-0.0252000000
0.0000000000	-0.0251000000
0.0000000000	-0.0249000000
0.0000000000	-0.0246000000
0.0000000000	-0.0244000000
0.0000000000	-0.0240000000
0.0000000000	-0.0236000000
0.0000000000	-0.0233000000
0.0000000000	-0.0231000000
0.0000000000	-0.0230000000
0.0000000000	-0.0229000000
0.0000000000	-0.0228000000
0.0000000000	-0.0226000000
0.0000000000	-0.0223000000
0.0000000000	-0.0221000000
0.0000000000	-0.0218000000
0.0000000000	-0.0217000000
0.0000000000	-0.0216000000
0.0000000000	-0.0214000000
0.0000000000	-0.0212000000
0.0000000000	-0.0208000000
0.0000000000	-0.0203000000
0.0000000000	-0.0203000000
0.0000000000	-0.0203000000
0.0000000000	-0.0203000000
0.0000000000	-0.0203000000
0.0000000000	-0.0203000000
0.0000000000	-0.0203000000
0.0000000000	-0.0203000000
0.0000000000	-0.0203000000
0.0000000000	-0.0203000000
0.0000000000	-0.0203000000
0.0000000000	-0.0203000000
0.0000000000	-0.0203000000
0.0000000000	-0.0203000000
0.0000000000	-0.0203000000
0.0000000000	-0.0203000000
0.0000000000	-0.0203000000
0.0000000000	-0.0203000000
0.0000000000	-0.0201000000
0.0000000000	-0.0198000000
0.0000000000	-0.0195000000
0.0000000000	-0.0192000000
0.0000000000	-0.0188000000
0.0000000000	-0.0186000000
0.0000000000	-0.0182000000
0.0000000000	-0.0178000000
0.0000000000	-0.0175000000
0.0000000000	-0.0171000000
0.0000000000	-0.0168000000
0.0000000000	-0.0167000000
0.0000000000	-0.0166000000
0.0000000000	-0.0165000000
0.0000000000	-0.0162000000
0.0000000000	-0.0159000000
0.0000000000	-0.0157000000
0.0000000000	-0.0156000000
0.0000000000	-0.0153000000
0.0000000000	-0.0152000000
0.0000000000	-0.0150000000
0.0000000000	-0.0147000000
0.0000000000	-0.0146000000
0.0000000000	-0.0146000000
0.0000000000	-0.0146000000
0.0000000000	-0.0146000000
0.0000000000	-0.0146000000
0.0000000000	-0.0147000000
0.0000000000	-0.0147000000
0.0000000000	-0.0147000000
0.0000000000	-0.0147000000
0.0000000000	-0.0147000000
0.0000000000	-0.0147000000
0.0000000000	-0.0147000000
0.0000000000	-0.0147000000
0.0000000000	-0.0147000000
0.0000000000	-0.0146000000
0.0000000000	-0.0146000000
0.0000000000	-0.0146000000
0.0000000000	-0.0146000000
0.0000000000	-0.0143000000
0.0000000000	-0.0141000000
0.0000000000	-0.0139000000
0.0000000000	-0.0136000000
0.0000000000	-0.0135000000
0.0000000000	-0.0134000000
0.0000000000	-0.0130000000
0.0000000000	-0.0126000000
0.0000000000	-0.0123000000
0.0000000000	-0.0122000000
0.0000000000	-0.0121000000
0.0000000000	-0.0119000000
0.0000000000	-0.0118000000
0.0000000000	-0.0116000000
0.0000000000	-0.0113000000
0.0000000000	-0.0110000000
0.0000000000	-0.0105000000
0.0000000000	-0.0101000000
0.0000000000	-0.0098000000
0.0000000000	-0.0096000000
0.0000000000	-0.0094000000
0.0000000000	-0.0092000000
0.0000000000	-0.0088000000
0.0000000000	-0.0085000000
0.0000000000	-0.0085000000
0.0000000000	-0.0083000000
0.0000000000	-0.0083000000
0.0000000000	-0.0083000000
0.0000000000	-0.0083000000
0.0000000000	-0.0083000000
0.0000000000	-0.0083000000
0.0000000000	-0.0083000000
0.0000000000	-0.0083000000
0.0000000000	-0.0083000000
0.0000000000	-0.0083000000
0.0000000000	-0.0083000000
0.0000000000	-0.0083000000
0.0000000000	-0.0083000000
0.0000000000	-0.0083000000
0.0000000000	-0.0083000000
0.0000000000	-0.0083000000
0.0000000000	-0.0081000000
0.0000000000	-0.0073000000
0.0000000000	-0.0072000000
0.0000000000	-0.0068000000
0.0000000000	-0.0061000000
0.0000000000	-0.0056000000
0.0000000000	-0.0052000000
0.0000000000	-0.0049000000
0.0000000000	-0.0045000000
0.0000000000	-0.0040000000
0.0000000000	-0.0037000000
0.0000000000	-0.0033000000
0.0000000000	-0.0031000000
0.0000000000	-0.0030000000
0.0000000000	-0.0028000000
0.0000000000	-0.0027000000
0.0000000000	-0.0025000000
0.0000000000	-0.0023000000
0.0000000000	-0.0021000000
0.0000000000	-0.0019000000
0.0000000000	-0.0015000000
0.0000000000	-0.0011000000
0.0000000000	-0.0005720000
0.0000000000	-0.0000986000
0.0000000000	0.0000000000
0.0000000000	0.0000000000
0.0000000000	0.0000000000
0.0000000000	0.0000000000
0.0000000000	0.0000000000
0.0000000000	0.0000197000
0.0000000000	0.0000986000
0.0000000000	0.0000986000
0.0000000000	0.0000986000
0.0000000000	0.0000986000
0.0000000000	0.0000986000
0.0000000000	0.0000986000
0.0000000000	0.0000986000
0.0000000000	0.0000986000
0.0000000000	0.0000986000
0.0000000000	0.0000592000
0.0000000000	-0.0000197000
0.0000000000	-0.0000197000
0.0000000000	-0.0000197000
0.0000000000	-0.0000197000
0.0000000000	-0.0000197000
0.0000000000	-0.0000197000
0.0000000000	-0.0000197000
0.0000000000	-0.0000197000
0.0000000000	-0.0000197000
0.0000000000	-0.0000197000
0.0000000000	-0.0000197000
0.0000000000	-0.0000197000
0.0000000000	-0.0000197000
0.0000000000	-0.0000197000
0.0000000000	-0.0000197000
0.0000000000	-0.0000197000
0.0000000000	-0.0000197000
0.0000000000	-0.0000197000
0.0000000000	-0.0000197000
0.0000000000	-0.0000197000
0.0000000000	-0.0000197000
0.0000000000	-0.0000197000
0.0000000000	-0.0000197000
0.0000000000	-0.0000197000
0.0000000000	-0.0000197000
0.0000000000	-0.0000197000
0.0000000000	-0.0000197000
0.0000000000	-0.0000197000
0.0000000000	-0.0000197000
0.0000000000	-0.0000197000
0.0000000000	-0.0000197000
0.0000000000	-0.0000197000
0.0000000000	-0.0000197000
0.0000000000	-0.0000197000
0.0000000000	-0.0000197000
0.0000000000	-0.0000197000
0.0000000000	-0.0000197000
0.0000000000	-0.0000197000
0.0000000000	-0.0000197000
0.0000000000	-0.0000197000
0.0000000000	-0.0000197000
0.0000000000	-0.0000197000
0.0000000000	-0.0000197000
0.0000000000	-0.0000197000
0.0000000000	-0.0000197000
0.0000000000	-0.0000197000
0.0000000000	-0.0000197000
