Light Intensity (% of scale max) Antonio_0.02_1.5_lampadina_2	Position (m) Antonio_0.02_1.5_lampadina_2
0.0000000000	0.0000000000
0.0000000000	0.0000000000
0.0000000000	0.0000000000
0.0000000000	0.0000000000
0.0000000000	0.0000000000
0.0000000000	0.0000000000
0.0000000000	0.0000000000
0.0000000000	0.0000000000
0.0000000000	0.0000000000
0.0000000000	0.0000000000
0.0000000000	0.0000000000
0.0000000000	0.0000000000
0.0000000000	0.0000000000
0.0000000000	0.0000000000
0.0000000000	0.0000000000
0.0000000000	0.0000000000
0.0000000000	0.0000000000
0.0000000000	0.0000000000
0.0000000000	0.0000000000
0.0000000000	0.0000000000
0.0000000000	0.0000000000
0.0000000000	0.0000000000
0.0000000000	0.0000000000
0.0000000000	0.0000000000
0.0000000000	0.0000000000
0.0000000000	0.0000000000
0.0000000000	0.0000000000
0.0000000000	0.0000000000
0.0000000000	0.0000000000
0.0000000000	0.0000000000
0.0000000000	0.0000000000
0.0000000000	0.0000000000
0.0000000000	0.0000000000
0.0000000000	0.0000000000
0.0000000000	0.0000000000
0.0000000000	0.0000000000
0.0000000000	0.0000000000
0.0000000000	0.0000000000
0.0000000000	0.0000000000
0.0000000000	0.0000000000
0.0000000000	0.0000000000
0.0000000000	0.0000000000
0.0000000000	0.0000000000
0.0000000000	0.0000000000
0.0000000000	0.0000000000
0.0000000000	0.0000000000
0.0000000000	0.0000000000
0.0000000000	0.0000000000
0.0000000000	0.0000000000
0.0000000000	0.0000000000
0.0000000000	0.0000000000
0.0000000000	-0.0000197000
0.0000000000	-0.0000197000
0.0000000000	-0.0000197000
0.0000000000	-0.0000197000
0.0000000000	-0.0000197000
0.0000000000	-0.0000197000
0.0000000000	-0.0000197000
0.0000000000	-0.0000197000
0.0000000000	-0.0005720000
0.0000000000	-0.0007690000
0.0000000000	-0.0008680000
0.0000000000	-0.0012000000
0.0000000000	-0.0017000000
0.0000000000	-0.0023000000
0.0000000000	-0.0026000000
0.0000000000	-0.0028000000
0.0000000000	-0.0031000000
0.0000000000	-0.0038000000
0.0000000000	-0.0045000000
0.0000000000	-0.0050000000
0.0000000000	-0.0056000000
0.0000000000	-0.0062000000
0.0000000000	-0.0067000000
0.0000000000	-0.0076000000
0.0000000000	-0.0083000000
0.0000000000	-0.0084000000
0.0000000000	-0.0084000000
0.0000000000	-0.0084000000
0.0000000000	-0.0084000000
0.0000000000	-0.0084000000
0.0000000000	-0.0084000000
0.0000000000	-0.0084000000
0.0000000000	-0.0084000000
0.0000000000	-0.0084000000
0.0000000000	-0.0084000000
0.0000000000	-0.0084000000
0.0000000000	-0.0084000000
0.0000000000	-0.0084000000
0.0000000000	-0.0084000000
0.0000000000	-0.0085000000
0.0000000000	-0.0090000000
0.0000000000	-0.0102000000
0.0000000000	-0.0111000000
0.0000000000	-0.0117000000
0.0000000000	-0.0122000000
0.0000000000	-0.0127000000
0.0000000000	-0.0131000000
0.0000000000	-0.0137000000
0.0000000000	-0.0144000000
0.0000000000	-0.0150000000
0.0000000000	-0.0152000000
0.0000000000	-0.0157000000
0.0000000000	-0.0159000000
0.0000000000	-0.0160000000
0.0000000000	-0.0164000000
0.0000000000	-0.0172000000
0.0000000000	-0.0179000000
0.0000000000	-0.0184000000
0.0000000000	-0.0191000000
0.0000000000	-0.0192000000
0.0000000000	-0.0192000000
0.0000000000	-0.0191000000
0.0000000000	-0.0191000000
0.0000000000	-0.0191000000
0.0000000000	-0.0191000000
0.0000000000	-0.0191000000
0.0000000000	-0.0191000000
0.0000000000	-0.0191000000
0.0000000000	-0.0191000000
0.0000000000	-0.0191000000
0.0000000000	-0.0191000000
0.0000000000	-0.0191000000
0.0000000000	-0.0191000000
0.0000000000	-0.0192000000
0.0000000000	-0.0192000000
0.0000000000	-0.0194000000
0.0000000000	-0.0199000000
0.0000000000	-0.0207000000
0.0000000000	-0.0213000000
0.0000000000	-0.0217000000
0.0000000000	-0.0221000000
0.0000000000	-0.0224000000
0.0000000000	-0.0228000000
0.0000000000	-0.0232000000
0.0000000000	-0.0240000000
0.0000000000	-0.0244000000
0.0000000000	-0.0248000000
0.0000000000	-0.0255000000
0.0000000000	-0.0260000000
0.0000000000	-0.0263000000
0.0000000000	-0.0269000000
0.0000000000	-0.0272000000
0.0000000000	-0.0275000000
0.0000000000	-0.0279000000
0.0000000000	-0.0284000000
0.0000000000	-0.0293000000
0.0000000000	-0.0298000000
0.0000000000	-0.0302000000
0.0000000000	-0.0305000000
0.0000000000	-0.0305000000
0.0000000000	-0.0306000000
0.0000000000	-0.0307000000
0.0000000000	-0.0306000000
0.0000000000	-0.0305000000
0.0000000000	-0.0305000000
0.0000000000	-0.0306000000
0.0000000000	-0.0306000000
0.0000000000	-0.0306000000
0.0000000000	-0.0306000000
0.0000000000	-0.0306000000
0.0000000000	-0.0306000000
0.0000000000	-0.0306000000
0.0000000000	-0.0306000000
0.0000000000	-0.0307000000
0.0000000000	-0.0307000000
0.0000000000	-0.0308000000
0.0000000000	-0.0313000000
0.0000000000	-0.0319000000
0.0000000000	-0.0324000000
0.0000000000	-0.0326000000
0.0000000000	-0.0328000000
0.0000000000	-0.0331000000
0.0000000000	-0.0333000000
0.0000000000	-0.0335000000
0.0000000000	-0.0339000000
0.0000000000	-0.0344000000
0.0000000000	-0.0350000000
0.0000000000	-0.0353000000
0.0000000000	-0.0358000000
0.1000000000	-0.0361000000
0.1000000000	-0.0362000000
0.1000000000	-0.0364000000
0.1000000000	-0.0367000000
0.1000000000	-0.0370000000
0.1000000000	-0.0376000000
0.1000000000	-0.0381000000
0.1000000000	-0.0385000000
0.1000000000	-0.0387000000
0.1000000000	-0.0390000000
0.1000000000	-0.0393000000
0.1000000000	-0.0394000000
0.1000000000	-0.0394000000
0.1000000000	-0.0394000000
0.1000000000	-0.0394000000
0.1000000000	-0.0394000000
0.1000000000	-0.0394000000
0.1000000000	-0.0394000000
0.1000000000	-0.0394000000
0.1000000000	-0.0394000000
0.1000000000	-0.0394000000
0.1000000000	-0.0394000000
0.1000000000	-0.0394000000
0.1000000000	-0.0394000000
0.1000000000	-0.0394000000
0.1000000000	-0.0394000000
0.1000000000	-0.0395000000
0.1000000000	-0.0400000000
0.1000000000	-0.0407000000
0.1000000000	-0.0411000000
0.1000000000	-0.0416000000
0.1000000000	-0.0420000000
0.1000000000	-0.0424000000
0.1000000000	-0.0430000000
0.1000000000	-0.0434000000
0.1000000000	-0.0436000000
0.1000000000	-0.0438000000
0.1000000000	-0.0440000000
0.1000000000	-0.0441000000
0.1000000000	-0.0444000000
0.1000000000	-0.0447000000
0.1000000000	-0.0450000000
0.1000000000	-0.0453000000
0.1000000000	-0.0457000000
0.1000000000	-0.0459000000
0.1000000000	-0.0462000000
0.1000000000	-0.0466000000
0.1000000000	-0.0469000000
0.1000000000	-0.0471000000
0.1000000000	-0.0475000000
0.1000000000	-0.0480000000
0.1000000000	-0.0484000000
0.1000000000	-0.0485000000
0.1000000000	-0.0484000000
0.1000000000	-0.0484000000
0.1000000000	-0.0484000000
0.1000000000	-0.0484000000
0.1000000000	-0.0484000000
0.1000000000	-0.0484000000
0.1000000000	-0.0484000000
0.1000000000	-0.0484000000
0.1000000000	-0.0484000000
0.1000000000	-0.0484000000
0.1000000000	-0.0484000000
0.1000000000	-0.0484000000
0.1000000000	-0.0484000000
0.1000000000	-0.0485000000
0.1000000000	-0.0485000000
0.1000000000	-0.0486000000
0.1000000000	-0.0491000000
0.1000000000	-0.0498000000
0.1000000000	-0.0500000000
0.1000000000	-0.0503000000
0.1000000000	-0.0508000000
0.1000000000	-0.0513000000
0.1000000000	-0.0518000000
0.1000000000	-0.0522000000
0.1000000000	-0.0525000000
0.1000000000	-0.0527000000
0.1000000000	-0.0529000000
0.1000000000	-0.0534000000
0.1000000000	-0.0536000000
0.1000000000	-0.0537000000
0.1000000000	-0.0539000000
0.1000000000	-0.0543000000
0.1000000000	-0.0546000000
0.1000000000	-0.0548000000
0.1000000000	-0.0551000000
0.1000000000	-0.0554000000
0.1000000000	-0.0557000000
0.1000000000	-0.0560000000
0.1000000000	-0.0562000000
0.1000000000	-0.0565000000
0.1000000000	-0.0566000000
0.1000000000	-0.0566000000
0.1000000000	-0.0565000000
0.1000000000	-0.0565000000
0.1000000000	-0.0565000000
0.1000000000	-0.0565000000
0.1000000000	-0.0565000000
0.1000000000	-0.0565000000
0.1000000000	-0.0565000000
0.1000000000	-0.0565000000
0.1000000000	-0.0565000000
0.1000000000	-0.0565000000
0.1000000000	-0.0565000000
0.1000000000	-0.0565000000
0.1000000000	-0.0566000000
0.1000000000	-0.0566000000
0.1000000000	-0.0566000000
0.1000000000	-0.0566000000
0.1000000000	-0.0566000000
0.1000000000	-0.0569000000
0.0000000000	-0.0579000000
0.0000000000	-0.0585000000
0.0000000000	-0.0585000000
0.0000000000	-0.0588000000
0.0000000000	-0.0594000000
0.0000000000	-0.0597000000
0.0000000000	-0.0599000000
0.0000000000	-0.0602000000
0.0000000000	-0.0606000000
0.0000000000	-0.0609000000
0.0000000000	-0.0612000000
0.0000000000	-0.0614000000
0.0000000000	-0.0615000000
0.0000000000	-0.0615000000
0.0000000000	-0.0617000000
0.0000000000	-0.0620000000
0.0000000000	-0.0621000000
0.0000000000	-0.0622000000
0.0000000000	-0.0623000000
0.0000000000	-0.0623000000
0.0000000000	-0.0623000000
0.0000000000	-0.0624000000
0.0000000000	-0.0625000000
0.0000000000	-0.0628000000
0.0000000000	-0.0629000000
0.0000000000	-0.0630000000
0.0000000000	-0.0632000000
0.0000000000	-0.0633000000
0.0000000000	-0.0633000000
0.0000000000	-0.0633000000
0.0000000000	-0.0632000000
0.0000000000	-0.0630000000
0.0000000000	-0.0629000000
0.0000000000	-0.0630000000
0.0000000000	-0.0630000000
0.0000000000	-0.0630000000
0.0000000000	-0.0630000000
0.0000000000	-0.0629000000
0.0000000000	-0.0629000000
0.0000000000	-0.0629000000
0.0000000000	-0.0629000000
0.0000000000	-0.0629000000
0.0000000000	-0.0629000000
0.0000000000	-0.0630000000
0.0000000000	-0.0630000000
0.0000000000	-0.0630000000
0.0000000000	-0.0631000000
0.0000000000	-0.0632000000
0.0000000000	-0.0633000000
0.0000000000	-0.0637000000
0.1000000000	-0.0643000000
0.1000000000	-0.0645000000
0.1000000000	-0.0646000000
0.1000000000	-0.0649000000
0.1000000000	-0.0653000000
0.1000000000	-0.0655000000
0.1000000000	-0.0658000000
0.1000000000	-0.0659000000
0.1000000000	-0.0661000000
0.1000000000	-0.0662000000
0.1000000000	-0.0663000000
0.1000000000	-0.0663000000
0.1000000000	-0.0665000000
0.1000000000	-0.0667000000
0.1000000000	-0.0668000000
0.1000000000	-0.0669000000
0.1000000000	-0.0672000000
0.1000000000	-0.0675000000
0.1000000000	-0.0675000000
0.1000000000	-0.0676000000
0.1000000000	-0.0676000000
0.1000000000	-0.0676000000
0.1000000000	-0.0676000000
0.1000000000	-0.0678000000
0.1000000000	-0.0679000000
0.1000000000	-0.0679000000
0.1000000000	-0.0680000000
0.1000000000	-0.0682000000
0.1000000000	-0.0685000000
0.1000000000	-0.0688000000
0.1000000000	-0.0688000000
0.1000000000	-0.0688000000
0.1000000000	-0.0688000000
0.1000000000	-0.0687000000
0.1000000000	-0.0687000000
0.1000000000	-0.0687000000
0.1000000000	-0.0687000000
0.1000000000	-0.0687000000
0.1000000000	-0.0687000000
0.1000000000	-0.0687000000
0.1000000000	-0.0687000000
0.1000000000	-0.0687000000
0.1000000000	-0.0687000000
0.1000000000	-0.0687000000
0.1000000000	-0.0687000000
0.1000000000	-0.0687000000
0.1000000000	-0.0688000000
0.1000000000	-0.0688000000
0.1000000000	-0.0691000000
0.1000000000	-0.0696000000
0.1000000000	-0.0698000000
0.1000000000	-0.0698000000
0.1000000000	-0.0698000000
0.1000000000	-0.0698000000
0.1000000000	-0.0701000000
0.2000000000	-0.0706000000
0.2000000000	-0.0708000000
0.2000000000	-0.0708000000
0.2000000000	-0.0709000000
0.2000000000	-0.0712000000
0.2000000000	-0.0712000000
0.2000000000	-0.0712000000
0.2000000000	-0.0713000000
0.2000000000	-0.0714000000
0.2000000000	-0.0715000000
0.2000000000	-0.0715000000
0.2000000000	-0.0715000000
0.2000000000	-0.0716000000
0.2000000000	-0.0717000000
0.2000000000	-0.0717000000
0.2000000000	-0.0717000000
0.3000000000	-0.0719000000
0.3000000000	-0.0722000000
0.3000000000	-0.0724000000
0.3000000000	-0.0725000000
0.3000000000	-0.0727000000
0.3000000000	-0.0730000000
0.4000000000	-0.0732000000
0.4000000000	-0.0735000000
0.4000000000	-0.0736000000
0.4000000000	-0.0738000000
0.4000000000	-0.0739000000
0.4000000000	-0.0740000000
0.4000000000	-0.0740000000
0.4000000000	-0.0741000000
0.5000000000	-0.0744000000
0.5000000000	-0.0747000000
0.5000000000	-0.0752000000
0.5000000000	-0.0756000000
0.5000000000	-0.0756000000
0.5000000000	-0.0756000000
0.5000000000	-0.0756000000
0.5000000000	-0.0756000000
0.5000000000	-0.0754000000
0.5000000000	-0.0754000000
0.5000000000	-0.0754000000
0.5000000000	-0.0754000000
0.5000000000	-0.0754000000
0.5000000000	-0.0754000000
0.5000000000	-0.0754000000
0.5000000000	-0.0754000000
0.5000000000	-0.0754000000
0.5000000000	-0.0754000000
0.5000000000	-0.0754000000
0.5000000000	-0.0754000000
0.5000000000	-0.0754000000
0.5000000000	-0.0755000000
0.5000000000	-0.0756000000
0.5000000000	-0.0756000000
0.5000000000	-0.0758000000
0.5000000000	-0.0764000000
0.5000000000	-0.0766000000
0.5000000000	-0.0766000000
0.5000000000	-0.0766000000
0.5000000000	-0.0766000000
0.5000000000	-0.0766000000
0.5000000000	-0.0767000000
0.5000000000	-0.0767000000
0.5000000000	-0.0768000000
0.5000000000	-0.0773000000
0.6000000000	-0.0780000000
0.6000000000	-0.0780000000
0.6000000000	-0.0780000000
0.6000000000	-0.0781000000
0.6000000000	-0.0783000000
0.6000000000	-0.0787000000
0.6000000000	-0.0789000000
0.6000000000	-0.0789000000
0.6000000000	-0.0792000000
0.6000000000	-0.0794000000
0.6000000000	-0.0794000000
0.6000000000	-0.0794000000
0.6000000000	-0.0797000000
0.6000000000	-0.0798000000
0.6000000000	-0.0798000000
0.6000000000	-0.0799000000
0.6000000000	-0.0799000000
0.6000000000	-0.0799000000
0.6000000000	-0.0800000000
0.6000000000	-0.0802000000
0.6000000000	-0.0804000000
0.6000000000	-0.0804000000
0.6000000000	-0.0804000000
0.6000000000	-0.0806000000
0.6000000000	-0.0810000000
0.6000000000	-0.0812000000
0.6000000000	-0.0813000000
0.6000000000	-0.0813000000
0.6000000000	-0.0813000000
0.6000000000	-0.0813000000
0.6000000000	-0.0814000000
0.6000000000	-0.0814000000
0.6000000000	-0.0815000000
0.7000000000	-0.0820000000
0.7000000000	-0.0822000000
0.7000000000	-0.0822000000
0.7000000000	-0.0822000000
0.7000000000	-0.0822000000
0.7000000000	-0.0822000000
0.7000000000	-0.0822000000
0.7000000000	-0.0822000000
0.7000000000	-0.0822000000
0.7000000000	-0.0822000000
0.7000000000	-0.0822000000
0.7000000000	-0.0822000000
0.7000000000	-0.0822000000
0.7000000000	-0.0822000000
0.7000000000	-0.0822000000
0.7000000000	-0.0822000000
0.7000000000	-0.0822000000
0.7000000000	-0.0822000000
0.7000000000	-0.0823000000
0.7000000000	-0.0826000000
0.7000000000	-0.0830000000
0.7000000000	-0.0831000000
0.7000000000	-0.0831000000
0.7000000000	-0.0832000000
0.7000000000	-0.0835000000
0.8000000000	-0.0840000000
0.8000000000	-0.0845000000
0.8000000000	-0.0848000000
0.8000000000	-0.0848000000
0.8000000000	-0.0849000000
0.8000000000	-0.0852000000
0.9000000000	-0.0854000000
0.9000000000	-0.0855000000
0.9000000000	-0.0855000000
0.9000000000	-0.0856000000
0.9000000000	-0.0858000000
0.9000000000	-0.0861000000
0.9000000000	-0.0863000000
0.9000000000	-0.0865000000
0.9000000000	-0.0868000000
1.0000000000	-0.0870000000
1.0000000000	-0.0871000000
1.0000000000	-0.0871000000
1.0000000000	-0.0873000000
1.0000000000	-0.0874000000
1.0000000000	-0.0875000000
1.0000000000	-0.0876000000
1.0000000000	-0.0879000000
1.0000000000	-0.0881000000
1.0000000000	-0.0881000000
1.0000000000	-0.0882000000
1.0000000000	-0.0883000000
1.0000000000	-0.0883000000
1.0000000000	-0.0883000000
1.0000000000	-0.0884000000
1.0000000000	-0.0884000000
1.0000000000	-0.0884000000
1.0000000000	-0.0884000000
1.0000000000	-0.0884000000
1.0000000000	-0.0884000000
1.0000000000	-0.0884000000
1.0000000000	-0.0884000000
1.0000000000	-0.0884000000
1.0000000000	-0.0884000000
1.0000000000	-0.0884000000
1.0000000000	-0.0884000000
1.0000000000	-0.0884000000
1.0000000000	-0.0884000000
1.0000000000	-0.0884000000
1.0000000000	-0.0884000000
1.0000000000	-0.0884000000
1.0000000000	-0.0884000000
1.0000000000	-0.0884000000
1.0000000000	-0.0884000000
1.0000000000	-0.0884000000
1.0000000000	-0.0885000000
1.0000000000	-0.0885000000
1.0000000000	-0.0885000000
1.0000000000	-0.0885000000
1.0000000000	-0.0891000000
1.1000000000	-0.0898000000
1.1000000000	-0.0900000000
1.1000000000	-0.0900000000
1.1000000000	-0.0900000000
1.1000000000	-0.0901000000
1.1000000000	-0.0902000000
1.1000000000	-0.0903000000
1.1000000000	-0.0906000000
1.1000000000	-0.0909000000
1.1000000000	-0.0912000000
1.1000000000	-0.0913000000
1.1000000000	-0.0914000000
1.1000000000	-0.0916000000
1.1000000000	-0.0920000000
1.1000000000	-0.0924000000
1.1000000000	-0.0927000000
1.1000000000	-0.0928000000
1.1000000000	-0.0930000000
1.1000000000	-0.0931000000
1.1000000000	-0.0931000000
1.1000000000	-0.0932000000
1.1000000000	-0.0934000000
1.1000000000	-0.0935000000
1.1000000000	-0.0935000000
1.1000000000	-0.0936000000
1.1000000000	-0.0938000000
1.1000000000	-0.0939000000
1.1000000000	-0.0939000000
1.1000000000	-0.0940000000
1.1000000000	-0.0940000000
1.1000000000	-0.0940000000
1.1000000000	-0.0939000000
1.1000000000	-0.0938000000
1.1000000000	-0.0938000000
1.1000000000	-0.0938000000
1.1000000000	-0.0938000000
1.1000000000	-0.0938000000
1.1000000000	-0.0938000000
1.1000000000	-0.0938000000
1.1000000000	-0.0938000000
1.1000000000	-0.0938000000
1.1000000000	-0.0938000000
1.1000000000	-0.0938000000
1.1000000000	-0.0938000000
1.1000000000	-0.0938000000
1.1000000000	-0.0939000000
1.1000000000	-0.0939000000
1.1000000000	-0.0939000000
1.1000000000	-0.0941000000
1.1000000000	-0.0947000000
1.1000000000	-0.0948000000
1.1000000000	-0.0948000000
1.1000000000	-0.0949000000
1.1000000000	-0.0949000000
1.1000000000	-0.0950000000
1.1000000000	-0.0950000000
1.1000000000	-0.0951000000
1.1000000000	-0.0954000000
1.0000000000	-0.0959000000
1.0000000000	-0.0961000000
1.0000000000	-0.0961000000
1.0000000000	-0.0961000000
1.0000000000	-0.0963000000
1.0000000000	-0.0970000000
1.0000000000	-0.0973000000
1.0000000000	-0.0974000000
1.0000000000	-0.0975000000
1.0000000000	-0.0976000000
1.0000000000	-0.0976000000
1.0000000000	-0.0977000000
0.9000000000	-0.0981000000
0.9000000000	-0.0987000000
0.9000000000	-0.0991000000
0.9000000000	-0.0992000000
0.9000000000	-0.0994000000
0.9000000000	-0.0995000000
0.9000000000	-0.0999000000
0.9000000000	-0.1000000000
0.8000000000	-0.1001000000
0.8000000000	-0.1001000000
0.8000000000	-0.1003000000
0.8000000000	-0.1006000000
0.8000000000	-0.1010000000
0.8000000000	-0.1011000000
0.8000000000	-0.1011000000
0.8000000000	-0.1013000000
0.8000000000	-0.1015000000
0.8000000000	-0.1015000000
0.8000000000	-0.1015000000
0.8000000000	-0.1012000000
0.8000000000	-0.1012000000
0.8000000000	-0.1012000000
0.8000000000	-0.1012000000
0.8000000000	-0.1012000000
0.8000000000	-0.1012000000
0.8000000000	-0.1012000000
0.8000000000	-0.1012000000
0.8000000000	-0.1012000000
0.8000000000	-0.1012000000
0.8000000000	-0.1012000000
0.8000000000	-0.1013000000
0.8000000000	-0.1014000000
0.8000000000	-0.1014000000
0.8000000000	-0.1015000000
0.8000000000	-0.1021000000
0.8000000000	-0.1026000000
0.8000000000	-0.1027000000
0.8000000000	-0.1028000000
0.8000000000	-0.1031000000
0.8000000000	-0.1034000000
0.8000000000	-0.1035000000
0.8000000000	-0.1039000000
0.8000000000	-0.1044000000
0.8000000000	-0.1050000000
0.8000000000	-0.1052000000
0.8000000000	-0.1055000000
0.8000000000	-0.1057000000
0.8000000000	-0.1059000000
0.8000000000	-0.1062000000
0.8000000000	-0.1063000000
0.8000000000	-0.1064000000
0.8000000000	-0.1067000000
0.8000000000	-0.1068000000
0.8000000000	-0.1070000000
0.8000000000	-0.1073000000
0.8000000000	-0.1079000000
0.7000000000	-0.1083000000
0.7000000000	-0.1083000000
0.7000000000	-0.1083000000
0.7000000000	-0.1083000000
0.7000000000	-0.1083000000
0.7000000000	-0.1082000000
0.7000000000	-0.1081000000
0.7000000000	-0.1081000000
0.7000000000	-0.1081000000
0.7000000000	-0.1081000000
0.7000000000	-0.1081000000
0.7000000000	-0.1081000000
0.7000000000	-0.1081000000
0.7000000000	-0.1081000000
0.7000000000	-0.1081000000
0.7000000000	-0.1081000000
0.7000000000	-0.1082000000
0.7000000000	-0.1082000000
0.7000000000	-0.1083000000
0.7000000000	-0.1085000000
0.7000000000	-0.1092000000
0.6000000000	-0.1096000000
0.6000000000	-0.1097000000
0.6000000000	-0.1101000000
0.5000000000	-0.1106000000
0.5000000000	-0.1107000000
0.5000000000	-0.1109000000
0.4000000000	-0.1112000000
0.4000000000	-0.1114000000
0.4000000000	-0.1115000000
0.4000000000	-0.1116000000
0.3000000000	-0.1119000000
0.3000000000	-0.1122000000
0.3000000000	-0.1123000000
0.3000000000	-0.1124000000
0.3000000000	-0.1126000000
0.3000000000	-0.1130000000
0.2000000000	-0.1132000000
0.2000000000	-0.1132000000
0.2000000000	-0.1134000000
0.2000000000	-0.1138000000
0.2000000000	-0.1141000000
0.2000000000	-0.1142000000
0.2000000000	-0.1142000000
0.2000000000	-0.1142000000
0.2000000000	-0.1142000000
0.2000000000	-0.1142000000
0.2000000000	-0.1142000000
0.2000000000	-0.1142000000
0.2000000000	-0.1142000000
0.2000000000	-0.1142000000
0.2000000000	-0.1142000000
0.2000000000	-0.1142000000
0.2000000000	-0.1142000000
0.2000000000	-0.1142000000
0.2000000000	-0.1142000000
0.2000000000	-0.1142000000
0.2000000000	-0.1143000000
0.2000000000	-0.1148000000
0.2000000000	-0.1155000000
0.2000000000	-0.1158000000
0.1000000000	-0.1159000000
0.1000000000	-0.1165000000
0.1000000000	-0.1174000000
0.1000000000	-0.1178000000
0.1000000000	-0.1178000000
0.1000000000	-0.1179000000
0.1000000000	-0.1180000000
0.1000000000	-0.1182000000
0.1000000000	-0.1184000000
0.1000000000	-0.1188000000
0.1000000000	-0.1190000000
0.1000000000	-0.1191000000
0.1000000000	-0.1193000000
0.1000000000	-0.1196000000
0.1000000000	-0.1201000000
0.1000000000	-0.1206000000
0.1000000000	-0.1206000000
0.1000000000	-0.1206000000
0.1000000000	-0.1206000000
0.1000000000	-0.1206000000
0.1000000000	-0.1204000000
0.1000000000	-0.1205000000
0.1000000000	-0.1205000000
0.1000000000	-0.1205000000
0.1000000000	-0.1205000000
0.1000000000	-0.1205000000
0.1000000000	-0.1204000000
0.1000000000	-0.1204000000
0.1000000000	-0.1204000000
0.1000000000	-0.1205000000
0.1000000000	-0.1205000000
0.1000000000	-0.1205000000
0.1000000000	-0.1207000000
0.1000000000	-0.1213000000
0.0000000000	-0.1219000000
0.0000000000	-0.1224000000
0.0000000000	-0.1226000000
0.0000000000	-0.1227000000
0.0000000000	-0.1229000000
0.0000000000	-0.1233000000
0.0000000000	-0.1235000000
0.0000000000	-0.1237000000
0.0000000000	-0.1239000000
0.0000000000	-0.1243000000
0.0000000000	-0.1245000000
0.0000000000	-0.1247000000
0.0000000000	-0.1250000000
0.0000000000	-0.1252000000
0.0000000000	-0.1253000000
0.0000000000	-0.1254000000
0.0000000000	-0.1256000000
0.0000000000	-0.1258000000
0.0000000000	-0.1260000000
0.0000000000	-0.1262000000
0.0000000000	-0.1265000000
0.0000000000	-0.1266000000
0.0000000000	-0.1265000000
0.0000000000	-0.1265000000
0.0000000000	-0.1265000000
0.0000000000	-0.1265000000
0.0000000000	-0.1265000000
0.0000000000	-0.1265000000
0.0000000000	-0.1265000000
0.0000000000	-0.1265000000
0.0000000000	-0.1265000000
0.0000000000	-0.1265000000
0.0000000000	-0.1265000000
0.0000000000	-0.1265000000
0.0000000000	-0.1266000000
0.0000000000	-0.1266000000
0.0000000000	-0.1266000000
0.0000000000	-0.1269000000
0.0000000000	-0.1277000000
0.0000000000	-0.1280000000
0.0000000000	-0.1281000000
0.1000000000	-0.1282000000
0.1000000000	-0.1286000000
0.1000000000	-0.1287000000
0.1000000000	-0.1288000000
0.1000000000	-0.1290000000
0.1000000000	-0.1294000000
0.1000000000	-0.1296000000
0.1000000000	-0.1299000000
0.1000000000	-0.1303000000
0.1000000000	-0.1308000000
0.1000000000	-0.1311000000
0.1000000000	-0.1313000000
0.1000000000	-0.1314000000
0.1000000000	-0.1314000000
0.1000000000	-0.1315000000
0.1000000000	-0.1316000000
0.1000000000	-0.1316000000
0.1000000000	-0.1316000000
0.1000000000	-0.1315000000
0.1000000000	-0.1314000000
0.1000000000	-0.1314000000
0.1000000000	-0.1314000000
0.1000000000	-0.1314000000
0.1000000000	-0.1314000000
0.1000000000	-0.1314000000
0.1000000000	-0.1314000000
0.1000000000	-0.1314000000
0.1000000000	-0.1314000000
0.1000000000	-0.1315000000
0.1000000000	-0.1316000000
0.1000000000	-0.1318000000
0.1000000000	-0.1323000000
0.1000000000	-0.1328000000
0.1000000000	-0.1333000000
0.1000000000	-0.1338000000
0.1000000000	-0.1342000000
0.1000000000	-0.1347000000
0.1000000000	-0.1350000000
0.1000000000	-0.1350000000
0.1000000000	-0.1351000000
0.1000000000	-0.1355000000
0.1000000000	-0.1356000000
0.1000000000	-0.1357000000
0.1000000000	-0.1358000000
0.1000000000	-0.1360000000
0.1000000000	-0.1362000000
0.1000000000	-0.1364000000
0.1000000000	-0.1366000000
0.1000000000	-0.1370000000
0.1000000000	-0.1373000000
0.1000000000	-0.1373000000
0.1000000000	-0.1372000000
0.1000000000	-0.1371000000
0.1000000000	-0.1371000000
0.1000000000	-0.1371000000
0.1000000000	-0.1371000000
0.1000000000	-0.1371000000
0.1000000000	-0.1371000000
0.1000000000	-0.1371000000
0.1000000000	-0.1371000000
0.1000000000	-0.1371000000
0.1000000000	-0.1372000000
0.1000000000	-0.1372000000
0.1000000000	-0.1373000000
0.1000000000	-0.1379000000
0.1000000000	-0.1386000000
0.1000000000	-0.1388000000
0.1000000000	-0.1388000000
0.1000000000	-0.1390000000
0.1000000000	-0.1393000000
0.1000000000	-0.1397000000
0.1000000000	-0.1399000000
0.1000000000	-0.1400000000
0.1000000000	-0.1403000000
0.1000000000	-0.1406000000
0.1000000000	-0.1410000000
0.1000000000	-0.1413000000
0.1000000000	-0.1417000000
0.1000000000	-0.1423000000
0.1000000000	-0.1427000000
0.1000000000	-0.1432000000
0.1000000000	-0.1433000000
0.1000000000	-0.1432000000
0.1000000000	-0.1432000000
0.1000000000	-0.1429000000
0.1000000000	-0.1430000000
0.1000000000	-0.1430000000
0.1000000000	-0.1430000000
0.1000000000	-0.1430000000
0.1000000000	-0.1430000000
0.1000000000	-0.1430000000
0.1000000000	-0.1430000000
0.1000000000	-0.1430000000
0.1000000000	-0.1431000000
0.1000000000	-0.1433000000
0.1000000000	-0.1438000000
0.1000000000	-0.1446000000
0.1000000000	-0.1453000000
0.1000000000	-0.1456000000
0.1000000000	-0.1460000000
0.1000000000	-0.1469000000
0.1000000000	-0.1478000000
0.1000000000	-0.1487000000
0.1000000000	-0.1494000000
0.1000000000	-0.1498000000
0.1000000000	-0.1498000000
0.1000000000	-0.1498000000
0.1000000000	-0.1497000000
0.1000000000	-0.1497000000
0.1000000000	-0.1497000000
0.1000000000	-0.1497000000
0.1000000000	-0.1497000000
0.1000000000	-0.1497000000
0.1000000000	-0.1497000000
0.1000000000	-0.1498000000
0.1000000000	-0.1499000000
0.1000000000	-0.1504000000
0.0000000000	-0.1512000000
0.0000000000	-0.1521000000
0.0000000000	-0.1532000000
0.0000000000	-0.1541000000
0.0000000000	-0.1544000000
0.0000000000	-0.1549000000
0.0000000000	-0.1554000000
0.0000000000	-0.1557000000
0.0000000000	-0.1557000000
0.0000000000	-0.1557000000
0.0000000000	-0.1555000000
0.0000000000	-0.1555000000
0.0000000000	-0.1555000000
0.0000000000	-0.1555000000
0.0000000000	-0.1555000000
0.0000000000	-0.1555000000
0.0000000000	-0.1555000000
0.0000000000	-0.1556000000
0.0000000000	-0.1556000000
0.0000000000	-0.1560000000
0.0000000000	-0.1568000000
0.0000000000	-0.1578000000
0.0000000000	-0.1586000000
0.0000000000	-0.1594000000
0.0000000000	-0.1602000000
0.0000000000	-0.1611000000
0.0000000000	-0.1615000000
0.0000000000	-0.1618000000
0.0000000000	-0.1618000000
0.0000000000	-0.1616000000
0.0000000000	-0.1615000000
0.0000000000	-0.1615000000
0.0000000000	-0.1615000000
0.0000000000	-0.1615000000
0.0000000000	-0.1616000000
0.0000000000	-0.1617000000
0.0000000000	-0.1621000000
0.0000000000	-0.1625000000
0.1000000000	-0.1633000000
0.1000000000	-0.1644000000
0.1000000000	-0.1655000000
0.1000000000	-0.1664000000
0.1000000000	-0.1671000000
0.1000000000	-0.1675000000
0.1000000000	-0.1680000000
0.1000000000	-0.1679000000
0.1000000000	-0.1679000000
0.1000000000	-0.1678000000
0.1000000000	-0.1678000000
0.1000000000	-0.1678000000
0.1000000000	-0.1678000000
0.1000000000	-0.1678000000
0.1000000000	-0.1679000000
0.1000000000	-0.1680000000
0.1000000000	-0.1685000000
0.1000000000	-0.1694000000
0.1000000000	-0.1703000000
0.1000000000	-0.1712000000
0.1000000000	-0.1720000000
0.1000000000	-0.1730000000
0.1000000000	-0.1738000000
0.1000000000	-0.1739000000
0.1000000000	-0.1739000000
0.1000000000	-0.1738000000
0.1000000000	-0.1738000000
0.1000000000	-0.1738000000
0.1000000000	-0.1738000000
0.1000000000	-0.1738000000
0.1000000000	-0.1738000000
0.1000000000	-0.1739000000
0.1000000000	-0.1744000000
0.1000000000	-0.1755000000
0.1000000000	-0.1766000000
0.1000000000	-0.1779000000
0.0000000000	-0.1793000000
0.0000000000	-0.1796000000
0.0000000000	-0.1797000000
0.0000000000	-0.1797000000
0.0000000000	-0.1797000000
0.0000000000	-0.1797000000
0.0000000000	-0.1797000000
0.0000000000	-0.1796000000
0.0000000000	-0.1795000000
0.0000000000	-0.1795000000
0.0000000000	-0.1795000000
0.0000000000	-0.1795000000
0.0000000000	-0.1795000000
0.0000000000	-0.1795000000
0.0000000000	-0.1797000000
0.0000000000	-0.1797000000
0.0000000000	-0.1797000000
0.0000000000	-0.1797000000
0.0000000000	-0.1797000000
0.0000000000	-0.1797000000
0.0000000000	-0.1797000000
0.0000000000	-0.1797000000
0.0000000000	-0.1797000000
0.0000000000	-0.1797000000
0.0000000000	-0.1797000000
0.0000000000	-0.1797000000
0.0000000000	-0.1797000000
0.0000000000	-0.1797000000
0.0000000000	-0.1797000000
0.0000000000	-0.1797000000
0.0000000000	-0.1797000000
0.0000000000	-0.1796000000
0.0000000000	-0.1795000000
0.0000000000	-0.1791000000
0.0000000000	-0.1784000000
0.0000000000	-0.1778000000
0.1000000000	-0.1772000000
0.1000000000	-0.1763000000
0.1000000000	-0.1757000000
0.1000000000	-0.1756000000
0.1000000000	-0.1756000000
0.1000000000	-0.1756000000
0.1000000000	-0.1756000000
0.1000000000	-0.1756000000
0.1000000000	-0.1756000000
0.1000000000	-0.1756000000
0.1000000000	-0.1756000000
0.1000000000	-0.1756000000
0.1000000000	-0.1756000000
0.1000000000	-0.1757000000
0.1000000000	-0.1759000000
0.1000000000	-0.1761000000
0.1000000000	-0.1762000000
0.1000000000	-0.1762000000
0.1000000000	-0.1761000000
0.1000000000	-0.1761000000
0.1000000000	-0.1760000000
0.1000000000	-0.1757000000
0.1000000000	-0.1749000000
0.1000000000	-0.1742000000
0.1000000000	-0.1736000000
0.1000000000	-0.1728000000
0.1000000000	-0.1721000000
0.1000000000	-0.1715000000
0.1000000000	-0.1711000000
0.1000000000	-0.1707000000
0.1000000000	-0.1706000000
0.1000000000	-0.1706000000
0.1000000000	-0.1707000000
0.1000000000	-0.1707000000
0.1000000000	-0.1707000000
0.1000000000	-0.1707000000
0.1000000000	-0.1707000000
0.1000000000	-0.1707000000
0.1000000000	-0.1707000000
0.1000000000	-0.1707000000
0.1000000000	-0.1708000000
0.1000000000	-0.1708000000
0.1000000000	-0.1708000000
0.1000000000	-0.1708000000
0.1000000000	-0.1708000000
0.1000000000	-0.1708000000
0.1000000000	-0.1707000000
0.1000000000	-0.1707000000
0.1000000000	-0.1706000000
0.1000000000	-0.1703000000
0.1000000000	-0.1698000000
0.1000000000	-0.1695000000
0.1000000000	-0.1691000000
0.1000000000	-0.1685000000
0.1000000000	-0.1685000000
0.1000000000	-0.1684000000
0.1000000000	-0.1683000000
0.1000000000	-0.1683000000
0.1000000000	-0.1684000000
0.1000000000	-0.1684000000
0.1000000000	-0.1684000000
0.1000000000	-0.1684000000
0.1000000000	-0.1684000000
0.1000000000	-0.1685000000
0.1000000000	-0.1686000000
0.1000000000	-0.1688000000
0.1000000000	-0.1690000000
0.1000000000	-0.1692000000
0.1000000000	-0.1692000000
0.1000000000	-0.1692000000
0.1000000000	-0.1691000000
0.1000000000	-0.1690000000
0.1000000000	-0.1686000000
0.1000000000	-0.1680000000
0.1000000000	-0.1670000000
0.1000000000	-0.1661000000
0.1000000000	-0.1654000000
0.1000000000	-0.1646000000
0.1000000000	-0.1639000000
0.1000000000	-0.1630000000
0.0000000000	-0.1622000000
0.0000000000	-0.1613000000
0.0000000000	-0.1607000000
0.0000000000	-0.1605000000
0.0000000000	-0.1604000000
0.0000000000	-0.1604000000
0.0000000000	-0.1605000000
0.0000000000	-0.1605000000
0.0000000000	-0.1605000000
0.0000000000	-0.1605000000
0.0000000000	-0.1605000000
0.0000000000	-0.1605000000
0.0000000000	-0.1605000000
0.0000000000	-0.1605000000
0.0000000000	-0.1605000000
0.0000000000	-0.1605000000
0.0000000000	-0.1605000000
0.0000000000	-0.1605000000
0.0000000000	-0.1605000000
0.0000000000	-0.1605000000
0.0000000000	-0.1605000000
0.0000000000	-0.1605000000
0.0000000000	-0.1605000000
0.0000000000	-0.1605000000
0.0000000000	-0.1605000000
0.0000000000	-0.1605000000
0.0000000000	-0.1605000000
0.0000000000	-0.1605000000
0.0000000000	-0.1605000000
0.0000000000	-0.1604000000
0.0000000000	-0.1603000000
0.0000000000	-0.1603000000
0.0000000000	-0.1599000000
0.0000000000	-0.1594000000
0.0000000000	-0.1591000000
0.0000000000	-0.1589000000
0.0000000000	-0.1584000000
0.0000000000	-0.1578000000
0.0000000000	-0.1573000000
0.0000000000	-0.1570000000
0.0000000000	-0.1570000000
0.0000000000	-0.1570000000
0.0000000000	-0.1570000000
0.0000000000	-0.1570000000
0.0000000000	-0.1570000000
0.0000000000	-0.1565000000
0.0000000000	-0.1558000000
0.0000000000	-0.1553000000
0.0000000000	-0.1547000000
0.0000000000	-0.1542000000
0.0000000000	-0.1540000000
0.0000000000	-0.1537000000
0.0000000000	-0.1536000000
0.0000000000	-0.1536000000
0.0000000000	-0.1536000000
0.0000000000	-0.1537000000
0.0000000000	-0.1538000000
0.0000000000	-0.1539000000
0.0000000000	-0.1539000000
0.0000000000	-0.1539000000
0.0000000000	-0.1539000000
0.0000000000	-0.1539000000
0.0000000000	-0.1539000000
0.0000000000	-0.1539000000
0.0000000000	-0.1538000000
0.0000000000	-0.1538000000
0.0000000000	-0.1538000000
0.0000000000	-0.1537000000
0.0000000000	-0.1536000000
0.0000000000	-0.1533000000
0.0000000000	-0.1529000000
0.0000000000	-0.1524000000
0.0000000000	-0.1518000000
0.0000000000	-0.1513000000
0.0000000000	-0.1508000000
0.1000000000	-0.1502000000
0.1000000000	-0.1498000000
0.1000000000	-0.1494000000
0.1000000000	-0.1491000000
0.1000000000	-0.1487000000
0.1000000000	-0.1484000000
0.1000000000	-0.1480000000
0.1000000000	-0.1478000000
0.1000000000	-0.1478000000
0.1000000000	-0.1478000000
0.1000000000	-0.1478000000
0.1000000000	-0.1480000000
0.1000000000	-0.1480000000
0.1000000000	-0.1480000000
0.1000000000	-0.1480000000
0.1000000000	-0.1480000000
0.1000000000	-0.1480000000
0.1000000000	-0.1480000000
0.1000000000	-0.1480000000
0.1000000000	-0.1480000000
0.1000000000	-0.1480000000
0.1000000000	-0.1480000000
0.1000000000	-0.1480000000
0.1000000000	-0.1479000000
0.1000000000	-0.1478000000
0.1000000000	-0.1476000000
0.1000000000	-0.1472000000
0.1000000000	-0.1469000000
0.1000000000	-0.1465000000
0.1000000000	-0.1460000000
0.1000000000	-0.1453000000
0.1000000000	-0.1449000000
0.1000000000	-0.1445000000
0.1000000000	-0.1443000000
0.1000000000	-0.1441000000
0.1000000000	-0.1438000000
0.1000000000	-0.1434000000
0.1000000000	-0.1430000000
0.1000000000	-0.1426000000
0.1000000000	-0.1424000000
0.1000000000	-0.1422000000
0.1000000000	-0.1421000000
0.1000000000	-0.1421000000
0.1000000000	-0.1421000000
0.1000000000	-0.1422000000
0.1000000000	-0.1422000000
0.1000000000	-0.1422000000
0.1000000000	-0.1422000000
0.1000000000	-0.1422000000
0.1000000000	-0.1422000000
0.1000000000	-0.1422000000
0.1000000000	-0.1422000000
0.1000000000	-0.1422000000
0.1000000000	-0.1422000000
0.1000000000	-0.1422000000
0.1000000000	-0.1421000000
0.1000000000	-0.1418000000
0.1000000000	-0.1417000000
0.1000000000	-0.1413000000
0.1000000000	-0.1411000000
0.1000000000	-0.1407000000
0.1000000000	-0.1404000000
0.1000000000	-0.1403000000
0.1000000000	-0.1401000000
0.1000000000	-0.1399000000
0.1000000000	-0.1397000000
0.1000000000	-0.1394000000
0.1000000000	-0.1392000000
0.1000000000	-0.1390000000
0.1000000000	-0.1388000000
0.1000000000	-0.1386000000
0.1000000000	-0.1384000000
0.1000000000	-0.1384000000
0.1000000000	-0.1383000000
0.1000000000	-0.1382000000
0.1000000000	-0.1381000000
0.1000000000	-0.1379000000
0.1000000000	-0.1377000000
0.1000000000	-0.1375000000
0.1000000000	-0.1373000000
0.1000000000	-0.1373000000
0.1000000000	-0.1373000000
0.1000000000	-0.1373000000
0.1000000000	-0.1374000000
0.1000000000	-0.1374000000
0.1000000000	-0.1374000000
0.1000000000	-0.1374000000
0.1000000000	-0.1374000000
0.1000000000	-0.1374000000
0.1000000000	-0.1374000000
0.1000000000	-0.1374000000
0.1000000000	-0.1374000000
0.1000000000	-0.1374000000
0.1000000000	-0.1374000000
0.1000000000	-0.1374000000
0.1000000000	-0.1374000000
0.1000000000	-0.1373000000
0.1000000000	-0.1373000000
0.1000000000	-0.1373000000
0.1000000000	-0.1373000000
0.1000000000	-0.1370000000
0.1000000000	-0.1368000000
0.1000000000	-0.1366000000
0.1000000000	-0.1364000000
0.1000000000	-0.1362000000
0.1000000000	-0.1361000000
0.1000000000	-0.1359000000
0.1000000000	-0.1357000000
0.1000000000	-0.1354000000
0.1000000000	-0.1350000000
0.1000000000	-0.1347000000
0.1000000000	-0.1346000000
0.1000000000	-0.1344000000
0.1000000000	-0.1342000000
0.1000000000	-0.1342000000
0.1000000000	-0.1341000000
0.1000000000	-0.1339000000
0.1000000000	-0.1337000000
0.1000000000	-0.1335000000
0.1000000000	-0.1334000000
0.1000000000	-0.1332000000
0.1000000000	-0.1330000000
0.1000000000	-0.1328000000
0.1000000000	-0.1327000000
0.1000000000	-0.1326000000
0.1000000000	-0.1326000000
0.1000000000	-0.1327000000
0.1000000000	-0.1327000000
0.1000000000	-0.1327000000
0.1000000000	-0.1327000000
0.1000000000	-0.1327000000
0.1000000000	-0.1327000000
0.1000000000	-0.1327000000
0.1000000000	-0.1327000000
0.1000000000	-0.1327000000
0.1000000000	-0.1327000000
0.1000000000	-0.1327000000
0.1000000000	-0.1327000000
0.1000000000	-0.1327000000
0.1000000000	-0.1327000000
0.1000000000	-0.1327000000
0.1000000000	-0.1326000000
0.1000000000	-0.1324000000
0.1000000000	-0.1322000000
0.1000000000	-0.1319000000
0.1000000000	-0.1317000000
0.1000000000	-0.1315000000
0.1000000000	-0.1313000000
0.1000000000	-0.1310000000
0.1000000000	-0.1308000000
0.1000000000	-0.1305000000
0.1000000000	-0.1304000000
0.1000000000	-0.1302000000
0.1000000000	-0.1301000000
0.1000000000	-0.1299000000
0.1000000000	-0.1298000000
0.1000000000	-0.1296000000
0.1000000000	-0.1295000000
0.1000000000	-0.1293000000
0.1000000000	-0.1291000000
0.1000000000	-0.1289000000
0.1000000000	-0.1288000000
0.1000000000	-0.1288000000
0.1000000000	-0.1287000000
0.1000000000	-0.1287000000
0.1000000000	-0.1287000000
0.1000000000	-0.1287000000
0.1000000000	-0.1287000000
0.1000000000	-0.1287000000
0.1000000000	-0.1287000000
0.1000000000	-0.1287000000
0.1000000000	-0.1287000000
0.1000000000	-0.1287000000
0.1000000000	-0.1287000000
0.1000000000	-0.1287000000
0.1000000000	-0.1287000000
0.1000000000	-0.1287000000
0.1000000000	-0.1287000000
0.1000000000	-0.1287000000
0.1000000000	-0.1287000000
0.1000000000	-0.1287000000
0.1000000000	-0.1287000000
0.0000000000	-0.1283000000
0.0000000000	-0.1280000000
0.0000000000	-0.1277000000
0.0000000000	-0.1274000000
0.0000000000	-0.1270000000
0.0000000000	-0.1268000000
0.0000000000	-0.1267000000
0.0000000000	-0.1264000000
0.0000000000	-0.1262000000
0.0000000000	-0.1260000000
0.0000000000	-0.1257000000
0.0000000000	-0.1255000000
0.0000000000	-0.1253000000
0.0000000000	-0.1251000000
0.0000000000	-0.1249000000
0.0000000000	-0.1247000000
0.0000000000	-0.1245000000
0.0000000000	-0.1243000000
0.0000000000	-0.1241000000
0.0000000000	-0.1240000000
0.0000000000	-0.1239000000
0.0000000000	-0.1238000000
0.0000000000	-0.1238000000
0.0000000000	-0.1238000000
0.0000000000	-0.1237000000
0.0000000000	-0.1237000000
0.0000000000	-0.1237000000
0.0000000000	-0.1237000000
0.0000000000	-0.1238000000
0.0000000000	-0.1238000000
0.0000000000	-0.1238000000
0.0000000000	-0.1238000000
0.0000000000	-0.1238000000
0.0000000000	-0.1238000000
0.0000000000	-0.1238000000
0.0000000000	-0.1238000000
0.0000000000	-0.1238000000
0.0000000000	-0.1238000000
0.0000000000	-0.1238000000
0.0000000000	-0.1237000000
0.0000000000	-0.1237000000
0.0000000000	-0.1237000000
0.0000000000	-0.1237000000
0.0000000000	-0.1237000000
0.0000000000	-0.1235000000
0.0000000000	-0.1230000000
0.0000000000	-0.1226000000
0.0000000000	-0.1224000000
0.0000000000	-0.1221000000
0.0000000000	-0.1218000000
0.0000000000	-0.1215000000
0.0000000000	-0.1212000000
0.1000000000	-0.1210000000
0.1000000000	-0.1209000000
0.1000000000	-0.1208000000
0.1000000000	-0.1206000000
0.1000000000	-0.1205000000
0.1000000000	-0.1204000000
0.1000000000	-0.1202000000
0.1000000000	-0.1201000000
0.1000000000	-0.1200000000
0.1000000000	-0.1199000000
0.1000000000	-0.1198000000
0.1000000000	-0.1198000000
0.1000000000	-0.1198000000
0.1000000000	-0.1198000000
0.1000000000	-0.1198000000
0.1000000000	-0.1198000000
0.1000000000	-0.1198000000
0.1000000000	-0.1198000000
0.1000000000	-0.1198000000
0.1000000000	-0.1198000000
0.1000000000	-0.1198000000
0.1000000000	-0.1198000000
0.1000000000	-0.1198000000
0.1000000000	-0.1198000000
0.1000000000	-0.1198000000
0.1000000000	-0.1198000000
0.1000000000	-0.1198000000
0.1000000000	-0.1198000000
0.1000000000	-0.1198000000
0.1000000000	-0.1198000000
0.1000000000	-0.1198000000
0.1000000000	-0.1195000000
0.1000000000	-0.1193000000
0.1000000000	-0.1192000000
0.1000000000	-0.1190000000
0.1000000000	-0.1187000000
0.1000000000	-0.1185000000
0.1000000000	-0.1183000000
0.1000000000	-0.1181000000
0.1000000000	-0.1179000000
0.1000000000	-0.1176000000
0.1000000000	-0.1175000000
0.1000000000	-0.1173000000
0.1000000000	-0.1171000000
0.2000000000	-0.1169000000
0.2000000000	-0.1167000000
0.2000000000	-0.1166000000
0.2000000000	-0.1164000000
0.2000000000	-0.1162000000
0.2000000000	-0.1161000000
0.2000000000	-0.1159000000
0.2000000000	-0.1157000000
0.2000000000	-0.1156000000
0.2000000000	-0.1155000000
0.2000000000	-0.1153000000
0.2000000000	-0.1152000000
0.2000000000	-0.1151000000
0.2000000000	-0.1150000000
0.2000000000	-0.1148000000
0.2000000000	-0.1147000000
0.2000000000	-0.1147000000
0.2000000000	-0.1145000000
0.2000000000	-0.1144000000
0.2000000000	-0.1144000000
0.2000000000	-0.1143000000
0.2000000000	-0.1142000000
0.2000000000	-0.1141000000
0.2000000000	-0.1141000000
0.2000000000	-0.1141000000
0.2000000000	-0.1141000000
0.2000000000	-0.1141000000
0.2000000000	-0.1141000000
0.2000000000	-0.1141000000
0.2000000000	-0.1141000000
0.2000000000	-0.1141000000
0.2000000000	-0.1141000000
0.2000000000	-0.1141000000
0.2000000000	-0.1141000000
0.2000000000	-0.1141000000
0.2000000000	-0.1141000000
0.2000000000	-0.1141000000
0.2000000000	-0.1141000000
0.2000000000	-0.1141000000
0.2000000000	-0.1141000000
0.2000000000	-0.1141000000
0.2000000000	-0.1141000000
0.2000000000	-0.1141000000
0.2000000000	-0.1141000000
0.2000000000	-0.1141000000
0.2000000000	-0.1141000000
0.2000000000	-0.1141000000
0.2000000000	-0.1141000000
0.2000000000	-0.1138000000
0.2000000000	-0.1135000000
0.2000000000	-0.1131000000
0.2000000000	-0.1128000000
0.3000000000	-0.1125000000
0.3000000000	-0.1122000000
0.3000000000	-0.1119000000
0.3000000000	-0.1117000000
0.3000000000	-0.1114000000
0.3000000000	-0.1112000000
0.4000000000	-0.1110000000
0.4000000000	-0.1108000000
0.4000000000	-0.1107000000
0.4000000000	-0.1107000000
0.4000000000	-0.1105000000
0.4000000000	-0.1103000000
0.4000000000	-0.1102000000
0.5000000000	-0.1101000000
0.5000000000	-0.1099000000
0.5000000000	-0.1098000000
0.5000000000	-0.1096000000
0.5000000000	-0.1095000000
0.5000000000	-0.1094000000
0.6000000000	-0.1093000000
0.6000000000	-0.1093000000
0.6000000000	-0.1092000000
0.6000000000	-0.1092000000
0.6000000000	-0.1092000000
0.6000000000	-0.1092000000
0.6000000000	-0.1092000000
0.6000000000	-0.1092000000
0.6000000000	-0.1092000000
0.6000000000	-0.1092000000
0.6000000000	-0.1092000000
0.6000000000	-0.1092000000
0.6000000000	-0.1092000000
0.6000000000	-0.1092000000
0.6000000000	-0.1092000000
0.6000000000	-0.1092000000
0.6000000000	-0.1092000000
0.6000000000	-0.1092000000
0.6000000000	-0.1092000000
0.6000000000	-0.1092000000
0.6000000000	-0.1092000000
0.6000000000	-0.1092000000
0.6000000000	-0.1092000000
0.6000000000	-0.1092000000
0.6000000000	-0.1092000000
0.6000000000	-0.1092000000
0.6000000000	-0.1091000000
0.6000000000	-0.1089000000
0.6000000000	-0.1086000000
0.7000000000	-0.1084000000
0.7000000000	-0.1082000000
0.7000000000	-0.1080000000
0.8000000000	-0.1077000000
0.8000000000	-0.1075000000
0.8000000000	-0.1072000000
0.8000000000	-0.1070000000
0.9000000000	-0.1067000000
0.9000000000	-0.1065000000
0.9000000000	-0.1062000000
0.9000000000	-0.1060000000
0.9000000000	-0.1057000000
0.9000000000	-0.1055000000
0.9000000000	-0.1053000000
0.9000000000	-0.1051000000
0.9000000000	-0.1049000000
0.9000000000	-0.1047000000
0.9000000000	-0.1046000000
0.9000000000	-0.1044000000
0.9000000000	-0.1043000000
0.9000000000	-0.1041000000
0.9000000000	-0.1040000000
0.9000000000	-0.1039000000
0.9000000000	-0.1035000000
0.9000000000	-0.1033000000
0.9000000000	-0.1031000000
0.9000000000	-0.1031000000
0.9000000000	-0.1031000000
0.9000000000	-0.1031000000
0.9000000000	-0.1031000000
0.9000000000	-0.1031000000
0.9000000000	-0.1031000000
0.9000000000	-0.1031000000
0.9000000000	-0.1031000000
0.9000000000	-0.1031000000
0.9000000000	-0.1031000000
0.9000000000	-0.1031000000
0.9000000000	-0.1031000000
0.9000000000	-0.1031000000
0.9000000000	-0.1031000000
0.9000000000	-0.1031000000
0.9000000000	-0.1031000000
0.9000000000	-0.1031000000
0.9000000000	-0.1031000000
0.9000000000	-0.1031000000
0.9000000000	-0.1031000000
0.9000000000	-0.1031000000
0.9000000000	-0.1031000000
0.9000000000	-0.1030000000
0.9000000000	-0.1027000000
0.9000000000	-0.1025000000
0.9000000000	-0.1023000000
0.9000000000	-0.1020000000
0.9000000000	-0.1017000000
0.9000000000	-0.1015000000
0.9000000000	-0.1012000000
0.9000000000	-0.1009000000
0.9000000000	-0.1007000000
0.9000000000	-0.1004000000
0.9000000000	-0.1000000000
0.9000000000	-0.0997000000
0.9000000000	-0.0996000000
0.9000000000	-0.0995000000
0.9000000000	-0.0993000000
0.9000000000	-0.0991000000
0.9000000000	-0.0990000000
0.9000000000	-0.0988000000
0.9000000000	-0.0988000000
0.9000000000	-0.0987000000
0.9000000000	-0.0986000000
0.9000000000	-0.0985000000
0.9000000000	-0.0983000000
0.9000000000	-0.0982000000
0.9000000000	-0.0980000000
0.9000000000	-0.0979000000
0.9000000000	-0.0977000000
0.9000000000	-0.0976000000
0.9000000000	-0.0975000000
0.9000000000	-0.0973000000
0.9000000000	-0.0970000000
0.9000000000	-0.0968000000
0.9000000000	-0.0967000000
0.9000000000	-0.0967000000
0.9000000000	-0.0967000000
0.9000000000	-0.0967000000
0.9000000000	-0.0967000000
0.9000000000	-0.0968000000
0.9000000000	-0.0968000000
0.9000000000	-0.0967000000
0.9000000000	-0.0967000000
0.9000000000	-0.0967000000
0.9000000000	-0.0967000000
0.9000000000	-0.0968000000
0.9000000000	-0.0968000000
0.9000000000	-0.0968000000
0.9000000000	-0.0968000000
0.9000000000	-0.0967000000
0.9000000000	-0.0967000000
0.9000000000	-0.0967000000
0.9000000000	-0.0967000000
0.9000000000	-0.0967000000
0.9000000000	-0.0965000000
0.9000000000	-0.0962000000
0.9000000000	-0.0959000000
0.9000000000	-0.0957000000
0.9000000000	-0.0955000000
0.9000000000	-0.0953000000
0.9000000000	-0.0951000000
0.9000000000	-0.0949000000
0.9000000000	-0.0947000000
0.9000000000	-0.0944000000
0.9000000000	-0.0941000000
0.9000000000	-0.0939000000
1.0000000000	-0.0938000000
1.0000000000	-0.0936000000
1.0000000000	-0.0934000000
1.0000000000	-0.0932000000
1.0000000000	-0.0931000000
1.0000000000	-0.0929000000
1.0000000000	-0.0928000000
1.0000000000	-0.0927000000
1.0000000000	-0.0925000000
0.9000000000	-0.0924000000
0.9000000000	-0.0924000000
0.9000000000	-0.0922000000
0.9000000000	-0.0920000000
0.9000000000	-0.0919000000
0.9000000000	-0.0918000000
0.9000000000	-0.0917000000
0.9000000000	-0.0917000000
0.9000000000	-0.0916000000
0.9000000000	-0.0916000000
0.9000000000	-0.0916000000
0.9000000000	-0.0916000000
0.9000000000	-0.0916000000
0.9000000000	-0.0917000000
0.9000000000	-0.0917000000
0.9000000000	-0.0917000000
0.9000000000	-0.0917000000
0.9000000000	-0.0917000000
0.9000000000	-0.0917000000
0.9000000000	-0.0917000000
0.9000000000	-0.0917000000
0.9000000000	-0.0917000000
0.9000000000	-0.0917000000
0.9000000000	-0.0917000000
0.9000000000	-0.0917000000
0.9000000000	-0.0916000000
0.9000000000	-0.0916000000
0.9000000000	-0.0916000000
0.9000000000	-0.0916000000
0.9000000000	-0.0916000000
0.9000000000	-0.0916000000
0.9000000000	-0.0916000000
0.9000000000	-0.0916000000
0.9000000000	-0.0913000000
0.9000000000	-0.0911000000
0.9000000000	-0.0909000000
0.9000000000	-0.0908000000
0.9000000000	-0.0906000000
0.9000000000	-0.0905000000
0.9000000000	-0.0902000000
0.9000000000	-0.0899000000
0.9000000000	-0.0896000000
0.9000000000	-0.0895000000
0.9000000000	-0.0893000000
0.9000000000	-0.0891000000
0.9000000000	-0.0889000000
0.9000000000	-0.0888000000
0.9000000000	-0.0887000000
0.9000000000	-0.0884000000
0.9000000000	-0.0882000000
0.9000000000	-0.0881000000
0.9000000000	-0.0879000000
0.9000000000	-0.0879000000
0.9000000000	-0.0879000000
0.9000000000	-0.0879000000
0.9000000000	-0.0879000000
0.9000000000	-0.0879000000
0.9000000000	-0.0879000000
0.9000000000	-0.0879000000
0.9000000000	-0.0879000000
0.9000000000	-0.0879000000
0.9000000000	-0.0879000000
0.9000000000	-0.0879000000
0.9000000000	-0.0879000000
0.9000000000	-0.0879000000
0.9000000000	-0.0879000000
0.9000000000	-0.0879000000
0.9000000000	-0.0879000000
0.9000000000	-0.0879000000
0.9000000000	-0.0879000000
0.9000000000	-0.0879000000
0.9000000000	-0.0879000000
0.9000000000	-0.0879000000
0.9000000000	-0.0879000000
0.9000000000	-0.0879000000
0.9000000000	-0.0879000000
0.9000000000	-0.0877000000
0.9000000000	-0.0875000000
0.9000000000	-0.0872000000
0.8000000000	-0.0870000000
0.8000000000	-0.0867000000
0.8000000000	-0.0864000000
0.8000000000	-0.0863000000
0.8000000000	-0.0862000000
0.8000000000	-0.0861000000
0.8000000000	-0.0859000000
0.8000000000	-0.0857000000
0.8000000000	-0.0856000000
0.8000000000	-0.0854000000
0.8000000000	-0.0852000000
0.8000000000	-0.0850000000
0.8000000000	-0.0848000000
0.8000000000	-0.0847000000
0.8000000000	-0.0845000000
0.8000000000	-0.0843000000
0.8000000000	-0.0842000000
0.8000000000	-0.0841000000
0.8000000000	-0.0840000000
0.8000000000	-0.0839000000
0.8000000000	-0.0838000000
0.8000000000	-0.0836000000
0.8000000000	-0.0836000000
0.8000000000	-0.0835000000
0.8000000000	-0.0835000000
0.8000000000	-0.0835000000
0.8000000000	-0.0835000000
0.8000000000	-0.0835000000
0.8000000000	-0.0835000000
0.8000000000	-0.0835000000
0.8000000000	-0.0835000000
0.8000000000	-0.0835000000
0.8000000000	-0.0835000000
0.8000000000	-0.0835000000
0.8000000000	-0.0835000000
0.8000000000	-0.0835000000
0.8000000000	-0.0835000000
0.8000000000	-0.0835000000
0.8000000000	-0.0835000000
0.8000000000	-0.0835000000
0.8000000000	-0.0835000000
0.8000000000	-0.0835000000
0.8000000000	-0.0835000000
0.8000000000	-0.0835000000
0.8000000000	-0.0835000000
0.8000000000	-0.0835000000
0.8000000000	-0.0835000000
0.8000000000	-0.0835000000
0.8000000000	-0.0835000000
0.8000000000	-0.0835000000
0.8000000000	-0.0835000000
0.8000000000	-0.0835000000
0.8000000000	-0.0833000000
0.8000000000	-0.0831000000
0.8000000000	-0.0828000000
0.8000000000	-0.0826000000
0.8000000000	-0.0824000000
0.8000000000	-0.0823000000
0.8000000000	-0.0821000000
0.8000000000	-0.0819000000
0.8000000000	-0.0816000000
0.8000000000	-0.0815000000
0.8000000000	-0.0813000000
0.8000000000	-0.0811000000
0.8000000000	-0.0810000000
0.8000000000	-0.0809000000
0.8000000000	-0.0807000000
0.8000000000	-0.0805000000
0.8000000000	-0.0804000000
0.8000000000	-0.0801000000
0.8000000000	-0.0799000000
0.8000000000	-0.0796000000
0.8000000000	-0.0795000000
0.8000000000	-0.0795000000
0.8000000000	-0.0795000000
0.8000000000	-0.0795000000
0.7000000000	-0.0793000000
0.7000000000	-0.0793000000
0.7000000000	-0.0793000000
0.7000000000	-0.0793000000
0.7000000000	-0.0793000000
0.7000000000	-0.0793000000
0.7000000000	-0.0793000000
0.7000000000	-0.0793000000
0.7000000000	-0.0793000000
0.7000000000	-0.0793000000
0.7000000000	-0.0793000000
0.7000000000	-0.0793000000
0.7000000000	-0.0793000000
0.7000000000	-0.0793000000
0.7000000000	-0.0793000000
0.7000000000	-0.0793000000
0.7000000000	-0.0793000000
0.7000000000	-0.0793000000
0.7000000000	-0.0793000000
0.7000000000	-0.0793000000
0.7000000000	-0.0793000000
0.7000000000	-0.0793000000
0.7000000000	-0.0793000000
0.7000000000	-0.0793000000
0.7000000000	-0.0792000000
0.7000000000	-0.0790000000
0.7000000000	-0.0788000000
0.7000000000	-0.0786000000
0.7000000000	-0.0784000000
0.7000000000	-0.0782000000
0.7000000000	-0.0781000000
0.7000000000	-0.0779000000
0.7000000000	-0.0777000000
0.7000000000	-0.0776000000
0.7000000000	-0.0772000000
0.6000000000	-0.0770000000
0.6000000000	-0.0768000000
0.6000000000	-0.0766000000
0.6000000000	-0.0765000000
0.6000000000	-0.0763000000
0.5000000000	-0.0760000000
0.5000000000	-0.0758000000
0.5000000000	-0.0756000000
0.4000000000	-0.0755000000
0.4000000000	-0.0754000000
0.4000000000	-0.0752000000
0.4000000000	-0.0751000000
0.4000000000	-0.0749000000
0.4000000000	-0.0749000000
0.4000000000	-0.0748000000
0.3000000000	-0.0747000000
0.3000000000	-0.0745000000
0.3000000000	-0.0744000000
0.3000000000	-0.0744000000
0.3000000000	-0.0742000000
0.3000000000	-0.0741000000
0.3000000000	-0.0741000000
0.3000000000	-0.0741000000
0.3000000000	-0.0741000000
0.3000000000	-0.0741000000
0.3000000000	-0.0741000000
0.3000000000	-0.0741000000
0.3000000000	-0.0742000000
0.3000000000	-0.0742000000
0.3000000000	-0.0742000000
0.3000000000	-0.0742000000
0.3000000000	-0.0742000000
0.3000000000	-0.0742000000
0.3000000000	-0.0742000000
0.3000000000	-0.0742000000
0.3000000000	-0.0742000000
0.3000000000	-0.0742000000
0.3000000000	-0.0742000000
0.3000000000	-0.0742000000
0.3000000000	-0.0742000000
0.3000000000	-0.0741000000
0.3000000000	-0.0741000000
0.3000000000	-0.0741000000
0.3000000000	-0.0741000000
0.3000000000	-0.0741000000
0.3000000000	-0.0741000000
0.3000000000	-0.0741000000
0.3000000000	-0.0741000000
0.3000000000	-0.0741000000
0.3000000000	-0.0741000000
0.3000000000	-0.0739000000
0.3000000000	-0.0738000000
0.3000000000	-0.0735000000
0.2000000000	-0.0733000000
0.2000000000	-0.0732000000
0.2000000000	-0.0729000000
0.2000000000	-0.0727000000
0.2000000000	-0.0725000000
0.2000000000	-0.0723000000
0.2000000000	-0.0722000000
0.2000000000	-0.0721000000
0.2000000000	-0.0719000000
0.2000000000	-0.0718000000
0.2000000000	-0.0716000000
0.2000000000	-0.0715000000
0.2000000000	-0.0713000000
0.2000000000	-0.0711000000
0.1000000000	-0.0710000000
0.1000000000	-0.0708000000
0.1000000000	-0.0707000000
0.1000000000	-0.0705000000
0.1000000000	-0.0702000000
0.1000000000	-0.0700000000
0.1000000000	-0.0699000000
0.1000000000	-0.0698000000
0.1000000000	-0.0697000000
0.1000000000	-0.0696000000
0.1000000000	-0.0694000000
0.1000000000	-0.0692000000
0.1000000000	-0.0690000000
0.1000000000	-0.0689000000
0.1000000000	-0.0687000000
0.1000000000	-0.0686000000
0.1000000000	-0.0685000000
0.1000000000	-0.0684000000
0.1000000000	-0.0684000000
0.1000000000	-0.0684000000
0.1000000000	-0.0684000000
0.1000000000	-0.0684000000
0.1000000000	-0.0684000000
0.1000000000	-0.0684000000
0.1000000000	-0.0684000000
0.1000000000	-0.0684000000
0.1000000000	-0.0684000000
0.1000000000	-0.0684000000
0.1000000000	-0.0684000000
0.1000000000	-0.0684000000
0.1000000000	-0.0684000000
0.1000000000	-0.0684000000
0.1000000000	-0.0684000000
0.1000000000	-0.0684000000
0.1000000000	-0.0684000000
0.1000000000	-0.0684000000
0.1000000000	-0.0684000000
0.1000000000	-0.0684000000
0.1000000000	-0.0684000000
0.1000000000	-0.0684000000
0.1000000000	-0.0681000000
0.1000000000	-0.0678000000
0.1000000000	-0.0675000000
0.1000000000	-0.0672000000
0.1000000000	-0.0668000000
0.1000000000	-0.0665000000
0.1000000000	-0.0661000000
0.1000000000	-0.0658000000
0.1000000000	-0.0655000000
0.1000000000	-0.0652000000
0.1000000000	-0.0650000000
0.1000000000	-0.0648000000
0.1000000000	-0.0646000000
0.0000000000	-0.0644000000
0.0000000000	-0.0642000000
0.0000000000	-0.0640000000
0.0000000000	-0.0639000000
0.0000000000	-0.0637000000
0.0000000000	-0.0636000000
0.0000000000	-0.0635000000
0.0000000000	-0.0633000000
0.0000000000	-0.0632000000
0.0000000000	-0.0631000000
0.0000000000	-0.0630000000
0.0000000000	-0.0629000000
0.0000000000	-0.0627000000
0.0000000000	-0.0626000000
0.0000000000	-0.0626000000
0.0000000000	-0.0625000000
0.0000000000	-0.0624000000
0.0000000000	-0.0624000000
0.0000000000	-0.0624000000
0.0000000000	-0.0622000000
0.0000000000	-0.0622000000
0.0000000000	-0.0622000000
0.0000000000	-0.0622000000
0.0000000000	-0.0622000000
0.0000000000	-0.0622000000
0.0000000000	-0.0622000000
0.0000000000	-0.0622000000
0.0000000000	-0.0622000000
0.0000000000	-0.0622000000
0.0000000000	-0.0622000000
0.0000000000	-0.0622000000
0.0000000000	-0.0622000000
0.0000000000	-0.0622000000
0.0000000000	-0.0622000000
0.0000000000	-0.0622000000
0.0000000000	-0.0622000000
0.0000000000	-0.0622000000
0.0000000000	-0.0622000000
0.0000000000	-0.0622000000
0.0000000000	-0.0622000000
0.0000000000	-0.0622000000
0.0000000000	-0.0622000000
0.0000000000	-0.0622000000
0.0000000000	-0.0622000000
0.0000000000	-0.0620000000
0.0000000000	-0.0619000000
0.0000000000	-0.0617000000
0.0000000000	-0.0615000000
0.0000000000	-0.0613000000
0.0000000000	-0.0611000000
0.0000000000	-0.0610000000
0.0000000000	-0.0607000000
0.0000000000	-0.0605000000
0.0000000000	-0.0602000000
0.0000000000	-0.0600000000
0.0000000000	-0.0597000000
0.0000000000	-0.0595000000
0.0000000000	-0.0592000000
0.0000000000	-0.0589000000
0.0000000000	-0.0586000000
0.0000000000	-0.0583000000
0.0000000000	-0.0581000000
0.1000000000	-0.0579000000
0.1000000000	-0.0576000000
0.1000000000	-0.0570000000
0.1000000000	-0.0568000000
0.1000000000	-0.0568000000
0.1000000000	-0.0568000000
0.1000000000	-0.0568000000
0.1000000000	-0.0568000000
0.1000000000	-0.0569000000
0.1000000000	-0.0569000000
0.1000000000	-0.0569000000
0.1000000000	-0.0569000000
0.1000000000	-0.0569000000
0.1000000000	-0.0569000000
0.1000000000	-0.0569000000
0.1000000000	-0.0569000000
0.1000000000	-0.0569000000
0.1000000000	-0.0569000000
0.1000000000	-0.0568000000
0.1000000000	-0.0568000000
0.1000000000	-0.0568000000
0.1000000000	-0.0568000000
0.1000000000	-0.0567000000
0.1000000000	-0.0563000000
0.1000000000	-0.0559000000
0.1000000000	-0.0554000000
0.1000000000	-0.0549000000
0.1000000000	-0.0544000000
0.1000000000	-0.0540000000
0.1000000000	-0.0535000000
0.1000000000	-0.0530000000
0.1000000000	-0.0526000000
0.1000000000	-0.0521000000
0.1000000000	-0.0518000000
0.1000000000	-0.0517000000
0.1000000000	-0.0517000000
0.1000000000	-0.0518000000
0.1000000000	-0.0518000000
0.1000000000	-0.0518000000
0.1000000000	-0.0518000000
0.1000000000	-0.0518000000
0.1000000000	-0.0518000000
0.1000000000	-0.0518000000
0.1000000000	-0.0517000000
0.1000000000	-0.0517000000
0.1000000000	-0.0514000000
0.1000000000	-0.0508000000
0.1000000000	-0.0500000000
0.1000000000	-0.0493000000
0.1000000000	-0.0487000000
0.1000000000	-0.0480000000
0.1000000000	-0.0475000000
0.1000000000	-0.0468000000
0.1000000000	-0.0463000000
0.1000000000	-0.0460000000
0.1000000000	-0.0460000000
0.1000000000	-0.0460000000
0.1000000000	-0.0460000000
0.1000000000	-0.0460000000
0.1000000000	-0.0460000000
0.1000000000	-0.0460000000
0.1000000000	-0.0460000000
0.1000000000	-0.0460000000
0.1000000000	-0.0460000000
0.1000000000	-0.0460000000
0.1000000000	-0.0460000000
0.1000000000	-0.0460000000
0.1000000000	-0.0455000000
0.1000000000	-0.0449000000
0.1000000000	-0.0444000000
0.1000000000	-0.0437000000
0.1000000000	-0.0429000000
0.1000000000	-0.0422000000
0.1000000000	-0.0415000000
0.1000000000	-0.0411000000
0.1000000000	-0.0411000000
0.1000000000	-0.0411000000
0.1000000000	-0.0411000000
0.1000000000	-0.0411000000
0.1000000000	-0.0411000000
0.1000000000	-0.0411000000
0.1000000000	-0.0411000000
0.1000000000	-0.0411000000
0.1000000000	-0.0411000000
0.1000000000	-0.0411000000
0.1000000000	-0.0411000000
0.1000000000	-0.0411000000
0.1000000000	-0.0408000000
0.1000000000	-0.0403000000
0.1000000000	-0.0397000000
0.1000000000	-0.0390000000
0.1000000000	-0.0384000000
0.1000000000	-0.0378000000
0.1000000000	-0.0372000000
0.0000000000	-0.0368000000
0.0000000000	-0.0367000000
0.0000000000	-0.0367000000
0.0000000000	-0.0367000000
0.0000000000	-0.0367000000
0.0000000000	-0.0367000000
0.0000000000	-0.0367000000
0.0000000000	-0.0367000000
0.0000000000	-0.0367000000
0.0000000000	-0.0367000000
0.0000000000	-0.0367000000
0.0000000000	-0.0367000000
0.0000000000	-0.0367000000
0.0000000000	-0.0364000000
0.0000000000	-0.0360000000
0.0000000000	-0.0355000000
0.0000000000	-0.0351000000
0.0000000000	-0.0347000000
0.0000000000	-0.0341000000
0.0000000000	-0.0336000000
0.0000000000	-0.0328000000
0.0000000000	-0.0323000000
0.0000000000	-0.0322000000
0.0000000000	-0.0322000000
0.0000000000	-0.0322000000
0.0000000000	-0.0322000000
0.0000000000	-0.0322000000
0.0000000000	-0.0322000000
0.0000000000	-0.0322000000
0.0000000000	-0.0322000000
0.0000000000	-0.0322000000
0.0000000000	-0.0322000000
0.0000000000	-0.0322000000
0.0000000000	-0.0322000000
0.0000000000	-0.0322000000
0.0000000000	-0.0320000000
0.0000000000	-0.0315000000
0.0000000000	-0.0309000000
0.0000000000	-0.0300000000
0.0000000000	-0.0289000000
0.0000000000	-0.0280000000
0.0000000000	-0.0273000000
0.0000000000	-0.0270000000
0.0000000000	-0.0270000000
0.0000000000	-0.0271000000
0.0000000000	-0.0272000000
0.0000000000	-0.0272000000
0.0000000000	-0.0271000000
0.0000000000	-0.0271000000
0.0000000000	-0.0271000000
0.0000000000	-0.0271000000
0.0000000000	-0.0271000000
0.0000000000	-0.0271000000
0.0000000000	-0.0270000000
0.0000000000	-0.0265000000
0.0000000000	-0.0259000000
0.0000000000	-0.0251000000
0.0000000000	-0.0244000000
0.0000000000	-0.0237000000
0.0000000000	-0.0232000000
0.0000000000	-0.0228000000
0.0000000000	-0.0223000000
0.0000000000	-0.0217000000
0.0000000000	-0.0215000000
0.0000000000	-0.0216000000
0.0000000000	-0.0216000000
0.0000000000	-0.0216000000
0.0000000000	-0.0216000000
0.0000000000	-0.0216000000
0.0000000000	-0.0216000000
0.0000000000	-0.0216000000
0.0000000000	-0.0216000000
0.0000000000	-0.0216000000
0.0000000000	-0.0213000000
0.0000000000	-0.0207000000
0.0000000000	-0.0198000000
0.0000000000	-0.0191000000
0.0000000000	-0.0183000000
0.0000000000	-0.0176000000
0.0000000000	-0.0169000000
0.0000000000	-0.0165000000
0.0000000000	-0.0163000000
0.0000000000	-0.0164000000
0.0000000000	-0.0164000000
0.0000000000	-0.0164000000
0.0000000000	-0.0164000000
0.0000000000	-0.0164000000
0.0000000000	-0.0164000000
0.0000000000	-0.0164000000
0.0000000000	-0.0164000000
0.0000000000	-0.0164000000
0.0000000000	-0.0164000000
0.0000000000	-0.0160000000
0.0000000000	-0.0153000000
0.0000000000	-0.0144000000
0.0000000000	-0.0135000000
0.0000000000	-0.0126000000
0.0000000000	-0.0118000000
0.0000000000	-0.0113000000
0.0000000000	-0.0111000000
0.0000000000	-0.0112000000
0.0000000000	-0.0112000000
0.0000000000	-0.0112000000
0.0000000000	-0.0112000000
0.0000000000	-0.0112000000
0.0000000000	-0.0112000000
0.0000000000	-0.0112000000
0.0000000000	-0.0112000000
0.0000000000	-0.0112000000
0.0000000000	-0.0110000000
0.0000000000	-0.0104000000
0.0000000000	-0.0097000000
0.0000000000	-0.0089000000
0.0000000000	-0.0082000000
0.0000000000	-0.0071000000
0.0000000000	-0.0065000000
0.0000000000	-0.0058000000
0.0000000000	-0.0053000000
0.0000000000	-0.0052000000
0.0000000000	-0.0052000000
0.0000000000	-0.0052000000
0.0000000000	-0.0052000000
0.0000000000	-0.0052000000
0.0000000000	-0.0052000000
0.0000000000	-0.0052000000
0.0000000000	-0.0052000000
0.0000000000	-0.0052000000
0.0000000000	-0.0052000000
0.0000000000	-0.0052000000
0.0000000000	-0.0052000000
0.0000000000	-0.0052000000
0.0000000000	-0.0048000000
0.0000000000	-0.0041000000
0.0000000000	-0.0033000000
0.0000000000	-0.0028000000
0.0000000000	-0.0022000000
0.0000000000	-0.0018000000
0.0000000000	-0.0013000000
0.0000000000	-0.0008280000
0.0000000000	-0.0005330000
0.0000000000	-0.0005520000
0.0000000000	-0.0005720000
0.0000000000	-0.0005920000
0.0000000000	-0.0005920000
0.0000000000	-0.0005920000
0.0000000000	-0.0005920000
0.0000000000	-0.0005920000
0.0000000000	-0.0005920000
0.0000000000	-0.0005720000
0.0000000000	-0.0005720000
0.0000000000	-0.0003550000
0.0000000000	0.0000197000
0.0000000000	0.0000197000
0.0000000000	0.0000395000
0.0000000000	0.0000395000
0.0000000000	0.0000395000
0.0000000000	0.0000395000
0.0000000000	0.0000592000
0.0000000000	0.0000986000
0.0000000000	0.0001180000
0.0000000000	0.0001180000
0.0000000000	0.0001180000
0.0000000000	0.0001180000
0.0000000000	0.0000986000
0.0000000000	0.0000395000
0.0000000000	0.0000000000
0.0000000000	0.0000000000
0.0000000000	0.0000000000
0.0000000000	0.0000000000
0.0000000000	0.0000000000
0.0000000000	0.0000000000
0.0000000000	0.0000000000
0.0000000000	0.0000000000
0.0000000000	0.0000000000
0.0000000000	0.0000000000
0.0000000000	0.0000000000
0.0000000000	0.0000000000
0.0000000000	0.0000000000
0.0000000000	0.0000000000
0.0000000000	0.0000000000
0.0000000000	0.0000000000
0.0000000000	0.0000000000
0.0000000000	0.0000000000
0.0000000000	0.0000000000
0.0000000000	0.0000000000
0.0000000000	0.0000000000
0.0000000000	0.0000000000
0.0000000000	0.0000000000
0.0000000000	0.0000000000
0.0000000000	0.0000000000
0.0000000000	0.0000000000
0.0000000000	0.0000000000
0.0000000000	0.0000000000
0.0000000000	0.0000000000
0.0000000000	0.0000000000
0.0000000000	0.0000000000
0.0000000000	0.0000000000
0.0000000000	0.0000000000
0.0000000000	0.0000000000
0.0000000000	0.0000000000
0.0000000000	0.0000000000
0.0000000000	0.0000000000
0.0000000000	0.0000000000
0.0000000000	0.0000000000
0.0000000000	0.0000000000
0.0000000000	0.0000000000
0.0000000000	0.0000000000
0.0000000000	0.0000000000
0.0000000000	0.0000000000
0.0000000000	0.0000000000
0.0000000000	0.0000000000
0.0000000000	0.0000000000
0.0000000000	0.0000000000
0.0000000000	0.0000000000
0.0000000000	0.0000000000
0.0000000000	0.0000000000
0.0000000000	0.0000000000
0.0000000000	0.0000000000
0.0000000000	0.0000000000
0.0000000000	0.0000000000
0.0000000000	0.0000000000
0.0000000000	0.0000000000
0.0000000000	0.0000000000
0.0000000000	0.0000000000
0.0000000000	0.0000000000
0.0000000000	0.0000000000
0.0000000000	0.0000000000
0.0000000000	0.0000000000
0.0000000000	0.0000000000
0.0000000000	0.0000000000
0.0000000000	0.0000000000
0.0000000000	0.0000000000
0.0000000000	0.0000000000
0.0000000000	0.0000000000
0.0000000000	0.0000000000
0.0000000000	0.0000000000
0.0000000000	0.0000000000
0.0000000000	0.0000000000
0.0000000000	0.0000000000
0.0000000000	0.0000000000
0.0000000000	0.0000000000
0.0000000000	0.0000000000
0.0000000000	0.0000000000
0.0000000000	0.0000000000
0.0000000000	0.0000000000
0.0000000000	0.0000000000
0.0000000000	0.0000000000
0.0000000000	0.0000000000
0.0000000000	0.0000000000
0.0000000000	0.0000000000
0.0000000000	0.0000000000
0.0000000000	0.0000000000
0.0000000000	0.0000000000
0.0000000000	0.0000000000
0.0000000000	0.0000000000
0.0000000000	0.0000000000
0.0000000000	0.0000000000
0.0000000000	0.0000000000
0.0000000000	0.0000000000
0.0000000000	0.0000000000
0.0000000000	0.0000000000
0.0000000000	0.0000000000
0.0000000000	0.0000000000
0.0000000000	0.0000000000
0.0000000000	0.0000000000
0.0000000000	0.0000000000
0.0000000000	0.0000000000
0.0000000000	0.0000000000
0.0000000000	0.0000000000
0.0000000000	0.0000000000
0.0000000000	0.0000000000
0.0000000000	0.0000000000
