Light Intensity (% of scale max) Antonio_0.02_1.5_lampadina	Position (m) Antonio_0.02_1.5_lampadina
0.1000000000	0.0000000000
0.1000000000	0.0000000000
0.1000000000	0.0000000000
0.1000000000	0.0000000000
0.1000000000	0.0000000000
0.1000000000	0.0000000000
0.1000000000	0.0000197000
0.1000000000	0.0000197000
0.1000000000	0.0000197000
0.1000000000	0.0000197000
0.1000000000	0.0000197000
0.1000000000	0.0000395000
0.1000000000	0.0000395000
0.1000000000	0.0000395000
0.1000000000	0.0000395000
0.1000000000	0.0000395000
0.1000000000	0.0000395000
0.1000000000	0.0000395000
0.1000000000	0.0000395000
0.1000000000	0.0000395000
0.1000000000	0.0000395000
0.1000000000	0.0000197000
0.1000000000	0.0000197000
0.1000000000	0.0000197000
0.1000000000	0.0000197000
0.1000000000	0.0000197000
0.1000000000	0.0000197000
0.1000000000	0.0000197000
0.1000000000	0.0000197000
0.1000000000	0.0000197000
0.1000000000	0.0000197000
0.1000000000	0.0000197000
0.1000000000	0.0000197000
0.1000000000	0.0000197000
0.1000000000	0.0000000000
0.1000000000	0.0000000000
0.1000000000	0.0000000000
0.1000000000	0.0000000000
0.1000000000	0.0000000000
0.1000000000	0.0000000000
0.1000000000	0.0000000000
0.1000000000	-0.0000197000
0.1000000000	-0.0000197000
0.1000000000	-0.0000197000
0.1000000000	-0.0000197000
0.1000000000	-0.0000197000
0.1000000000	-0.0000986000
0.1000000000	-0.0000986000
0.1000000000	-0.0001180000
0.1000000000	-0.0001180000
0.1000000000	-0.0001380000
0.1000000000	-0.0006710000
0.1000000000	-0.0010000000
0.1000000000	-0.0011000000
0.1000000000	-0.0012000000
0.1000000000	-0.0014000000
0.1000000000	-0.0021000000
0.1000000000	-0.0022000000
0.1000000000	-0.0022000000
0.1000000000	-0.0024000000
0.1000000000	-0.0027000000
0.1000000000	-0.0028000000
0.1000000000	-0.0028000000
0.1000000000	-0.0028000000
0.1000000000	-0.0028000000
0.1000000000	-0.0028000000
0.1000000000	-0.0028000000
0.1000000000	-0.0028000000
0.1000000000	-0.0028000000
0.1000000000	-0.0028000000
0.1000000000	-0.0028000000
0.1000000000	-0.0028000000
0.1000000000	-0.0028000000
0.1000000000	-0.0028000000
0.1000000000	-0.0028000000
0.1000000000	-0.0032000000
0.1000000000	-0.0045000000
0.1000000000	-0.0051000000
0.1000000000	-0.0054000000
0.1000000000	-0.0060000000
0.1000000000	-0.0062000000
0.1000000000	-0.0065000000
0.1000000000	-0.0073000000
0.1000000000	-0.0080000000
0.1000000000	-0.0082000000
0.1000000000	-0.0084000000
0.1000000000	-0.0088000000
0.1000000000	-0.0095000000
0.1000000000	-0.0096000000
0.1000000000	-0.0100000000
0.1000000000	-0.0106000000
0.1000000000	-0.0108000000
0.1000000000	-0.0114000000
0.1000000000	-0.0115000000
0.1000000000	-0.0122000000
0.1000000000	-0.0124000000
0.1000000000	-0.0129000000
0.1000000000	-0.0138000000
0.1000000000	-0.0147000000
0.1000000000	-0.0149000000
0.1000000000	-0.0149000000
0.1000000000	-0.0149000000
0.1000000000	-0.0149000000
0.1000000000	-0.0148000000
0.1000000000	-0.0148000000
0.1000000000	-0.0148000000
0.1000000000	-0.0148000000
0.1000000000	-0.0148000000
0.1000000000	-0.0148000000
0.1000000000	-0.0148000000
0.1000000000	-0.0148000000
0.1000000000	-0.0148000000
0.1000000000	-0.0148000000
0.1000000000	-0.0149000000
0.1000000000	-0.0149000000
0.1000000000	-0.0150000000
0.1000000000	-0.0156000000
0.1000000000	-0.0158000000
0.1000000000	-0.0158000000
0.1000000000	-0.0159000000
0.1000000000	-0.0160000000
0.1000000000	-0.0167000000
0.1000000000	-0.0172000000
0.1000000000	-0.0172000000
0.1000000000	-0.0173000000
0.1000000000	-0.0174000000
0.1000000000	-0.0178000000
0.1000000000	-0.0185000000
0.1000000000	-0.0189000000
0.1000000000	-0.0191000000
0.1000000000	-0.0191000000
0.1000000000	-0.0193000000
0.1000000000	-0.0196000000
0.1000000000	-0.0200000000
0.1000000000	-0.0205000000
0.1000000000	-0.0210000000
0.1000000000	-0.0212000000
0.1000000000	-0.0214000000
0.1000000000	-0.0217000000
0.1000000000	-0.0220000000
0.1000000000	-0.0221000000
0.1000000000	-0.0226000000
0.1000000000	-0.0228000000
0.1000000000	-0.0234000000
0.1000000000	-0.0240000000
0.1000000000	-0.0242000000
0.1000000000	-0.0246000000
0.1000000000	-0.0247000000
0.1000000000	-0.0247000000
0.1000000000	-0.0247000000
0.1000000000	-0.0247000000
0.1000000000	-0.0247000000
0.1000000000	-0.0247000000
0.1000000000	-0.0247000000
0.1000000000	-0.0247000000
0.1000000000	-0.0247000000
0.1000000000	-0.0247000000
0.1000000000	-0.0247000000
0.1000000000	-0.0247000000
0.1000000000	-0.0247000000
0.1000000000	-0.0247000000
0.1000000000	-0.0247000000
0.1000000000	-0.0250000000
0.1000000000	-0.0255000000
0.1000000000	-0.0257000000
0.1000000000	-0.0258000000
0.1000000000	-0.0263000000
0.1000000000	-0.0265000000
0.1000000000	-0.0270000000
0.1000000000	-0.0274000000
0.1000000000	-0.0274000000
0.1000000000	-0.0278000000
0.1000000000	-0.0279000000
0.1000000000	-0.0279000000
0.1000000000	-0.0283000000
0.1000000000	-0.0284000000
0.1000000000	-0.0288000000
0.1000000000	-0.0292000000
0.1000000000	-0.0293000000
0.1000000000	-0.0297000000
0.1000000000	-0.0299000000
0.1000000000	-0.0300000000
0.1000000000	-0.0304000000
0.1000000000	-0.0306000000
0.1000000000	-0.0306000000
0.1000000000	-0.0308000000
0.1000000000	-0.0311000000
0.1000000000	-0.0311000000
0.1000000000	-0.0314000000
0.1000000000	-0.0317000000
0.1000000000	-0.0320000000
0.1000000000	-0.0322000000
0.1000000000	-0.0323000000
0.1000000000	-0.0325000000
0.1000000000	-0.0325000000
0.1000000000	-0.0330000000
0.1000000000	-0.0333000000
0.1000000000	-0.0338000000
0.1000000000	-0.0339000000
0.1000000000	-0.0339000000
0.1000000000	-0.0339000000
0.1000000000	-0.0339000000
0.1000000000	-0.0339000000
0.1000000000	-0.0338000000
0.1000000000	-0.0338000000
0.1000000000	-0.0338000000
0.1000000000	-0.0338000000
0.1000000000	-0.0338000000
0.1000000000	-0.0338000000
0.1000000000	-0.0338000000
0.1000000000	-0.0338000000
0.1000000000	-0.0338000000
0.1000000000	-0.0338000000
0.1000000000	-0.0338000000
0.1000000000	-0.0339000000
0.1000000000	-0.0339000000
0.1000000000	-0.0339000000
0.1000000000	-0.0339000000
0.1000000000	-0.0343000000
0.1000000000	-0.0350000000
0.1000000000	-0.0352000000
0.1000000000	-0.0356000000
0.1000000000	-0.0359000000
0.1000000000	-0.0360000000
0.1000000000	-0.0363000000
0.1000000000	-0.0364000000
0.1000000000	-0.0365000000
0.1000000000	-0.0367000000
0.1000000000	-0.0373000000
0.1000000000	-0.0373000000
0.1000000000	-0.0375000000
0.1000000000	-0.0380000000
0.1000000000	-0.0380000000
0.1000000000	-0.0381000000
0.1000000000	-0.0381000000
0.1000000000	-0.0382000000
0.1000000000	-0.0386000000
0.1000000000	-0.0390000000
0.1000000000	-0.0395000000
0.1000000000	-0.0395000000
0.1000000000	-0.0395000000
0.1000000000	-0.0396000000
0.1000000000	-0.0397000000
0.1000000000	-0.0399000000
0.1000000000	-0.0402000000
0.1000000000	-0.0404000000
0.1000000000	-0.0405000000
0.1000000000	-0.0409000000
0.1000000000	-0.0412000000
0.1000000000	-0.0412000000
0.1000000000	-0.0413000000
0.1000000000	-0.0414000000
0.1000000000	-0.0414000000
0.1000000000	-0.0414000000
0.1000000000	-0.0414000000
0.1000000000	-0.0414000000
0.1000000000	-0.0414000000
0.1000000000	-0.0414000000
0.1000000000	-0.0414000000
0.1000000000	-0.0414000000
0.1000000000	-0.0414000000
0.1000000000	-0.0414000000
0.1000000000	-0.0414000000
0.1000000000	-0.0414000000
0.1000000000	-0.0414000000
0.1000000000	-0.0414000000
0.1000000000	-0.0414000000
0.1000000000	-0.0414000000
0.1000000000	-0.0414000000
0.1000000000	-0.0415000000
0.1000000000	-0.0420000000
0.1000000000	-0.0424000000
0.1000000000	-0.0424000000
0.1000000000	-0.0427000000
0.1000000000	-0.0431000000
0.1000000000	-0.0434000000
0.1000000000	-0.0436000000
0.1000000000	-0.0437000000
0.1000000000	-0.0439000000
0.1000000000	-0.0443000000
0.1000000000	-0.0445000000
0.1000000000	-0.0446000000
0.1000000000	-0.0451000000
0.1000000000	-0.0451000000
0.1000000000	-0.0451000000
0.1000000000	-0.0454000000
0.1000000000	-0.0455000000
0.1000000000	-0.0455000000
0.1000000000	-0.0457000000
0.1000000000	-0.0460000000
0.1000000000	-0.0462000000
0.1000000000	-0.0462000000
0.2000000000	-0.0465000000
0.2000000000	-0.0466000000
0.2000000000	-0.0468000000
0.2000000000	-0.0470000000
0.2000000000	-0.0472000000
0.2000000000	-0.0474000000
0.2000000000	-0.0475000000
0.2000000000	-0.0475000000
0.2000000000	-0.0476000000
0.2000000000	-0.0478000000
0.1000000000	-0.0479000000
0.1000000000	-0.0481000000
0.1000000000	-0.0482000000
0.1000000000	-0.0483000000
0.1000000000	-0.0485000000
0.1000000000	-0.0491000000
0.1000000000	-0.0492000000
0.1000000000	-0.0492000000
0.1000000000	-0.0492000000
0.1000000000	-0.0492000000
0.1000000000	-0.0492000000
0.1000000000	-0.0492000000
0.1000000000	-0.0492000000
0.1000000000	-0.0492000000
0.1000000000	-0.0492000000
0.1000000000	-0.0492000000
0.1000000000	-0.0492000000
0.1000000000	-0.0492000000
0.1000000000	-0.0492000000
0.1000000000	-0.0492000000
0.1000000000	-0.0492000000
0.1000000000	-0.0492000000
0.1000000000	-0.0492000000
0.1000000000	-0.0492000000
0.1000000000	-0.0492000000
0.1000000000	-0.0492000000
0.1000000000	-0.0492000000
0.1000000000	-0.0493000000
0.1000000000	-0.0498000000
0.1000000000	-0.0502000000
0.1000000000	-0.0504000000
0.1000000000	-0.0505000000
0.1000000000	-0.0508000000
0.2000000000	-0.0509000000
0.2000000000	-0.0512000000
0.2000000000	-0.0515000000
0.2000000000	-0.0517000000
0.2000000000	-0.0521000000
0.2000000000	-0.0522000000
0.2000000000	-0.0522000000
0.2000000000	-0.0525000000
0.2000000000	-0.0532000000
0.2000000000	-0.0535000000
0.2000000000	-0.0538000000
0.2000000000	-0.0538000000
0.2000000000	-0.0538000000
0.2000000000	-0.0538000000
0.1000000000	-0.0539000000
0.1000000000	-0.0543000000
0.1000000000	-0.0545000000
0.1000000000	-0.0546000000
0.1000000000	-0.0548000000
0.1000000000	-0.0548000000
0.1000000000	-0.0550000000
0.1000000000	-0.0551000000
0.1000000000	-0.0552000000
0.1000000000	-0.0554000000
0.1000000000	-0.0556000000
0.1000000000	-0.0557000000
0.1000000000	-0.0558000000
0.1000000000	-0.0559000000
0.1000000000	-0.0563000000
0.1000000000	-0.0564000000
0.1000000000	-0.0565000000
0.1000000000	-0.0565000000
0.1000000000	-0.0567000000
0.1000000000	-0.0569000000
0.1000000000	-0.0569000000
0.1000000000	-0.0569000000
0.1000000000	-0.0569000000
0.1000000000	-0.0569000000
0.1000000000	-0.0569000000
0.1000000000	-0.0569000000
0.1000000000	-0.0569000000
0.1000000000	-0.0569000000
0.1000000000	-0.0569000000
0.1000000000	-0.0569000000
0.1000000000	-0.0569000000
0.1000000000	-0.0569000000
0.1000000000	-0.0569000000
0.1000000000	-0.0569000000
0.1000000000	-0.0569000000
0.1000000000	-0.0569000000
0.1000000000	-0.0569000000
0.1000000000	-0.0569000000
0.1000000000	-0.0569000000
0.1000000000	-0.0569000000
0.1000000000	-0.0569000000
0.1000000000	-0.0570000000
0.1000000000	-0.0570000000
0.1000000000	-0.0572000000
0.1000000000	-0.0575000000
0.1000000000	-0.0575000000
0.1000000000	-0.0576000000
0.1000000000	-0.0582000000
0.1000000000	-0.0585000000
0.1000000000	-0.0585000000
0.1000000000	-0.0586000000
0.1000000000	-0.0590000000
0.1000000000	-0.0591000000
0.1000000000	-0.0592000000
0.1000000000	-0.0596000000
0.1000000000	-0.0597000000
0.1000000000	-0.0597000000
0.1000000000	-0.0598000000
0.1000000000	-0.0600000000
0.1000000000	-0.0603000000
0.1000000000	-0.0604000000
0.1000000000	-0.0608000000
0.1000000000	-0.0610000000
0.1000000000	-0.0610000000
0.1000000000	-0.0611000000
0.1000000000	-0.0613000000
0.1000000000	-0.0615000000
0.1000000000	-0.0615000000
0.1000000000	-0.0616000000
0.1000000000	-0.0618000000
0.1000000000	-0.0619000000
0.1000000000	-0.0620000000
0.1000000000	-0.0623000000
0.1000000000	-0.0623000000
0.1000000000	-0.0623000000
0.1000000000	-0.0625000000
0.1000000000	-0.0625000000
0.1000000000	-0.0625000000
0.1000000000	-0.0625000000
0.1000000000	-0.0627000000
0.1000000000	-0.0627000000
0.1000000000	-0.0627000000
0.1000000000	-0.0627000000
0.1000000000	-0.0627000000
0.1000000000	-0.0627000000
0.1000000000	-0.0627000000
0.1000000000	-0.0627000000
0.1000000000	-0.0627000000
0.1000000000	-0.0627000000
0.1000000000	-0.0627000000
0.1000000000	-0.0627000000
0.1000000000	-0.0627000000
0.1000000000	-0.0627000000
0.1000000000	-0.0627000000
0.1000000000	-0.0627000000
0.1000000000	-0.0627000000
0.1000000000	-0.0627000000
0.1000000000	-0.0629000000
0.1000000000	-0.0636000000
0.1000000000	-0.0637000000
0.1000000000	-0.0639000000
0.1000000000	-0.0642000000
0.1000000000	-0.0643000000
0.1000000000	-0.0646000000
0.1000000000	-0.0649000000
0.1000000000	-0.0650000000
0.1000000000	-0.0654000000
0.1000000000	-0.0657000000
0.1000000000	-0.0659000000
0.1000000000	-0.0660000000
0.1000000000	-0.0661000000
0.1000000000	-0.0662000000
0.1000000000	-0.0664000000
0.1000000000	-0.0666000000
0.1000000000	-0.0668000000
0.1000000000	-0.0669000000
0.1000000000	-0.0670000000
0.1000000000	-0.0672000000
0.1000000000	-0.0673000000
0.1000000000	-0.0673000000
0.1000000000	-0.0675000000
0.1000000000	-0.0675000000
0.1000000000	-0.0678000000
0.1000000000	-0.0678000000
0.1000000000	-0.0679000000
0.1000000000	-0.0681000000
0.1000000000	-0.0682000000
0.1000000000	-0.0683000000
0.1000000000	-0.0683000000
0.1000000000	-0.0683000000
0.1000000000	-0.0683000000
0.1000000000	-0.0683000000
0.1000000000	-0.0683000000
0.1000000000	-0.0683000000
0.1000000000	-0.0683000000
0.1000000000	-0.0683000000
0.1000000000	-0.0683000000
0.1000000000	-0.0683000000
0.1000000000	-0.0683000000
0.1000000000	-0.0683000000
0.1000000000	-0.0683000000
0.1000000000	-0.0683000000
0.1000000000	-0.0683000000
0.1000000000	-0.0683000000
0.1000000000	-0.0683000000
0.1000000000	-0.0683000000
0.1000000000	-0.0683000000
0.1000000000	-0.0689000000
0.2000000000	-0.0692000000
0.2000000000	-0.0692000000
0.2000000000	-0.0694000000
0.2000000000	-0.0696000000
0.2000000000	-0.0697000000
0.2000000000	-0.0698000000
0.2000000000	-0.0701000000
0.2000000000	-0.0703000000
0.2000000000	-0.0703000000
0.2000000000	-0.0706000000
0.2000000000	-0.0709000000
0.2000000000	-0.0710000000
0.2000000000	-0.0711000000
0.2000000000	-0.0713000000
0.2000000000	-0.0714000000
0.2000000000	-0.0715000000
0.2000000000	-0.0717000000
0.2000000000	-0.0717000000
0.2000000000	-0.0717000000
0.2000000000	-0.0718000000
0.2000000000	-0.0720000000
0.2000000000	-0.0721000000
0.2000000000	-0.0721000000
0.2000000000	-0.0722000000
0.2000000000	-0.0725000000
0.2000000000	-0.0725000000
0.2000000000	-0.0728000000
0.2000000000	-0.0731000000
0.2000000000	-0.0732000000
0.2000000000	-0.0734000000
0.2000000000	-0.0735000000
0.2000000000	-0.0736000000
0.2000000000	-0.0736000000
0.2000000000	-0.0736000000
0.2000000000	-0.0736000000
0.2000000000	-0.0736000000
0.2000000000	-0.0736000000
0.2000000000	-0.0736000000
0.2000000000	-0.0736000000
0.2000000000	-0.0736000000
0.2000000000	-0.0736000000
0.2000000000	-0.0736000000
0.2000000000	-0.0736000000
0.2000000000	-0.0736000000
0.2000000000	-0.0736000000
0.2000000000	-0.0736000000
0.2000000000	-0.0736000000
0.2000000000	-0.0736000000
0.2000000000	-0.0736000000
0.2000000000	-0.0736000000
0.2000000000	-0.0736000000
0.2000000000	-0.0736000000
0.2000000000	-0.0739000000
0.2000000000	-0.0745000000
0.2000000000	-0.0747000000
0.2000000000	-0.0750000000
0.3000000000	-0.0753000000
0.3000000000	-0.0755000000
0.3000000000	-0.0758000000
0.3000000000	-0.0759000000
0.3000000000	-0.0761000000
0.3000000000	-0.0762000000
0.3000000000	-0.0762000000
0.3000000000	-0.0764000000
0.3000000000	-0.0767000000
0.3000000000	-0.0768000000
0.4000000000	-0.0770000000
0.4000000000	-0.0774000000
0.4000000000	-0.0774000000
0.4000000000	-0.0775000000
0.4000000000	-0.0780000000
0.5000000000	-0.0787000000
0.5000000000	-0.0791000000
0.5000000000	-0.0791000000
0.5000000000	-0.0791000000
0.5000000000	-0.0791000000
0.5000000000	-0.0791000000
0.5000000000	-0.0794000000
0.5000000000	-0.0794000000
0.5000000000	-0.0795000000
0.6000000000	-0.0796000000
0.6000000000	-0.0797000000
0.6000000000	-0.0799000000
0.6000000000	-0.0803000000
0.6000000000	-0.0806000000
0.6000000000	-0.0806000000
0.6000000000	-0.0806000000
0.6000000000	-0.0806000000
0.6000000000	-0.0806000000
0.6000000000	-0.0806000000
0.6000000000	-0.0806000000
0.6000000000	-0.0806000000
0.6000000000	-0.0806000000
0.6000000000	-0.0806000000
0.6000000000	-0.0806000000
0.6000000000	-0.0806000000
0.6000000000	-0.0806000000
0.6000000000	-0.0806000000
0.6000000000	-0.0806000000
0.6000000000	-0.0806000000
0.6000000000	-0.0806000000
0.6000000000	-0.0806000000
0.6000000000	-0.0806000000
0.6000000000	-0.0806000000
0.6000000000	-0.0806000000
0.7000000000	-0.0812000000
0.7000000000	-0.0817000000
0.7000000000	-0.0820000000
0.7000000000	-0.0827000000
0.7000000000	-0.0830000000
0.8000000000	-0.0833000000
0.8000000000	-0.0836000000
0.8000000000	-0.0839000000
0.8000000000	-0.0841000000
0.8000000000	-0.0843000000
0.8000000000	-0.0847000000
0.8000000000	-0.0850000000
0.8000000000	-0.0850000000
0.8000000000	-0.0851000000
0.8000000000	-0.0852000000
0.8000000000	-0.0853000000
0.8000000000	-0.0858000000
0.8000000000	-0.0860000000
0.8000000000	-0.0860000000
0.8000000000	-0.0862000000
0.8000000000	-0.0863000000
0.8000000000	-0.0863000000
0.8000000000	-0.0865000000
0.9000000000	-0.0869000000
0.9000000000	-0.0869000000
0.9000000000	-0.0869000000
0.9000000000	-0.0871000000
0.9000000000	-0.0872000000
0.9000000000	-0.0872000000
0.9000000000	-0.0872000000
0.9000000000	-0.0872000000
0.9000000000	-0.0872000000
0.9000000000	-0.0872000000
0.9000000000	-0.0872000000
0.9000000000	-0.0872000000
0.9000000000	-0.0872000000
0.9000000000	-0.0872000000
0.9000000000	-0.0872000000
0.9000000000	-0.0872000000
0.9000000000	-0.0872000000
0.9000000000	-0.0872000000
0.9000000000	-0.0872000000
0.9000000000	-0.0872000000
0.9000000000	-0.0872000000
0.9000000000	-0.0872000000
0.9000000000	-0.0873000000
0.9000000000	-0.0875000000
0.9000000000	-0.0882000000
0.9000000000	-0.0882000000
0.9000000000	-0.0887000000
0.9000000000	-0.0891000000
0.9000000000	-0.0894000000
0.9000000000	-0.0894000000
0.9000000000	-0.0895000000
1.0000000000	-0.0899000000
1.0000000000	-0.0902000000
1.0000000000	-0.0902000000
1.0000000000	-0.0903000000
1.0000000000	-0.0903000000
1.0000000000	-0.0904000000
1.0000000000	-0.0906000000
1.0000000000	-0.0907000000
1.0000000000	-0.0911000000
1.0000000000	-0.0911000000
1.0000000000	-0.0912000000
1.0000000000	-0.0915000000
1.0000000000	-0.0918000000
1.0000000000	-0.0919000000
1.0000000000	-0.0920000000
1.0000000000	-0.0921000000
1.0000000000	-0.0927000000
1.0000000000	-0.0929000000
1.0000000000	-0.0929000000
1.0000000000	-0.0930000000
1.1000000000	-0.0930000000
1.1000000000	-0.0930000000
1.1000000000	-0.0930000000
1.1000000000	-0.0930000000
1.1000000000	-0.0930000000
1.1000000000	-0.0930000000
1.1000000000	-0.0930000000
1.1000000000	-0.0930000000
1.1000000000	-0.0930000000
1.1000000000	-0.0930000000
1.1000000000	-0.0930000000
1.1000000000	-0.0930000000
1.1000000000	-0.0930000000
1.1000000000	-0.0930000000
1.1000000000	-0.0930000000
1.1000000000	-0.0930000000
1.1000000000	-0.0930000000
1.1000000000	-0.0930000000
1.1000000000	-0.0930000000
1.1000000000	-0.0930000000
1.1000000000	-0.0931000000
1.1000000000	-0.0932000000
1.1000000000	-0.0936000000
1.1000000000	-0.0938000000
1.1000000000	-0.0941000000
1.1000000000	-0.0946000000
1.1000000000	-0.0947000000
1.1000000000	-0.0948000000
1.1000000000	-0.0949000000
1.1000000000	-0.0949000000
1.1000000000	-0.0950000000
1.1000000000	-0.0950000000
1.1000000000	-0.0950000000
1.1000000000	-0.0951000000
1.2000000000	-0.0954000000
1.2000000000	-0.0956000000
1.2000000000	-0.0957000000
1.2000000000	-0.0957000000
1.2000000000	-0.0961000000
1.2000000000	-0.0964000000
1.2000000000	-0.0964000000
1.2000000000	-0.0965000000
1.2000000000	-0.0967000000
1.2000000000	-0.0969000000
1.2000000000	-0.0971000000
1.2000000000	-0.0972000000
1.2000000000	-0.0974000000
1.2000000000	-0.0978000000
1.2000000000	-0.0979000000
1.2000000000	-0.0979000000
1.2000000000	-0.0981000000
1.2000000000	-0.0984000000
1.3000000000	-0.0990000000
1.3000000000	-0.0992000000
1.3000000000	-0.0992000000
1.3000000000	-0.0992000000
1.3000000000	-0.0992000000
1.3000000000	-0.0992000000
1.3000000000	-0.0992000000
1.3000000000	-0.0992000000
1.3000000000	-0.0992000000
1.3000000000	-0.0992000000
1.3000000000	-0.0992000000
1.3000000000	-0.0992000000
1.3000000000	-0.0992000000
1.3000000000	-0.0992000000
1.3000000000	-0.0992000000
1.3000000000	-0.0992000000
1.3000000000	-0.0992000000
1.3000000000	-0.0992000000
1.3000000000	-0.0992000000
1.3000000000	-0.0992000000
1.3000000000	-0.0992000000
1.3000000000	-0.0997000000
1.3000000000	-0.1001000000
1.3000000000	-0.1001000000
1.3000000000	-0.1003000000
1.2000000000	-0.1007000000
1.2000000000	-0.1009000000
1.2000000000	-0.1011000000
1.2000000000	-0.1012000000
1.2000000000	-0.1014000000
1.2000000000	-0.1017000000
1.2000000000	-0.1018000000
1.1000000000	-0.1023000000
1.1000000000	-0.1027000000
1.1000000000	-0.1029000000
1.1000000000	-0.1030000000
1.0000000000	-0.1031000000
1.0000000000	-0.1032000000
1.0000000000	-0.1033000000
1.0000000000	-0.1036000000
1.0000000000	-0.1037000000
0.9000000000	-0.1040000000
0.9000000000	-0.1043000000
0.8000000000	-0.1046000000
0.8000000000	-0.1048000000
0.8000000000	-0.1050000000
0.8000000000	-0.1052000000
0.7000000000	-0.1054000000
0.7000000000	-0.1055000000
0.7000000000	-0.1055000000
0.7000000000	-0.1055000000
0.7000000000	-0.1055000000
0.7000000000	-0.1055000000
0.7000000000	-0.1055000000
0.7000000000	-0.1055000000
0.7000000000	-0.1055000000
0.7000000000	-0.1055000000
0.7000000000	-0.1055000000
0.7000000000	-0.1055000000
0.7000000000	-0.1055000000
0.7000000000	-0.1055000000
0.7000000000	-0.1055000000
0.7000000000	-0.1055000000
0.7000000000	-0.1055000000
0.7000000000	-0.1055000000
0.7000000000	-0.1055000000
0.7000000000	-0.1056000000
0.7000000000	-0.1061000000
0.6000000000	-0.1065000000
0.6000000000	-0.1068000000
0.6000000000	-0.1071000000
0.6000000000	-0.1073000000
0.6000000000	-0.1078000000
0.5000000000	-0.1081000000
0.5000000000	-0.1082000000
0.5000000000	-0.1082000000
0.5000000000	-0.1084000000
0.5000000000	-0.1086000000
0.5000000000	-0.1089000000
0.5000000000	-0.1090000000
0.5000000000	-0.1090000000
0.5000000000	-0.1093000000
0.5000000000	-0.1094000000
0.5000000000	-0.1096000000
0.5000000000	-0.1098000000
0.5000000000	-0.1101000000
0.5000000000	-0.1103000000
0.5000000000	-0.1104000000
0.5000000000	-0.1106000000
0.5000000000	-0.1109000000
0.5000000000	-0.1112000000
0.5000000000	-0.1114000000
0.5000000000	-0.1117000000
0.5000000000	-0.1118000000
0.5000000000	-0.1118000000
0.5000000000	-0.1118000000
0.5000000000	-0.1119000000
0.5000000000	-0.1119000000
0.5000000000	-0.1118000000
0.5000000000	-0.1118000000
0.5000000000	-0.1118000000
0.5000000000	-0.1118000000
0.5000000000	-0.1118000000
0.5000000000	-0.1118000000
0.5000000000	-0.1118000000
0.5000000000	-0.1118000000
0.5000000000	-0.1118000000
0.5000000000	-0.1119000000
0.5000000000	-0.1119000000
0.5000000000	-0.1119000000
0.5000000000	-0.1120000000
0.5000000000	-0.1124000000
0.5000000000	-0.1129000000
0.5000000000	-0.1135000000
0.5000000000	-0.1139000000
0.5000000000	-0.1140000000
0.4000000000	-0.1144000000
0.4000000000	-0.1146000000
0.4000000000	-0.1146000000
0.4000000000	-0.1149000000
0.4000000000	-0.1151000000
0.4000000000	-0.1152000000
0.4000000000	-0.1152000000
0.4000000000	-0.1154000000
0.3000000000	-0.1157000000
0.3000000000	-0.1157000000
0.3000000000	-0.1159000000
0.3000000000	-0.1162000000
0.3000000000	-0.1164000000
0.3000000000	-0.1168000000
0.3000000000	-0.1169000000
0.2000000000	-0.1169000000
0.2000000000	-0.1170000000
0.2000000000	-0.1171000000
0.2000000000	-0.1173000000
0.2000000000	-0.1174000000
0.2000000000	-0.1176000000
0.2000000000	-0.1177000000
0.2000000000	-0.1178000000
0.2000000000	-0.1179000000
0.2000000000	-0.1179000000
0.2000000000	-0.1178000000
0.2000000000	-0.1178000000
0.2000000000	-0.1178000000
0.2000000000	-0.1178000000
0.2000000000	-0.1178000000
0.2000000000	-0.1178000000
0.2000000000	-0.1178000000
0.2000000000	-0.1178000000
0.2000000000	-0.1178000000
0.2000000000	-0.1178000000
0.2000000000	-0.1179000000
0.2000000000	-0.1179000000
0.2000000000	-0.1179000000
0.2000000000	-0.1179000000
0.2000000000	-0.1181000000
0.2000000000	-0.1187000000
0.2000000000	-0.1190000000
0.2000000000	-0.1193000000
0.2000000000	-0.1195000000
0.2000000000	-0.1197000000
0.2000000000	-0.1200000000
0.2000000000	-0.1203000000
0.2000000000	-0.1208000000
0.2000000000	-0.1209000000
0.2000000000	-0.1210000000
0.2000000000	-0.1212000000
0.2000000000	-0.1213000000
0.2000000000	-0.1215000000
0.2000000000	-0.1217000000
0.2000000000	-0.1218000000
0.2000000000	-0.1219000000
0.2000000000	-0.1221000000
0.2000000000	-0.1222000000
0.2000000000	-0.1222000000
0.2000000000	-0.1223000000
0.2000000000	-0.1224000000
0.1000000000	-0.1227000000
0.1000000000	-0.1228000000
0.1000000000	-0.1229000000
0.1000000000	-0.1230000000
0.1000000000	-0.1230000000
0.1000000000	-0.1234000000
0.1000000000	-0.1235000000
0.1000000000	-0.1235000000
0.1000000000	-0.1235000000
0.1000000000	-0.1235000000
0.1000000000	-0.1235000000
0.1000000000	-0.1235000000
0.1000000000	-0.1235000000
0.1000000000	-0.1235000000
0.1000000000	-0.1235000000
0.1000000000	-0.1235000000
0.1000000000	-0.1235000000
0.1000000000	-0.1235000000
0.1000000000	-0.1235000000
0.1000000000	-0.1235000000
0.1000000000	-0.1235000000
0.1000000000	-0.1235000000
0.1000000000	-0.1235000000
0.1000000000	-0.1235000000
0.1000000000	-0.1235000000
0.1000000000	-0.1235000000
0.1000000000	-0.1238000000
0.1000000000	-0.1244000000
0.1000000000	-0.1246000000
0.1000000000	-0.1250000000
0.1000000000	-0.1254000000
0.1000000000	-0.1255000000
0.1000000000	-0.1258000000
0.1000000000	-0.1259000000
0.1000000000	-0.1260000000
0.1000000000	-0.1263000000
0.1000000000	-0.1265000000
0.1000000000	-0.1267000000
0.1000000000	-0.1270000000
0.1000000000	-0.1272000000
0.1000000000	-0.1276000000
0.1000000000	-0.1277000000
0.1000000000	-0.1277000000
0.1000000000	-0.1278000000
0.1000000000	-0.1279000000
0.1000000000	-0.1280000000
0.1000000000	-0.1282000000
0.1000000000	-0.1284000000
0.1000000000	-0.1284000000
0.1000000000	-0.1285000000
0.1000000000	-0.1285000000
0.1000000000	-0.1288000000
0.1000000000	-0.1289000000
0.1000000000	-0.1289000000
0.1000000000	-0.1289000000
0.1000000000	-0.1288000000
0.1000000000	-0.1288000000
0.1000000000	-0.1288000000
0.1000000000	-0.1288000000
0.1000000000	-0.1288000000
0.1000000000	-0.1288000000
0.1000000000	-0.1288000000
0.1000000000	-0.1288000000
0.1000000000	-0.1288000000
0.1000000000	-0.1288000000
0.1000000000	-0.1289000000
0.1000000000	-0.1289000000
0.1000000000	-0.1289000000
0.1000000000	-0.1295000000
0.1000000000	-0.1302000000
0.1000000000	-0.1303000000
0.1000000000	-0.1306000000
0.1000000000	-0.1310000000
0.1000000000	-0.1313000000
0.1000000000	-0.1314000000
0.1000000000	-0.1315000000
0.1000000000	-0.1318000000
0.1000000000	-0.1321000000
0.1000000000	-0.1325000000
0.1000000000	-0.1325000000
0.1000000000	-0.1326000000
0.1000000000	-0.1330000000
0.1000000000	-0.1331000000
0.1000000000	-0.1331000000
0.1000000000	-0.1332000000
0.1000000000	-0.1333000000
0.1000000000	-0.1335000000
0.1000000000	-0.1335000000
0.1000000000	-0.1337000000
0.1000000000	-0.1339000000
0.1000000000	-0.1339000000
0.1000000000	-0.1342000000
0.1000000000	-0.1342000000
0.1000000000	-0.1343000000
0.2000000000	-0.1344000000
0.2000000000	-0.1344000000
0.2000000000	-0.1344000000
0.2000000000	-0.1345000000
0.2000000000	-0.1345000000
0.2000000000	-0.1344000000
0.2000000000	-0.1344000000
0.2000000000	-0.1344000000
0.2000000000	-0.1344000000
0.2000000000	-0.1344000000
0.2000000000	-0.1344000000
0.2000000000	-0.1344000000
0.2000000000	-0.1344000000
0.2000000000	-0.1344000000
0.2000000000	-0.1345000000
0.2000000000	-0.1345000000
0.2000000000	-0.1345000000
0.2000000000	-0.1346000000
0.1000000000	-0.1354000000
0.1000000000	-0.1355000000
0.1000000000	-0.1358000000
0.1000000000	-0.1362000000
0.1000000000	-0.1363000000
0.1000000000	-0.1369000000
0.1000000000	-0.1371000000
0.2000000000	-0.1374000000
0.2000000000	-0.1379000000
0.2000000000	-0.1379000000
0.2000000000	-0.1381000000
0.2000000000	-0.1384000000
0.2000000000	-0.1385000000
0.2000000000	-0.1387000000
0.2000000000	-0.1387000000
0.2000000000	-0.1389000000
0.2000000000	-0.1390000000
0.2000000000	-0.1391000000
0.2000000000	-0.1394000000
0.2000000000	-0.1395000000
0.2000000000	-0.1396000000
0.2000000000	-0.1396000000
0.2000000000	-0.1396000000
0.2000000000	-0.1396000000
0.2000000000	-0.1396000000
0.2000000000	-0.1396000000
0.2000000000	-0.1396000000
0.2000000000	-0.1396000000
0.2000000000	-0.1396000000
0.2000000000	-0.1396000000
0.2000000000	-0.1396000000
0.2000000000	-0.1396000000
0.2000000000	-0.1396000000
0.2000000000	-0.1396000000
0.2000000000	-0.1396000000
0.2000000000	-0.1396000000
0.2000000000	-0.1396000000
0.2000000000	-0.1396000000
0.2000000000	-0.1396000000
0.2000000000	-0.1397000000
0.2000000000	-0.1401000000
0.2000000000	-0.1403000000
0.2000000000	-0.1406000000
0.2000000000	-0.1410000000
0.2000000000	-0.1411000000
0.2000000000	-0.1417000000
0.2000000000	-0.1418000000
0.2000000000	-0.1422000000
0.2000000000	-0.1424000000
0.2000000000	-0.1424000000
0.2000000000	-0.1428000000
0.2000000000	-0.1429000000
0.2000000000	-0.1430000000
0.2000000000	-0.1432000000
0.2000000000	-0.1433000000
0.2000000000	-0.1435000000
0.2000000000	-0.1436000000
0.2000000000	-0.1439000000
0.2000000000	-0.1441000000
0.2000000000	-0.1442000000
0.2000000000	-0.1443000000
0.2000000000	-0.1445000000
0.2000000000	-0.1446000000
0.2000000000	-0.1446000000
0.2000000000	-0.1446000000
0.2000000000	-0.1446000000
0.2000000000	-0.1446000000
0.2000000000	-0.1446000000
0.2000000000	-0.1446000000
0.2000000000	-0.1446000000
0.2000000000	-0.1446000000
0.2000000000	-0.1446000000
0.2000000000	-0.1446000000
0.2000000000	-0.1446000000
0.2000000000	-0.1446000000
0.2000000000	-0.1446000000
0.2000000000	-0.1446000000
0.2000000000	-0.1446000000
0.1000000000	-0.1451000000
0.1000000000	-0.1458000000
0.1000000000	-0.1462000000
0.1000000000	-0.1464000000
0.1000000000	-0.1469000000
0.2000000000	-0.1473000000
0.2000000000	-0.1474000000
0.2000000000	-0.1476000000
0.1000000000	-0.1478000000
0.1000000000	-0.1481000000
0.1000000000	-0.1487000000
0.1000000000	-0.1488000000
0.1000000000	-0.1489000000
0.1000000000	-0.1496000000
0.1000000000	-0.1498000000
0.1000000000	-0.1498000000
0.1000000000	-0.1498000000
0.1000000000	-0.1498000000
0.1000000000	-0.1498000000
0.1000000000	-0.1498000000
0.1000000000	-0.1499000000
0.1000000000	-0.1501000000
0.1000000000	-0.1502000000
0.1000000000	-0.1502000000
0.1000000000	-0.1502000000
0.1000000000	-0.1502000000
0.1000000000	-0.1502000000
0.1000000000	-0.1502000000
0.1000000000	-0.1502000000
0.1000000000	-0.1502000000
0.1000000000	-0.1502000000
0.1000000000	-0.1502000000
0.1000000000	-0.1502000000
0.1000000000	-0.1502000000
0.1000000000	-0.1502000000
0.1000000000	-0.1502000000
0.1000000000	-0.1502000000
0.1000000000	-0.1502000000
0.1000000000	-0.1502000000
0.1000000000	-0.1502000000
0.1000000000	-0.1502000000
0.1000000000	-0.1506000000
0.1000000000	-0.1510000000
0.1000000000	-0.1514000000
0.1000000000	-0.1520000000
0.1000000000	-0.1524000000
0.1000000000	-0.1526000000
0.1000000000	-0.1528000000
0.1000000000	-0.1529000000
0.1000000000	-0.1531000000
0.1000000000	-0.1533000000
0.1000000000	-0.1541000000
0.1000000000	-0.1543000000
0.1000000000	-0.1544000000
0.1000000000	-0.1546000000
0.1000000000	-0.1547000000
0.1000000000	-0.1548000000
0.1000000000	-0.1549000000
0.1000000000	-0.1550000000
0.1000000000	-0.1550000000
0.1000000000	-0.1551000000
0.1000000000	-0.1552000000
0.1000000000	-0.1555000000
0.1000000000	-0.1557000000
0.1000000000	-0.1557000000
0.1000000000	-0.1557000000
0.1000000000	-0.1557000000
0.1000000000	-0.1557000000
0.1000000000	-0.1557000000
0.1000000000	-0.1557000000
0.1000000000	-0.1557000000
0.1000000000	-0.1557000000
0.1000000000	-0.1557000000
0.1000000000	-0.1557000000
0.1000000000	-0.1557000000
0.1000000000	-0.1557000000
0.1000000000	-0.1557000000
0.1000000000	-0.1557000000
0.1000000000	-0.1557000000
0.1000000000	-0.1557000000
0.1000000000	-0.1561000000
0.1000000000	-0.1569000000
0.1000000000	-0.1571000000
0.1000000000	-0.1577000000
0.1000000000	-0.1580000000
0.1000000000	-0.1581000000
0.1000000000	-0.1583000000
0.1000000000	-0.1585000000
0.1000000000	-0.1590000000
0.1000000000	-0.1595000000
0.1000000000	-0.1599000000
0.1000000000	-0.1603000000
0.1000000000	-0.1611000000
0.1000000000	-0.1621000000
0.1000000000	-0.1626000000
0.1000000000	-0.1626000000
0.1000000000	-0.1626000000
0.1000000000	-0.1626000000
0.1000000000	-0.1626000000
0.1000000000	-0.1626000000
0.1000000000	-0.1626000000
0.1000000000	-0.1626000000
0.1000000000	-0.1626000000
0.1000000000	-0.1626000000
0.1000000000	-0.1626000000
0.1000000000	-0.1626000000
0.1000000000	-0.1628000000
0.1000000000	-0.1639000000
0.1000000000	-0.1644000000
0.1000000000	-0.1650000000
0.1000000000	-0.1657000000
0.1000000000	-0.1660000000
0.1000000000	-0.1669000000
0.1000000000	-0.1676000000
0.1000000000	-0.1681000000
0.1000000000	-0.1686000000
0.1000000000	-0.1692000000
0.1000000000	-0.1702000000
0.1000000000	-0.1710000000
0.1000000000	-0.1716000000
0.1000000000	-0.1716000000
0.1000000000	-0.1716000000
0.1000000000	-0.1716000000
0.1000000000	-0.1716000000
0.1000000000	-0.1716000000
0.1000000000	-0.1716000000
0.1000000000	-0.1716000000
0.1000000000	-0.1716000000
0.1000000000	-0.1716000000
0.1000000000	-0.1722000000
0.1000000000	-0.1731000000
0.1000000000	-0.1736000000
0.1000000000	-0.1739000000
0.1000000000	-0.1748000000
0.1000000000	-0.1750000000
0.1000000000	-0.1757000000
0.1000000000	-0.1763000000
0.1000000000	-0.1769000000
0.1000000000	-0.1773000000
0.1000000000	-0.1780000000
0.1000000000	-0.1790000000
0.1000000000	-0.1793000000
0.1000000000	-0.1796000000
0.1000000000	-0.1797000000
0.1000000000	-0.1797000000
0.1000000000	-0.1797000000
0.1000000000	-0.1798000000
0.1000000000	-0.1798000000
0.1000000000	-0.1798000000
0.1000000000	-0.1797000000
0.1000000000	-0.1797000000
0.1000000000	-0.1797000000
0.1000000000	-0.1797000000
0.1000000000	-0.1797000000
0.1000000000	-0.1797000000
0.1000000000	-0.1797000000
0.1000000000	-0.1797000000
0.1000000000	-0.1797000000
0.1000000000	-0.1797000000
0.1000000000	-0.1795000000
0.1000000000	-0.1793000000
0.1000000000	-0.1792000000
0.1000000000	-0.1790000000
0.1000000000	-0.1786000000
0.1000000000	-0.1780000000
0.1000000000	-0.1776000000
0.1000000000	-0.1774000000
0.1000000000	-0.1771000000
0.1000000000	-0.1767000000
0.1000000000	-0.1764000000
0.1000000000	-0.1758000000
0.1000000000	-0.1753000000
0.1000000000	-0.1748000000
0.1000000000	-0.1743000000
0.1000000000	-0.1734000000
0.1000000000	-0.1728000000
0.1000000000	-0.1725000000
0.1000000000	-0.1719000000
0.1000000000	-0.1718000000
0.1000000000	-0.1718000000
0.1000000000	-0.1719000000
0.1000000000	-0.1719000000
0.1000000000	-0.1719000000
0.1000000000	-0.1719000000
0.1000000000	-0.1719000000
0.1000000000	-0.1719000000
0.1000000000	-0.1719000000
0.1000000000	-0.1718000000
0.1000000000	-0.1717000000
0.1000000000	-0.1712000000
0.1000000000	-0.1705000000
0.1000000000	-0.1698000000
0.1000000000	-0.1693000000
0.1000000000	-0.1685000000
0.1000000000	-0.1681000000
0.1000000000	-0.1677000000
0.1000000000	-0.1670000000
0.1000000000	-0.1665000000
0.1000000000	-0.1663000000
0.1000000000	-0.1660000000
0.1000000000	-0.1656000000
0.1000000000	-0.1653000000
0.1000000000	-0.1652000000
0.1000000000	-0.1652000000
0.1000000000	-0.1652000000
0.1000000000	-0.1652000000
0.1000000000	-0.1652000000
0.1000000000	-0.1652000000
0.1000000000	-0.1652000000
0.1000000000	-0.1652000000
0.1000000000	-0.1652000000
0.1000000000	-0.1652000000
0.1000000000	-0.1652000000
0.1000000000	-0.1648000000
0.1000000000	-0.1643000000
0.1000000000	-0.1637000000
0.1000000000	-0.1631000000
0.1000000000	-0.1626000000
0.1000000000	-0.1619000000
0.1000000000	-0.1615000000
0.1000000000	-0.1610000000
0.1000000000	-0.1606000000
0.1000000000	-0.1602000000
0.1000000000	-0.1598000000
0.1000000000	-0.1597000000
0.1000000000	-0.1596000000
0.1000000000	-0.1597000000
0.1000000000	-0.1597000000
0.1000000000	-0.1597000000
0.1000000000	-0.1597000000
0.1000000000	-0.1597000000
0.1000000000	-0.1597000000
0.1000000000	-0.1597000000
0.1000000000	-0.1597000000
0.1000000000	-0.1597000000
0.1000000000	-0.1597000000
0.1000000000	-0.1596000000
0.1000000000	-0.1594000000
0.1000000000	-0.1588000000
0.1000000000	-0.1582000000
0.1000000000	-0.1577000000
0.1000000000	-0.1573000000
0.1000000000	-0.1570000000
0.1000000000	-0.1566000000
0.1000000000	-0.1562000000
0.1000000000	-0.1558000000
0.1000000000	-0.1554000000
0.1000000000	-0.1548000000
0.1000000000	-0.1542000000
0.1000000000	-0.1539000000
0.1000000000	-0.1539000000
0.1000000000	-0.1539000000
0.1000000000	-0.1540000000
0.1000000000	-0.1540000000
0.1000000000	-0.1540000000
0.1000000000	-0.1540000000
0.1000000000	-0.1540000000
0.1000000000	-0.1540000000
0.1000000000	-0.1539000000
0.1000000000	-0.1539000000
0.1000000000	-0.1539000000
0.1000000000	-0.1538000000
0.1000000000	-0.1533000000
0.1000000000	-0.1525000000
0.1000000000	-0.1522000000
0.1000000000	-0.1517000000
0.1000000000	-0.1513000000
0.1000000000	-0.1511000000
0.1000000000	-0.1508000000
0.1000000000	-0.1506000000
0.1000000000	-0.1504000000
0.1000000000	-0.1502000000
0.1000000000	-0.1501000000
0.1000000000	-0.1500000000
0.1000000000	-0.1497000000
0.1000000000	-0.1493000000
0.1000000000	-0.1489000000
0.1000000000	-0.1488000000
0.1000000000	-0.1486000000
0.1000000000	-0.1484000000
0.1000000000	-0.1483000000
0.1000000000	-0.1480000000
0.1000000000	-0.1475000000
0.1000000000	-0.1474000000
0.1000000000	-0.1472000000
0.1000000000	-0.1472000000
0.2000000000	-0.1473000000
0.2000000000	-0.1473000000
0.2000000000	-0.1473000000
0.2000000000	-0.1473000000
0.2000000000	-0.1473000000
0.2000000000	-0.1473000000
0.2000000000	-0.1473000000
0.2000000000	-0.1473000000
0.2000000000	-0.1473000000
0.2000000000	-0.1473000000
0.2000000000	-0.1473000000
0.2000000000	-0.1469000000
0.1000000000	-0.1463000000
0.1000000000	-0.1460000000
0.1000000000	-0.1454000000
0.1000000000	-0.1451000000
0.2000000000	-0.1447000000
0.2000000000	-0.1444000000
0.2000000000	-0.1442000000
0.2000000000	-0.1440000000
0.2000000000	-0.1437000000
0.2000000000	-0.1436000000
0.2000000000	-0.1434000000
0.2000000000	-0.1431000000
0.2000000000	-0.1427000000
0.2000000000	-0.1427000000
0.2000000000	-0.1426000000
0.2000000000	-0.1426000000
0.2000000000	-0.1425000000
0.2000000000	-0.1423000000
0.2000000000	-0.1421000000
0.2000000000	-0.1419000000
0.2000000000	-0.1417000000
0.2000000000	-0.1414000000
0.2000000000	-0.1411000000
0.2000000000	-0.1410000000
0.2000000000	-0.1410000000
0.2000000000	-0.1410000000
0.2000000000	-0.1410000000
0.2000000000	-0.1410000000
0.2000000000	-0.1410000000
0.2000000000	-0.1410000000
0.2000000000	-0.1410000000
0.2000000000	-0.1410000000
0.2000000000	-0.1410000000
0.2000000000	-0.1410000000
0.2000000000	-0.1410000000
0.2000000000	-0.1410000000
0.2000000000	-0.1410000000
0.2000000000	-0.1410000000
0.2000000000	-0.1410000000
0.2000000000	-0.1410000000
0.2000000000	-0.1407000000
0.2000000000	-0.1401000000
0.2000000000	-0.1397000000
0.2000000000	-0.1390000000
0.2000000000	-0.1385000000
0.2000000000	-0.1379000000
0.2000000000	-0.1375000000
0.1000000000	-0.1373000000
0.1000000000	-0.1370000000
0.1000000000	-0.1367000000
0.1000000000	-0.1365000000
0.1000000000	-0.1361000000
0.1000000000	-0.1360000000
0.1000000000	-0.1357000000
0.1000000000	-0.1353000000
0.1000000000	-0.1350000000
0.1000000000	-0.1347000000
0.1000000000	-0.1346000000
0.1000000000	-0.1345000000
0.2000000000	-0.1345000000
0.1000000000	-0.1345000000
0.2000000000	-0.1345000000
0.2000000000	-0.1346000000
0.2000000000	-0.1346000000
0.2000000000	-0.1346000000
0.2000000000	-0.1346000000
0.2000000000	-0.1346000000
0.2000000000	-0.1346000000
0.2000000000	-0.1346000000
0.2000000000	-0.1346000000
0.2000000000	-0.1346000000
0.2000000000	-0.1346000000
0.2000000000	-0.1346000000
0.2000000000	-0.1346000000
0.2000000000	-0.1346000000
0.2000000000	-0.1344000000
0.1000000000	-0.1339000000
0.1000000000	-0.1337000000
0.1000000000	-0.1332000000
0.1000000000	-0.1329000000
0.1000000000	-0.1326000000
0.1000000000	-0.1322000000
0.1000000000	-0.1318000000
0.1000000000	-0.1315000000
0.1000000000	-0.1312000000
0.1000000000	-0.1310000000
0.1000000000	-0.1307000000
0.1000000000	-0.1305000000
0.1000000000	-0.1302000000
0.1000000000	-0.1300000000
0.1000000000	-0.1297000000
0.1000000000	-0.1295000000
0.1000000000	-0.1293000000
0.1000000000	-0.1291000000
0.1000000000	-0.1290000000
0.1000000000	-0.1288000000
0.1000000000	-0.1287000000
0.1000000000	-0.1286000000
0.1000000000	-0.1286000000
0.1000000000	-0.1286000000
0.1000000000	-0.1287000000
0.1000000000	-0.1287000000
0.1000000000	-0.1287000000
0.1000000000	-0.1287000000
0.1000000000	-0.1287000000
0.1000000000	-0.1287000000
0.1000000000	-0.1287000000
0.1000000000	-0.1286000000
0.1000000000	-0.1286000000
0.1000000000	-0.1286000000
0.1000000000	-0.1286000000
0.1000000000	-0.1284000000
0.1000000000	-0.1281000000
0.1000000000	-0.1276000000
0.1000000000	-0.1274000000
0.1000000000	-0.1271000000
0.1000000000	-0.1269000000
0.1000000000	-0.1268000000
0.1000000000	-0.1267000000
0.1000000000	-0.1265000000
0.1000000000	-0.1264000000
0.1000000000	-0.1262000000
0.1000000000	-0.1261000000
0.1000000000	-0.1257000000
0.1000000000	-0.1253000000
0.1000000000	-0.1251000000
0.1000000000	-0.1248000000
0.1000000000	-0.1247000000
0.1000000000	-0.1245000000
0.1000000000	-0.1242000000
0.1000000000	-0.1241000000
0.1000000000	-0.1240000000
0.1000000000	-0.1239000000
0.1000000000	-0.1238000000
0.1000000000	-0.1237000000
0.1000000000	-0.1236000000
0.1000000000	-0.1234000000
0.1000000000	-0.1233000000
0.1000000000	-0.1231000000
0.1000000000	-0.1231000000
0.1000000000	-0.1231000000
0.1000000000	-0.1231000000
0.1000000000	-0.1232000000
0.1000000000	-0.1232000000
0.1000000000	-0.1232000000
0.1000000000	-0.1232000000
0.1000000000	-0.1232000000
0.1000000000	-0.1232000000
0.1000000000	-0.1232000000
0.1000000000	-0.1232000000
0.1000000000	-0.1232000000
0.1000000000	-0.1232000000
0.1000000000	-0.1232000000
0.1000000000	-0.1232000000
0.1000000000	-0.1232000000
0.1000000000	-0.1232000000
0.1000000000	-0.1228000000
0.1000000000	-0.1226000000
0.2000000000	-0.1221000000
0.2000000000	-0.1218000000
0.2000000000	-0.1215000000
0.2000000000	-0.1212000000
0.2000000000	-0.1209000000
0.2000000000	-0.1206000000
0.2000000000	-0.1202000000
0.2000000000	-0.1199000000
0.2000000000	-0.1197000000
0.2000000000	-0.1194000000
0.2000000000	-0.1191000000
0.2000000000	-0.1188000000
0.2000000000	-0.1185000000
0.2000000000	-0.1181000000
0.2000000000	-0.1179000000
0.2000000000	-0.1177000000
0.2000000000	-0.1176000000
0.2000000000	-0.1176000000
0.2000000000	-0.1176000000
0.2000000000	-0.1176000000
0.2000000000	-0.1176000000
0.2000000000	-0.1176000000
0.2000000000	-0.1176000000
0.2000000000	-0.1176000000
0.2000000000	-0.1176000000
0.2000000000	-0.1176000000
0.2000000000	-0.1176000000
0.2000000000	-0.1176000000
0.2000000000	-0.1176000000
0.2000000000	-0.1176000000
0.2000000000	-0.1176000000
0.2000000000	-0.1176000000
0.2000000000	-0.1176000000
0.2000000000	-0.1176000000
0.2000000000	-0.1175000000
0.2000000000	-0.1170000000
0.2000000000	-0.1168000000
0.3000000000	-0.1164000000
0.3000000000	-0.1160000000
0.3000000000	-0.1156000000
0.3000000000	-0.1154000000
0.4000000000	-0.1151000000
0.4000000000	-0.1148000000
0.4000000000	-0.1146000000
0.4000000000	-0.1144000000
0.4000000000	-0.1142000000
0.5000000000	-0.1142000000
0.5000000000	-0.1141000000
0.5000000000	-0.1139000000
0.5000000000	-0.1139000000
0.5000000000	-0.1137000000
0.5000000000	-0.1136000000
0.5000000000	-0.1134000000
0.5000000000	-0.1132000000
0.5000000000	-0.1131000000
0.5000000000	-0.1129000000
0.5000000000	-0.1127000000
0.5000000000	-0.1126000000
0.5000000000	-0.1123000000
0.5000000000	-0.1120000000
0.5000000000	-0.1118000000
0.5000000000	-0.1115000000
0.5000000000	-0.1115000000
0.5000000000	-0.1115000000
0.5000000000	-0.1116000000
0.5000000000	-0.1116000000
0.5000000000	-0.1116000000
0.5000000000	-0.1116000000
0.5000000000	-0.1116000000
0.5000000000	-0.1116000000
0.5000000000	-0.1116000000
0.5000000000	-0.1116000000
0.5000000000	-0.1116000000
0.5000000000	-0.1116000000
0.5000000000	-0.1116000000
0.5000000000	-0.1116000000
0.5000000000	-0.1116000000
0.5000000000	-0.1115000000
0.5000000000	-0.1111000000
0.5000000000	-0.1109000000
0.5000000000	-0.1107000000
0.5000000000	-0.1105000000
0.5000000000	-0.1103000000
0.5000000000	-0.1101000000
0.5000000000	-0.1099000000
0.5000000000	-0.1098000000
0.5000000000	-0.1095000000
0.5000000000	-0.1092000000
0.5000000000	-0.1090000000
0.5000000000	-0.1089000000
0.5000000000	-0.1087000000
0.5000000000	-0.1085000000
0.5000000000	-0.1084000000
0.5000000000	-0.1083000000
0.5000000000	-0.1083000000
0.5000000000	-0.1081000000
0.5000000000	-0.1081000000
0.5000000000	-0.1079000000
0.5000000000	-0.1078000000
0.5000000000	-0.1077000000
0.6000000000	-0.1075000000
0.6000000000	-0.1075000000
0.6000000000	-0.1073000000
0.6000000000	-0.1072000000
0.6000000000	-0.1071000000
0.6000000000	-0.1069000000
0.6000000000	-0.1067000000
0.6000000000	-0.1065000000
0.6000000000	-0.1063000000
0.6000000000	-0.1061000000
0.6000000000	-0.1060000000
0.6000000000	-0.1058000000
0.6000000000	-0.1056000000
0.7000000000	-0.1056000000
0.7000000000	-0.1055000000
0.7000000000	-0.1055000000
0.7000000000	-0.1055000000
0.7000000000	-0.1056000000
0.7000000000	-0.1056000000
0.7000000000	-0.1056000000
0.7000000000	-0.1056000000
0.7000000000	-0.1056000000
0.7000000000	-0.1056000000
0.7000000000	-0.1056000000
0.7000000000	-0.1056000000
0.7000000000	-0.1056000000
0.7000000000	-0.1056000000
0.7000000000	-0.1056000000
0.7000000000	-0.1056000000
0.7000000000	-0.1056000000
0.7000000000	-0.1056000000
0.7000000000	-0.1054000000
0.7000000000	-0.1049000000
0.8000000000	-0.1046000000
0.8000000000	-0.1041000000
0.8000000000	-0.1039000000
0.9000000000	-0.1037000000
0.9000000000	-0.1033000000
1.0000000000	-0.1029000000
1.0000000000	-0.1025000000
1.0000000000	-0.1024000000
1.0000000000	-0.1024000000
1.0000000000	-0.1023000000
1.0000000000	-0.1022000000
1.1000000000	-0.1020000000
1.1000000000	-0.1019000000
1.1000000000	-0.1019000000
1.1000000000	-0.1016000000
1.1000000000	-0.1015000000
1.1000000000	-0.1013000000
1.1000000000	-0.1011000000
1.2000000000	-0.1009000000
1.2000000000	-0.1008000000
1.2000000000	-0.1006000000
1.2000000000	-0.1005000000
1.2000000000	-0.1004000000
1.2000000000	-0.1002000000
1.2000000000	-0.1001000000
1.2000000000	-0.0998000000
1.2000000000	-0.0995000000
1.2000000000	-0.0992000000
1.2000000000	-0.0990000000
1.2000000000	-0.0988000000
1.2000000000	-0.0987000000
1.2000000000	-0.0986000000
1.2000000000	-0.0985000000
1.2000000000	-0.0983000000
1.2000000000	-0.0981000000
1.2000000000	-0.0979000000
1.2000000000	-0.0977000000
1.2000000000	-0.0975000000
1.2000000000	-0.0974000000
1.2000000000	-0.0973000000
1.2000000000	-0.0973000000
1.2000000000	-0.0973000000
1.2000000000	-0.0973000000
1.2000000000	-0.0973000000
1.2000000000	-0.0974000000
1.2000000000	-0.0974000000
1.2000000000	-0.0974000000
1.2000000000	-0.0974000000
1.2000000000	-0.0974000000
1.2000000000	-0.0974000000
1.2000000000	-0.0974000000
1.2000000000	-0.0974000000
1.2000000000	-0.0974000000
1.2000000000	-0.0974000000
1.2000000000	-0.0974000000
1.2000000000	-0.0974000000
1.2000000000	-0.0974000000
1.2000000000	-0.0974000000
1.2000000000	-0.0974000000
1.2000000000	-0.0974000000
1.2000000000	-0.0974000000
1.2000000000	-0.0971000000
1.2000000000	-0.0968000000
1.2000000000	-0.0963000000
1.2000000000	-0.0956000000
1.2000000000	-0.0954000000
1.2000000000	-0.0949000000
1.1000000000	-0.0945000000
1.1000000000	-0.0941000000
1.1000000000	-0.0937000000
1.1000000000	-0.0934000000
1.1000000000	-0.0933000000
1.1000000000	-0.0931000000
1.1000000000	-0.0928000000
1.1000000000	-0.0927000000
1.1000000000	-0.0925000000
1.1000000000	-0.0924000000
1.1000000000	-0.0923000000
1.1000000000	-0.0921000000
1.1000000000	-0.0919000000
1.1000000000	-0.0917000000
1.0000000000	-0.0916000000
1.0000000000	-0.0914000000
1.0000000000	-0.0912000000
1.0000000000	-0.0911000000
1.0000000000	-0.0909000000
1.0000000000	-0.0908000000
1.0000000000	-0.0907000000
1.0000000000	-0.0906000000
1.0000000000	-0.0904000000
1.0000000000	-0.0904000000
1.0000000000	-0.0903000000
1.0000000000	-0.0900000000
1.0000000000	-0.0897000000
1.0000000000	-0.0896000000
1.0000000000	-0.0895000000
1.0000000000	-0.0893000000
0.9000000000	-0.0890000000
0.9000000000	-0.0889000000
0.9000000000	-0.0886000000
0.9000000000	-0.0884000000
0.9000000000	-0.0882000000
0.9000000000	-0.0879000000
0.9000000000	-0.0878000000
0.9000000000	-0.0876000000
0.9000000000	-0.0874000000
0.9000000000	-0.0873000000
0.9000000000	-0.0871000000
0.9000000000	-0.0870000000
0.9000000000	-0.0867000000
0.9000000000	-0.0866000000
0.9000000000	-0.0864000000
0.9000000000	-0.0864000000
0.9000000000	-0.0864000000
0.9000000000	-0.0864000000
0.9000000000	-0.0864000000
0.9000000000	-0.0864000000
0.9000000000	-0.0864000000
0.9000000000	-0.0864000000
0.9000000000	-0.0864000000
0.9000000000	-0.0864000000
0.9000000000	-0.0864000000
0.9000000000	-0.0864000000
0.9000000000	-0.0864000000
0.9000000000	-0.0864000000
0.9000000000	-0.0864000000
0.9000000000	-0.0864000000
0.9000000000	-0.0864000000
0.9000000000	-0.0864000000
0.9000000000	-0.0864000000
0.9000000000	-0.0864000000
0.9000000000	-0.0864000000
0.9000000000	-0.0864000000
0.8000000000	-0.0861000000
0.8000000000	-0.0860000000
0.8000000000	-0.0856000000
0.8000000000	-0.0852000000
0.8000000000	-0.0846000000
0.8000000000	-0.0841000000
0.8000000000	-0.0836000000
0.7000000000	-0.0831000000
0.7000000000	-0.0827000000
0.7000000000	-0.0825000000
0.7000000000	-0.0824000000
0.7000000000	-0.0823000000
0.7000000000	-0.0823000000
0.7000000000	-0.0823000000
0.7000000000	-0.0823000000
0.7000000000	-0.0822000000
0.7000000000	-0.0820000000
0.6000000000	-0.0818000000
0.6000000000	-0.0814000000
0.6000000000	-0.0812000000
0.6000000000	-0.0811000000
0.6000000000	-0.0809000000
0.6000000000	-0.0808000000
0.6000000000	-0.0805000000
0.6000000000	-0.0802000000
0.5000000000	-0.0800000000
0.5000000000	-0.0800000000
0.5000000000	-0.0798000000
0.5000000000	-0.0796000000
0.5000000000	-0.0795000000
0.5000000000	-0.0792000000
0.4000000000	-0.0790000000
0.4000000000	-0.0789000000
0.4000000000	-0.0786000000
0.4000000000	-0.0784000000
0.4000000000	-0.0783000000
0.4000000000	-0.0782000000
0.4000000000	-0.0780000000
0.4000000000	-0.0778000000
0.4000000000	-0.0777000000
0.4000000000	-0.0776000000
0.4000000000	-0.0776000000
0.4000000000	-0.0776000000
0.3000000000	-0.0777000000
0.3000000000	-0.0777000000
0.3000000000	-0.0777000000
0.3000000000	-0.0777000000
0.3000000000	-0.0777000000
0.3000000000	-0.0777000000
0.3000000000	-0.0777000000
0.3000000000	-0.0777000000
0.3000000000	-0.0777000000
0.3000000000	-0.0777000000
0.3000000000	-0.0777000000
0.3000000000	-0.0777000000
0.3000000000	-0.0777000000
0.3000000000	-0.0777000000
0.3000000000	-0.0777000000
0.3000000000	-0.0777000000
0.3000000000	-0.0777000000
0.3000000000	-0.0777000000
0.3000000000	-0.0776000000
0.3000000000	-0.0773000000
0.3000000000	-0.0771000000
0.3000000000	-0.0769000000
0.3000000000	-0.0765000000
0.3000000000	-0.0762000000
0.3000000000	-0.0757000000
0.2000000000	-0.0753000000
0.2000000000	-0.0749000000
0.2000000000	-0.0746000000
0.2000000000	-0.0744000000
0.2000000000	-0.0742000000
0.2000000000	-0.0739000000
0.2000000000	-0.0737000000
0.2000000000	-0.0735000000
0.2000000000	-0.0733000000
0.2000000000	-0.0732000000
0.2000000000	-0.0729000000
0.2000000000	-0.0727000000
0.2000000000	-0.0726000000
0.2000000000	-0.0724000000
0.2000000000	-0.0723000000
0.2000000000	-0.0722000000
0.2000000000	-0.0721000000
0.2000000000	-0.0719000000
0.2000000000	-0.0717000000
0.2000000000	-0.0713000000
0.2000000000	-0.0710000000
0.2000000000	-0.0707000000
0.2000000000	-0.0705000000
0.2000000000	-0.0703000000
0.2000000000	-0.0700000000
0.2000000000	-0.0697000000
0.1000000000	-0.0695000000
0.1000000000	-0.0693000000
0.1000000000	-0.0690000000
0.1000000000	-0.0688000000
0.1000000000	-0.0686000000
0.1000000000	-0.0686000000
0.1000000000	-0.0686000000
0.1000000000	-0.0686000000
0.1000000000	-0.0686000000
0.1000000000	-0.0686000000
0.1000000000	-0.0686000000
0.1000000000	-0.0686000000
0.1000000000	-0.0686000000
0.1000000000	-0.0686000000
0.1000000000	-0.0686000000
0.1000000000	-0.0686000000
0.1000000000	-0.0686000000
0.1000000000	-0.0686000000
0.1000000000	-0.0686000000
0.1000000000	-0.0686000000
0.1000000000	-0.0686000000
0.1000000000	-0.0686000000
0.1000000000	-0.0686000000
0.1000000000	-0.0686000000
0.1000000000	-0.0686000000
0.1000000000	-0.0686000000
0.1000000000	-0.0686000000
0.1000000000	-0.0685000000
0.1000000000	-0.0680000000
0.1000000000	-0.0676000000
0.1000000000	-0.0672000000
0.1000000000	-0.0667000000
0.1000000000	-0.0662000000
0.1000000000	-0.0657000000
0.1000000000	-0.0653000000
0.1000000000	-0.0649000000
0.1000000000	-0.0644000000
0.1000000000	-0.0641000000
0.1000000000	-0.0638000000
0.1000000000	-0.0634000000
0.1000000000	-0.0630000000
0.1000000000	-0.0627000000
0.1000000000	-0.0623000000
0.1000000000	-0.0619000000
0.1000000000	-0.0616000000
0.1000000000	-0.0614000000
0.1000000000	-0.0611000000
0.1000000000	-0.0609000000
0.1000000000	-0.0608000000
0.1000000000	-0.0609000000
0.1000000000	-0.0609000000
0.1000000000	-0.0609000000
0.1000000000	-0.0609000000
0.1000000000	-0.0609000000
0.1000000000	-0.0609000000
0.1000000000	-0.0609000000
0.1000000000	-0.0609000000
0.1000000000	-0.0609000000
0.1000000000	-0.0609000000
0.1000000000	-0.0609000000
0.1000000000	-0.0608000000
0.1000000000	-0.0608000000
0.1000000000	-0.0603000000
0.1000000000	-0.0597000000
0.1000000000	-0.0590000000
0.1000000000	-0.0584000000
0.1000000000	-0.0577000000
0.1000000000	-0.0571000000
0.1000000000	-0.0563000000
0.1000000000	-0.0558000000
0.1000000000	-0.0555000000
0.1000000000	-0.0552000000
0.1000000000	-0.0551000000
0.1000000000	-0.0546000000
0.1000000000	-0.0543000000
0.2000000000	-0.0539000000
0.2000000000	-0.0537000000
0.2000000000	-0.0535000000
0.2000000000	-0.0534000000
0.2000000000	-0.0533000000
0.2000000000	-0.0533000000
0.2000000000	-0.0533000000
0.2000000000	-0.0533000000
0.2000000000	-0.0534000000
0.2000000000	-0.0534000000
0.2000000000	-0.0534000000
0.2000000000	-0.0534000000
0.2000000000	-0.0534000000
0.2000000000	-0.0534000000
0.2000000000	-0.0534000000
0.2000000000	-0.0533000000
0.2000000000	-0.0533000000
0.2000000000	-0.0533000000
0.2000000000	-0.0533000000
0.2000000000	-0.0533000000
0.2000000000	-0.0533000000
0.2000000000	-0.0533000000
0.2000000000	-0.0529000000
0.2000000000	-0.0526000000
0.2000000000	-0.0522000000
0.1000000000	-0.0517000000
0.1000000000	-0.0510000000
0.1000000000	-0.0506000000
0.1000000000	-0.0500000000
0.1000000000	-0.0496000000
0.1000000000	-0.0492000000
0.1000000000	-0.0489000000
0.1000000000	-0.0485000000
0.1000000000	-0.0483000000
0.1000000000	-0.0480000000
0.1000000000	-0.0478000000
0.1000000000	-0.0476000000
0.1000000000	-0.0476000000
0.2000000000	-0.0477000000
0.1000000000	-0.0477000000
0.1000000000	-0.0477000000
0.1000000000	-0.0477000000
0.1000000000	-0.0477000000
0.1000000000	-0.0477000000
0.1000000000	-0.0477000000
0.1000000000	-0.0477000000
0.1000000000	-0.0477000000
0.1000000000	-0.0477000000
0.1000000000	-0.0477000000
0.1000000000	-0.0477000000
0.1000000000	-0.0477000000
0.1000000000	-0.0474000000
0.2000000000	-0.0470000000
0.1000000000	-0.0466000000
0.1000000000	-0.0460000000
0.1000000000	-0.0455000000
0.1000000000	-0.0450000000
0.1000000000	-0.0446000000
0.1000000000	-0.0442000000
0.1000000000	-0.0438000000
0.1000000000	-0.0435000000
0.1000000000	-0.0430000000
0.1000000000	-0.0429000000
0.1000000000	-0.0425000000
0.1000000000	-0.0421000000
0.1000000000	-0.0418000000
0.1000000000	-0.0415000000
0.1000000000	-0.0412000000
0.1000000000	-0.0409000000
0.1000000000	-0.0409000000
0.1000000000	-0.0408000000
0.1000000000	-0.0408000000
0.1000000000	-0.0408000000
0.1000000000	-0.0408000000
0.1000000000	-0.0408000000
0.1000000000	-0.0408000000
0.1000000000	-0.0408000000
0.1000000000	-0.0408000000
0.1000000000	-0.0408000000
0.1000000000	-0.0408000000
0.1000000000	-0.0408000000
0.1000000000	-0.0408000000
0.1000000000	-0.0408000000
0.1000000000	-0.0408000000
0.1000000000	-0.0405000000
0.1000000000	-0.0399000000
0.1000000000	-0.0395000000
0.1000000000	-0.0390000000
0.1000000000	-0.0386000000
0.1000000000	-0.0381000000
0.1000000000	-0.0379000000
0.1000000000	-0.0376000000
0.1000000000	-0.0371000000
0.1000000000	-0.0367000000
0.1000000000	-0.0365000000
0.1000000000	-0.0362000000
0.1000000000	-0.0356000000
0.1000000000	-0.0352000000
0.1000000000	-0.0350000000
0.1000000000	-0.0348000000
0.1000000000	-0.0346000000
0.1000000000	-0.0345000000
0.1000000000	-0.0343000000
0.1000000000	-0.0343000000
0.1000000000	-0.0344000000
0.1000000000	-0.0345000000
0.1000000000	-0.0345000000
0.1000000000	-0.0345000000
0.1000000000	-0.0345000000
0.1000000000	-0.0345000000
0.1000000000	-0.0345000000
0.1000000000	-0.0344000000
0.1000000000	-0.0344000000
0.1000000000	-0.0344000000
0.1000000000	-0.0343000000
0.1000000000	-0.0339000000
0.1000000000	-0.0334000000
0.1000000000	-0.0328000000
0.1000000000	-0.0323000000
0.1000000000	-0.0318000000
0.1000000000	-0.0313000000
0.1000000000	-0.0307000000
0.1000000000	-0.0301000000
0.1000000000	-0.0293000000
0.1000000000	-0.0288000000
0.1000000000	-0.0287000000
0.1000000000	-0.0284000000
0.1000000000	-0.0282000000
0.1000000000	-0.0281000000
0.1000000000	-0.0277000000
0.1000000000	-0.0273000000
0.1000000000	-0.0273000000
0.1000000000	-0.0273000000
0.1000000000	-0.0274000000
0.1000000000	-0.0274000000
0.1000000000	-0.0274000000
0.1000000000	-0.0274000000
0.1000000000	-0.0274000000
0.1000000000	-0.0274000000
0.1000000000	-0.0274000000
0.1000000000	-0.0274000000
0.1000000000	-0.0274000000
0.1000000000	-0.0270000000
0.1000000000	-0.0265000000
0.1000000000	-0.0259000000
0.1000000000	-0.0254000000
0.1000000000	-0.0251000000
0.1000000000	-0.0245000000
0.1000000000	-0.0237000000
0.1000000000	-0.0232000000
0.1000000000	-0.0226000000
0.1000000000	-0.0221000000
0.1000000000	-0.0218000000
0.1000000000	-0.0215000000
0.1000000000	-0.0207000000
0.1000000000	-0.0203000000
0.1000000000	-0.0199000000
0.1000000000	-0.0197000000
0.1000000000	-0.0197000000
0.1000000000	-0.0196000000
0.1000000000	-0.0196000000
0.1000000000	-0.0196000000
0.1000000000	-0.0196000000
0.1000000000	-0.0196000000
0.1000000000	-0.0196000000
0.1000000000	-0.0196000000
0.1000000000	-0.0196000000
0.1000000000	-0.0196000000
0.1000000000	-0.0196000000
0.1000000000	-0.0196000000
0.1000000000	-0.0196000000
0.1000000000	-0.0196000000
0.1000000000	-0.0196000000
0.1000000000	-0.0196000000
0.1000000000	-0.0194000000
0.1000000000	-0.0189000000
0.1000000000	-0.0183000000
0.1000000000	-0.0179000000
0.1000000000	-0.0174000000
0.1000000000	-0.0166000000
0.1000000000	-0.0162000000
0.1000000000	-0.0157000000
0.1000000000	-0.0146000000
0.1000000000	-0.0139000000
0.1000000000	-0.0132000000
0.1000000000	-0.0127000000
0.1000000000	-0.0126000000
0.1000000000	-0.0122000000
0.1000000000	-0.0120000000
0.1000000000	-0.0118000000
0.1000000000	-0.0117000000
0.1000000000	-0.0117000000
0.1000000000	-0.0117000000
0.1000000000	-0.0117000000
0.1000000000	-0.0117000000
0.1000000000	-0.0117000000
0.1000000000	-0.0117000000
0.1000000000	-0.0117000000
0.1000000000	-0.0117000000
0.1000000000	-0.0117000000
0.1000000000	-0.0117000000
0.1000000000	-0.0117000000
0.1000000000	-0.0114000000
0.1000000000	-0.0103000000
0.1000000000	-0.0097000000
0.1000000000	-0.0091000000
0.1000000000	-0.0083000000
0.1000000000	-0.0078000000
0.1000000000	-0.0071000000
0.1000000000	-0.0066000000
0.1000000000	-0.0059000000
0.1000000000	-0.0053000000
0.1000000000	-0.0050000000
0.1000000000	-0.0044000000
0.1000000000	-0.0042000000
0.1000000000	-0.0041000000
0.1000000000	-0.0041000000
0.1000000000	-0.0042000000
0.1000000000	-0.0042000000
0.1000000000	-0.0042000000
0.1000000000	-0.0042000000
0.1000000000	-0.0042000000
0.1000000000	-0.0042000000
0.1000000000	-0.0042000000
0.1000000000	-0.0042000000
0.1000000000	-0.0042000000
0.1000000000	-0.0042000000
0.1000000000	-0.0042000000
0.1000000000	-0.0042000000
0.1000000000	-0.0041000000
0.1000000000	-0.0037000000
0.1000000000	-0.0030000000
0.1000000000	-0.0023000000
0.1000000000	-0.0017000000
0.1000000000	-0.0007100000
0.1000000000	-0.0001380000
0.1000000000	0.0000395000
0.1000000000	0.0000395000
0.1000000000	0.0000592000
0.1000000000	0.0000789000
0.1000000000	0.0000789000
0.1000000000	0.0000789000
0.1000000000	0.0000789000
0.1000000000	0.0000789000
0.1000000000	0.0000789000
0.1000000000	0.0000592000
0.1000000000	0.0000197000
0.1000000000	0.0000197000
0.1000000000	0.0000197000
0.1000000000	0.0000197000
0.1000000000	0.0000197000
0.1000000000	0.0000197000
0.1000000000	0.0000197000
0.1000000000	0.0000197000
0.1000000000	0.0000197000
0.1000000000	0.0000197000
0.1000000000	0.0000197000
0.1000000000	0.0000197000
0.1000000000	0.0000197000
0.1000000000	0.0000197000
0.1000000000	0.0000197000
0.1000000000	0.0000197000
0.1000000000	0.0000197000
0.1000000000	0.0000197000
0.1000000000	0.0000197000
0.1000000000	0.0000197000
0.1000000000	0.0000197000
0.1000000000	0.0000197000
0.1000000000	0.0000197000
0.1000000000	0.0000197000
0.1000000000	0.0000197000
0.1000000000	0.0000197000
0.1000000000	0.0000197000
0.1000000000	0.0000197000
0.1000000000	0.0000197000
0.1000000000	0.0000197000
0.1000000000	0.0000197000
0.1000000000	0.0000197000
0.1000000000	0.0000197000
0.1000000000	0.0000197000
0.1000000000	0.0000197000
0.1000000000	0.0000197000
0.1000000000	0.0000197000
0.1000000000	0.0000197000
0.1000000000	0.0000197000
0.1000000000	0.0000197000
0.1000000000	0.0000197000
0.1000000000	0.0000197000
0.1000000000	0.0000197000
0.1000000000	0.0000197000
0.1000000000	0.0000197000
0.1000000000	0.0000197000
0.1000000000	0.0000197000
0.1000000000	0.0000197000
0.1000000000	0.0000197000
0.1000000000	0.0000197000
0.1000000000	0.0000197000
0.1000000000	0.0000197000
0.1000000000	0.0000197000
0.1000000000	0.0000197000
0.1000000000	0.0000197000
0.1000000000	0.0000197000
0.1000000000	0.0000197000
0.1000000000	0.0000197000
0.1000000000	0.0000197000
0.1000000000	0.0000197000
0.1000000000	0.0000197000
0.1000000000	0.0000197000
0.1000000000	0.0000197000
0.1000000000	0.0000197000
0.1000000000	0.0000197000
0.1000000000	0.0000197000
0.1000000000	0.0000197000
0.1000000000	0.0000197000
0.1000000000	0.0000197000
0.1000000000	0.0000197000
0.1000000000	0.0000197000
0.1000000000	0.0000197000
0.1000000000	0.0000197000
0.1000000000	0.0000197000
0.1000000000	0.0000197000
0.1000000000	0.0000197000
0.1000000000	0.0000197000
0.1000000000	0.0000197000
0.1000000000	0.0000197000
0.1000000000	0.0000197000
0.1000000000	0.0000197000
0.1000000000	0.0000197000
0.1000000000	0.0000197000
0.1000000000	0.0000197000
0.1000000000	0.0000197000
0.1000000000	0.0000197000
0.1000000000	0.0000197000
0.1000000000	0.0000197000
0.1000000000	0.0000197000
0.1000000000	0.0000197000
0.1000000000	0.0000197000
0.1000000000	0.0000197000
0.1000000000	0.0000197000
0.1000000000	0.0000197000
