Time (s) rumore_abientale_1.5_candela	Light Intensity (% of scale max) rumore_abientale_1.5_candela
0.0000000000	1.3000000000
0.0400000000	1.3000000000
0.0800000000	1.3000000000
0.1200000000	1.3000000000
0.1600000000	1.3000000000
0.2000000000	1.3000000000
0.2400000000	1.3000000000
0.2800000000	1.3000000000
0.3200000000	1.3000000000
0.3600000000	1.3000000000
0.4000000000	1.3000000000
0.4400000000	1.3000000000
0.4800000000	1.2000000000
0.5200000000	1.3000000000
0.5600000000	1.3000000000
0.6000000000	1.3000000000
0.6400000000	1.3000000000
0.6800000000	1.3000000000
0.7200000000	1.3000000000
0.7600000000	1.3000000000
0.8000000000	1.2000000000
0.8400000000	1.3000000000
0.8800000000	1.3000000000
0.9200000000	1.3000000000
0.9600000000	1.3000000000
1.0000000000	1.3000000000
1.0400000000	1.3000000000
1.0800000000	1.3000000000
1.1200000000	1.3000000000
1.1600000000	1.3000000000
1.2000000000	1.3000000000
1.2400000000	1.3000000000
1.2800000000	1.3000000000
1.3200000000	1.3000000000
1.3600000000	1.3000000000
1.4000000000	1.3000000000
1.4400000000	1.3000000000
1.4800000000	1.3000000000
1.5200000000	1.3000000000
1.5600000000	1.3000000000
1.6000000000	1.3000000000
1.6400000000	1.3000000000
1.6800000000	1.3000000000
1.7200000000	1.3000000000
1.7600000000	1.3000000000
1.8000000000	1.3000000000
1.8400000000	1.3000000000
1.8800000000	1.3000000000
1.9200000000	1.3000000000
1.9600000000	1.3000000000
2.0000000000	1.3000000000
2.0400000000	1.3000000000
2.0800000000	1.2000000000
2.1200000000	1.3000000000
2.1600000000	1.3000000000
2.2000000000	1.3000000000
2.2400000000	1.3000000000
2.2800000000	1.3000000000
2.3200000000	1.3000000000
2.3600000000	1.3000000000
2.4000000000	1.2000000000
2.4400000000	1.2000000000
2.4800000000	1.3000000000
2.5200000000	1.3000000000
2.5600000000	1.3000000000
2.6000000000	1.3000000000
2.6400000000	1.3000000000
2.6800000000	1.3000000000
2.7200000000	1.2000000000
2.7600000000	1.2000000000
2.8000000000	1.2000000000
2.8400000000	1.3000000000
2.8800000000	1.3000000000
2.9200000000	1.3000000000
2.9600000000	1.3000000000
3.0000000000	1.2000000000
3.0400000000	1.2000000000
3.0800000000	1.2000000000
3.1200000000	1.2000000000
3.1600000000	1.2000000000
3.2000000000	1.2000000000
3.2400000000	1.2000000000
3.2800000000	1.2000000000
3.3200000000	1.2000000000
3.3600000000	1.2000000000
3.4000000000	1.1000000000
3.4400000000	1.1000000000
3.4800000000	1.2000000000
3.5200000000	1.2000000000
3.5600000000	1.2000000000
3.6000000000	1.2000000000
3.6400000000	1.2000000000
3.6800000000	1.2000000000
3.7200000000	1.2000000000
3.7600000000	1.2000000000
3.8000000000	1.2000000000
3.8400000000	1.2000000000
3.8800000000	1.2000000000
3.9200000000	1.3000000000
3.9600000000	1.3000000000
4.0000000000	1.2000000000
4.0400000000	1.2000000000
4.0800000000	1.2000000000
4.1200000000	1.2000000000
4.1600000000	1.2000000000
4.2000000000	1.2000000000
4.2400000000	1.3000000000
4.2800000000	1.3000000000
4.3200000000	1.2000000000
4.3600000000	1.2000000000
4.4000000000	1.2000000000
4.4400000000	1.2000000000
4.4800000000	1.2000000000
4.5200000000	1.2000000000
4.5600000000	1.2000000000
4.6000000000	1.3000000000
4.6400000000	1.3000000000
4.6800000000	1.2000000000
4.7200000000	1.2000000000
4.7600000000	1.2000000000
4.8000000000	1.2000000000
4.8400000000	1.2000000000
4.8800000000	1.2000000000
4.9200000000	1.3000000000
4.9600000000	1.3000000000
5.0000000000	1.2000000000
5.0400000000	1.2000000000
5.0800000000	1.2000000000
5.1200000000	1.2000000000
5.1600000000	1.2000000000
5.2000000000	1.2000000000
5.2400000000	1.3000000000
5.2800000000	1.3000000000
5.3200000000	1.2000000000
5.3600000000	1.2000000000
5.4000000000	1.2000000000
5.4400000000	1.2000000000
5.4800000000	1.2000000000
5.5200000000	1.2000000000
5.5600000000	1.3000000000
5.6000000000	1.3000000000
5.6400000000	1.3000000000
5.6800000000	1.2000000000
5.7200000000	1.2000000000
5.7600000000	1.2000000000
5.8000000000	1.2000000000
5.8400000000	1.2000000000
5.8800000000	1.2000000000
5.9200000000	1.3000000000
5.9600000000	1.3000000000
6.0000000000	1.2000000000
6.0400000000	1.2000000000
6.0800000000	1.2000000000
6.1200000000	1.2000000000
6.1600000000	1.2000000000
6.2000000000	1.2000000000
6.2400000000	1.2000000000
6.2800000000	1.2000000000
6.3200000000	1.2000000000
6.3600000000	1.2000000000
6.4000000000	1.2000000000
6.4400000000	1.2000000000
6.4800000000	1.2000000000
6.5200000000	1.2000000000
6.5600000000	1.2000000000
6.6000000000	1.2000000000
6.6400000000	1.2000000000
6.6800000000	1.2000000000
6.7200000000	1.2000000000
6.7600000000	1.1000000000
6.8000000000	1.2000000000
6.8400000000	1.2000000000
6.8800000000	1.2000000000
6.9200000000	1.2000000000
6.9600000000	1.2000000000
7.0000000000	1.2000000000
7.0400000000	1.2000000000
7.0800000000	1.1000000000
7.1200000000	1.2000000000
7.1600000000	1.2000000000
7.2000000000	1.2000000000
7.2400000000	1.2000000000
7.2800000000	1.2000000000
7.3200000000	1.2000000000
7.3600000000	1.2000000000
7.4000000000	1.2000000000
7.4400000000	1.2000000000
7.4800000000	1.2000000000
7.5200000000	1.2000000000
7.5600000000	1.2000000000
7.6000000000	1.2000000000
7.6400000000	1.2000000000
7.6800000000	1.2000000000
7.7200000000	1.2000000000
7.7600000000	1.2000000000
7.8000000000	1.2000000000
7.8400000000	1.2000000000
7.8800000000	1.2000000000
7.9200000000	1.2000000000
7.9600000000	1.2000000000
8.0000000000	1.2000000000
8.0400000000	1.2000000000
8.0800000000	1.1000000000
8.1200000000	1.2000000000
8.1600000000	1.2000000000
8.2000000000	1.2000000000
8.2400000000	1.2000000000
8.2800000000	1.2000000000
8.3200000000	1.2000000000
8.3600000000	1.2000000000
8.4000000000	1.2000000000
8.4400000000	1.1000000000
8.4800000000	1.2000000000
8.5200000000	1.2000000000
8.5600000000	1.2000000000
8.6000000000	1.2000000000
8.6400000000	1.2000000000
8.6800000000	1.2000000000
8.7200000000	1.2000000000
8.7600000000	1.1000000000
8.8000000000	1.1000000000
8.8400000000	1.2000000000
8.8800000000	1.2000000000
8.9200000000	1.2000000000
8.9600000000	1.2000000000
9.0000000000	1.2000000000
9.0400000000	1.2000000000
9.0800000000	1.2000000000
9.1200000000	1.1000000000
9.1600000000	1.2000000000
9.2000000000	1.2000000000
9.2400000000	1.2000000000
9.2800000000	1.2000000000
9.3200000000	1.2000000000
9.3600000000	1.2000000000
9.4000000000	1.2000000000
9.4400000000	1.2000000000
9.4800000000	1.2000000000
9.5200000000	1.2000000000
9.5600000000	1.2000000000
9.6000000000	1.2000000000
9.6400000000	1.2000000000
9.6800000000	1.2000000000
9.7200000000	1.2000000000
9.7600000000	1.2000000000
9.8000000000	1.2000000000
9.8400000000	1.2000000000
9.8800000000	1.2000000000
9.9200000000	1.2000000000
9.9600000000	1.2000000000
10.0000000000	1.2000000000
10.0400000000	1.2000000000
10.0800000000	1.2000000000
10.1200000000	1.2000000000
10.1600000000	1.2000000000
10.2000000000	1.2000000000
10.2400000000	1.2000000000
10.2800000000	1.2000000000
10.3200000000	1.2000000000
10.3600000000	1.2000000000
10.4000000000	1.2000000000
10.4400000000	1.2000000000
10.4800000000	1.2000000000
10.5200000000	1.2000000000
10.5600000000	1.2000000000
10.6000000000	1.2000000000
10.6400000000	1.2000000000
10.6800000000	1.2000000000
10.7200000000	1.2000000000
10.7600000000	1.2000000000
10.8000000000	1.2000000000
10.8400000000	1.2000000000
10.8800000000	1.2000000000
10.9200000000	1.2000000000
10.9600000000	1.2000000000
11.0000000000	1.2000000000
11.0400000000	1.2000000000
11.0800000000	1.2000000000
11.1200000000	1.2000000000
11.1600000000	1.2000000000
11.2000000000	1.2000000000
11.2400000000	1.2000000000
11.2800000000	1.2000000000
11.3200000000	1.2000000000
11.3600000000	1.2000000000
11.4000000000	1.2000000000
11.4400000000	1.2000000000
11.4800000000	1.1000000000
11.5200000000	1.2000000000
11.5600000000	1.2000000000
11.6000000000	1.2000000000
11.6400000000	1.2000000000
11.6800000000	1.2000000000
11.7200000000	1.2000000000
11.7600000000	1.2000000000
11.8000000000	1.2000000000
11.8400000000	1.1000000000
11.8800000000	1.2000000000
11.9200000000	1.2000000000
11.9600000000	1.2000000000
12.0000000000	1.2000000000
12.0400000000	1.2000000000
12.0800000000	1.2000000000
12.1200000000	1.2000000000
12.1600000000	1.1000000000
12.2000000000	1.2000000000
12.2400000000	1.2000000000
12.2800000000	1.2000000000
12.3200000000	1.2000000000
12.3600000000	1.2000000000
12.4000000000	1.2000000000
12.4400000000	1.2000000000
12.4800000000	1.2000000000
12.5200000000	1.2000000000
12.5600000000	1.2000000000
12.6000000000	1.2000000000
12.6400000000	1.2000000000
12.6800000000	1.3000000000
12.7200000000	1.3000000000
12.7600000000	1.2000000000
12.8000000000	1.2000000000
12.8400000000	1.2000000000
12.8800000000	1.2000000000
12.9200000000	1.2000000000
12.9600000000	1.2000000000
13.0000000000	1.3000000000
13.0400000000	1.3000000000
13.0800000000	1.3000000000
13.1200000000	1.3000000000
13.1600000000	1.2000000000
13.2000000000	1.2000000000
13.2400000000	1.2000000000
13.2800000000	1.2000000000
13.3200000000	1.3000000000
13.3600000000	1.3000000000
13.4000000000	1.3000000000
13.4400000000	1.3000000000
13.4800000000	1.2000000000
13.5200000000	1.2000000000
13.5600000000	1.2000000000
13.6000000000	1.3000000000
13.6400000000	1.3000000000
13.6800000000	1.3000000000
13.7200000000	1.3000000000
13.7600000000	1.3000000000
13.8000000000	1.2000000000
13.8400000000	1.2000000000
13.8800000000	1.2000000000
13.9200000000	1.3000000000
13.9600000000	1.3000000000
14.0000000000	1.3000000000
14.0400000000	1.3000000000
14.0800000000	1.3000000000
14.1200000000	1.3000000000
14.1600000000	1.3000000000
14.2000000000	1.3000000000
14.2400000000	1.3000000000
14.2800000000	1.3000000000
14.3200000000	1.3000000000
14.3600000000	1.3000000000
14.4000000000	1.3000000000
14.4400000000	1.3000000000
14.4800000000	1.3000000000
14.5200000000	1.3000000000
14.5600000000	1.3000000000
14.6000000000	1.3000000000
14.6400000000	1.3000000000
14.6800000000	1.3000000000
14.7200000000	1.3000000000
14.7600000000	1.3000000000
14.8000000000	1.2000000000
14.8400000000	1.2000000000
14.8800000000	1.3000000000
14.9200000000	1.3000000000
14.9600000000	1.3000000000
15.0000000000	1.3000000000
15.0400000000	1.3000000000
15.0800000000	1.3000000000
15.1200000000	1.2000000000
15.1600000000	1.2000000000
15.2000000000	1.2000000000
15.2400000000	1.3000000000
15.2800000000	1.3000000000
15.3200000000	1.3000000000
15.3600000000	1.3000000000
15.4000000000	1.3000000000
15.4400000000	1.2000000000
15.4800000000	1.2000000000
15.5200000000	1.2000000000
15.5600000000	1.2000000000
15.6000000000	1.3000000000
15.6400000000	1.3000000000
15.6800000000	1.3000000000
15.7200000000	1.3000000000
15.7600000000	1.2000000000
15.8000000000	1.2000000000
15.8400000000	1.2000000000
15.8800000000	1.3000000000
15.9200000000	1.3000000000
15.9600000000	1.3000000000
16.0000000000	1.3000000000
16.0400000000	1.3000000000
16.0800000000	1.3000000000
16.1200000000	1.2000000000
16.1600000000	1.2000000000
16.2000000000	1.3000000000
16.2400000000	1.3000000000
16.2800000000	1.3000000000
16.3200000000	1.3000000000
16.3600000000	1.3000000000
16.4000000000	1.3000000000
16.4400000000	1.3000000000
16.4800000000	1.3000000000
16.5200000000	1.3000000000
16.5600000000	1.3000000000
16.6000000000	1.3000000000
16.6400000000	1.3000000000
16.6800000000	1.3000000000
16.7200000000	1.3000000000
16.7600000000	1.3000000000
16.8000000000	1.3000000000
16.8400000000	1.3000000000
16.8800000000	1.3000000000
16.9200000000	1.3000000000
16.9600000000	1.4000000000
17.0000000000	1.3000000000
17.0400000000	1.3000000000
17.0800000000	1.3000000000
17.1200000000	1.3000000000
17.1600000000	1.3000000000
17.2000000000	1.3000000000
17.2400000000	1.4000000000
17.2800000000	1.4000000000
17.3200000000	1.4000000000
17.3600000000	1.3000000000
17.4000000000	1.3000000000
17.4400000000	1.3000000000
17.4800000000	1.3000000000
17.5200000000	1.3000000000
17.5600000000	1.4000000000
17.6000000000	1.4000000000
17.6400000000	1.4000000000
17.6800000000	1.3000000000
17.7200000000	1.3000000000
17.7600000000	1.3000000000
17.8000000000	1.3000000000
17.8400000000	1.3000000000
17.8800000000	1.3000000000
17.9200000000	1.4000000000
17.9600000000	1.4000000000
18.0000000000	1.3000000000
18.0400000000	1.3000000000
18.0800000000	1.3000000000
18.1200000000	1.3000000000
18.1600000000	1.3000000000
18.2000000000	1.3000000000
18.2400000000	1.4000000000
18.2800000000	1.3000000000
18.3200000000	1.3000000000
18.3600000000	1.3000000000
18.4000000000	1.3000000000
18.4400000000	1.3000000000
18.4800000000	1.3000000000
18.5200000000	1.3000000000
18.5600000000	1.4000000000
18.6000000000	1.4000000000
18.6400000000	1.3000000000
18.6800000000	1.3000000000
18.7200000000	1.3000000000
18.7600000000	1.3000000000
18.8000000000	1.3000000000
18.8400000000	1.3000000000
18.8800000000	1.3000000000
18.9200000000	1.3000000000
18.9600000000	1.3000000000
19.0000000000	1.3000000000
19.0400000000	1.3000000000
19.0800000000	1.3000000000
19.1200000000	1.3000000000
19.1600000000	1.3000000000
19.2000000000	1.3000000000
19.2400000000	1.3000000000
19.2800000000	1.3000000000
19.3200000000	1.3000000000
19.3600000000	1.3000000000
19.4000000000	1.3000000000
19.4400000000	1.3000000000
19.4800000000	1.3000000000
19.5200000000	1.3000000000
19.5600000000	1.4000000000
19.6000000000	1.3000000000
19.6400000000	1.3000000000
19.6800000000	1.3000000000
19.7200000000	1.3000000000
19.7600000000	1.3000000000
19.8000000000	1.3000000000
19.8400000000	1.3000000000
19.8800000000	1.4000000000
19.9200000000	1.3000000000
19.9600000000	1.3000000000
20.0000000000	1.3000000000
20.0400000000	1.3000000000
20.0800000000	1.3000000000
20.1200000000	1.3000000000
20.1600000000	1.3000000000
20.2000000000	1.4000000000
20.2400000000	1.4000000000
20.2800000000	1.3000000000
20.3200000000	1.3000000000
20.3600000000	1.3000000000
20.4000000000	1.3000000000
20.4400000000	1.3000000000
20.4800000000	1.3000000000
20.5200000000	1.4000000000
20.5600000000	1.3000000000
20.6000000000	1.3000000000
20.6400000000	1.3000000000
20.6800000000	1.3000000000
20.7200000000	1.3000000000
20.7600000000	1.3000000000
20.8000000000	1.3000000000
20.8400000000	1.4000000000
20.8800000000	1.3000000000
20.9200000000	1.3000000000
20.9600000000	1.3000000000
21.0000000000	1.3000000000
21.0400000000	1.3000000000
21.0800000000	1.3000000000
21.1200000000	1.3000000000
21.1600000000	1.4000000000
21.2000000000	1.3000000000
21.2400000000	1.3000000000
21.2800000000	1.3000000000
21.3200000000	1.3000000000
21.3600000000	1.3000000000
21.4000000000	1.3000000000
21.4400000000	1.3000000000
21.4800000000	1.4000000000
21.5200000000	1.4000000000
21.5600000000	1.3000000000
21.6000000000	1.3000000000
21.6400000000	1.3000000000
21.6800000000	1.3000000000
21.7200000000	1.3000000000
21.7600000000	1.3000000000
21.8000000000	1.4000000000
21.8400000000	1.4000000000
21.8800000000	1.3000000000
21.9200000000	1.3000000000
21.9600000000	1.3000000000
22.0000000000	1.3000000000
22.0400000000	1.3000000000
22.0800000000	1.3000000000
22.1200000000	1.4000000000
22.1600000000	1.4000000000
22.2000000000	1.3000000000
22.2400000000	1.3000000000
22.2800000000	1.3000000000
22.3200000000	1.3000000000
22.3600000000	1.3000000000
22.4000000000	1.3000000000
22.4400000000	1.3000000000
22.4800000000	1.3000000000
22.5200000000	1.3000000000
22.5600000000	1.3000000000
22.6000000000	1.3000000000
22.6400000000	1.3000000000
22.6800000000	1.3000000000
22.7200000000	1.3000000000
22.7600000000	1.3000000000
22.8000000000	1.4000000000
22.8400000000	1.3000000000
22.8800000000	1.3000000000
22.9200000000	1.3000000000
22.9600000000	1.3000000000
23.0000000000	1.3000000000
23.0400000000	1.3000000000
23.0800000000	1.4000000000
23.1200000000	1.4000000000
23.1600000000	1.4000000000
23.2000000000	1.3000000000
23.2400000000	1.3000000000
23.2800000000	1.3000000000
23.3200000000	1.3000000000
23.3600000000	1.4000000000
23.4000000000	1.4000000000
23.4400000000	1.4000000000
23.4800000000	1.4000000000
23.5200000000	1.4000000000
23.5600000000	1.3000000000
23.6000000000	1.3000000000
23.6400000000	1.3000000000
23.6800000000	1.3000000000
23.7200000000	1.4000000000
23.7600000000	1.4000000000
23.8000000000	1.4000000000
23.8400000000	1.4000000000
23.8800000000	1.3000000000
23.9200000000	1.3000000000
23.9600000000	1.3000000000
24.0000000000	1.4000000000
24.0400000000	1.4000000000
24.0800000000	1.4000000000
24.1200000000	1.4000000000
24.1600000000	1.4000000000
24.2000000000	1.3000000000
24.2400000000	1.3000000000
24.2800000000	1.3000000000
24.3200000000	1.4000000000
24.3600000000	1.4000000000
24.4000000000	1.4000000000
24.4400000000	1.4000000000
24.4800000000	1.4000000000
24.5200000000	1.3000000000
24.5600000000	1.3000000000
24.6000000000	1.3000000000
24.6400000000	1.4000000000
24.6800000000	1.4000000000
24.7200000000	1.4000000000
24.7600000000	1.4000000000
24.8000000000	1.4000000000
24.8400000000	1.3000000000
24.8800000000	1.3000000000
24.9200000000	1.3000000000
24.9600000000	1.4000000000
25.0000000000	1.4000000000
25.0400000000	1.4000000000
25.0800000000	1.4000000000
25.1200000000	1.4000000000
25.1600000000	1.3000000000
25.2000000000	1.3000000000
25.2400000000	1.3000000000
25.2800000000	1.4000000000
25.3200000000	1.4000000000
25.3600000000	1.4000000000
25.4000000000	1.4000000000
25.4400000000	1.4000000000
25.4800000000	1.3000000000
25.5200000000	1.3000000000
25.5600000000	1.3000000000
25.6000000000	1.3000000000
25.6400000000	1.4000000000
25.6800000000	1.4000000000
25.7200000000	1.4000000000
25.7600000000	1.4000000000
25.8000000000	1.3000000000
25.8400000000	1.3000000000
25.8800000000	1.3000000000
25.9200000000	1.3000000000
25.9600000000	1.4000000000
26.0000000000	1.4000000000
26.0400000000	1.4000000000
26.0800000000	1.4000000000
26.1200000000	1.3000000000
26.1600000000	1.3000000000
26.2000000000	1.3000000000
26.2400000000	1.3000000000
26.2800000000	1.4000000000
26.3200000000	1.4000000000
26.3600000000	1.4000000000
26.4000000000	1.3000000000
26.4400000000	1.3000000000
26.4800000000	1.3000000000
26.5200000000	1.3000000000
26.5600000000	1.3000000000
26.6000000000	1.4000000000
26.6400000000	1.4000000000
26.6800000000	1.4000000000
26.7200000000	1.4000000000
26.7600000000	1.3000000000
26.8000000000	1.3000000000
26.8400000000	1.3000000000
26.8800000000	1.3000000000
26.9200000000	1.4000000000
26.9600000000	1.4000000000
27.0000000000	1.4000000000
27.0400000000	1.4000000000
27.0800000000	1.3000000000
27.1200000000	1.3000000000
27.1600000000	1.3000000000
27.2000000000	1.3000000000
27.2400000000	1.4000000000
27.2800000000	1.4000000000
27.3200000000	1.4000000000
27.3600000000	1.4000000000
27.4000000000	1.3000000000
27.4400000000	1.3000000000
27.4800000000	1.3000000000
27.5200000000	1.3000000000
27.5600000000	1.4000000000
27.6000000000	1.4000000000
27.6400000000	1.4000000000
27.6800000000	1.4000000000
27.7200000000	1.4000000000
27.7600000000	1.3000000000
27.8000000000	1.3000000000
27.8400000000	1.3000000000
27.8800000000	1.4000000000
27.9200000000	1.4000000000
27.9600000000	1.4000000000
28.0000000000	1.4000000000
28.0400000000	1.4000000000
28.0800000000	1.3000000000
28.1200000000	1.3000000000
28.1600000000	1.3000000000
28.2000000000	1.4000000000
28.2400000000	1.4000000000
28.2800000000	1.4000000000
28.3200000000	1.4000000000
28.3600000000	1.4000000000
28.4000000000	1.3000000000
28.4400000000	1.3000000000
28.4800000000	1.3000000000
28.5200000000	1.4000000000
28.5600000000	1.4000000000
28.6000000000	1.4000000000
28.6400000000	1.4000000000
28.6800000000	1.4000000000
28.7200000000	1.3000000000
28.7600000000	1.3000000000
28.8000000000	1.3000000000
28.8400000000	1.4000000000
28.8800000000	1.4000000000
28.9200000000	1.4000000000
28.9600000000	1.4000000000
29.0000000000	1.4000000000
29.0400000000	1.3000000000
29.0800000000	1.3000000000
29.1200000000	1.3000000000
29.1600000000	1.4000000000
29.2000000000	1.4000000000
29.2400000000	1.4000000000
29.2800000000	1.4000000000
29.3200000000	1.4000000000
29.3600000000	1.3000000000
29.4000000000	1.3000000000
29.4400000000	1.3000000000
29.4800000000	1.4000000000
29.5200000000	1.4000000000
29.5600000000	1.4000000000
29.6000000000	1.4000000000
29.6400000000	1.4000000000
29.6800000000	1.3000000000
29.7200000000	1.3000000000
29.7600000000	1.3000000000
29.8000000000	1.4000000000
29.8400000000	1.4000000000
29.8800000000	1.4000000000
29.9200000000	1.4000000000
29.9600000000	1.4000000000
30.0000000000	1.3000000000
30.0400000000	1.3000000000
30.0800000000	1.3000000000
30.1200000000	1.3000000000
30.1600000000	1.4000000000
30.2000000000	1.4000000000
30.2400000000	1.4000000000
30.2800000000	1.4000000000
30.3200000000	1.3000000000
30.3600000000	1.3000000000
30.4000000000	1.3000000000
30.4400000000	1.3000000000
30.4800000000	1.4000000000
30.5200000000	1.4000000000
30.5600000000	1.4000000000
30.6000000000	1.4000000000
30.6400000000	1.3000000000
30.6800000000	1.3000000000
30.7200000000	1.3000000000
30.7600000000	1.3000000000
30.8000000000	1.4000000000
30.8400000000	1.4000000000
30.8800000000	1.4000000000
30.9200000000	1.4000000000
30.9600000000	1.4000000000
31.0000000000	1.3000000000
31.0400000000	1.3000000000
31.0800000000	1.4000000000
31.1200000000	1.4000000000
31.1600000000	1.4000000000
31.2000000000	1.4000000000
31.2400000000	1.4000000000
31.2800000000	1.4000000000
31.3200000000	1.3000000000
31.3600000000	1.3000000000
31.4000000000	1.4000000000
31.4400000000	1.4000000000
31.4800000000	1.4000000000
31.5200000000	1.4000000000
31.5600000000	1.4000000000
31.6000000000	1.4000000000
31.6400000000	1.3000000000
31.6800000000	1.3000000000
31.7200000000	1.4000000000
31.7600000000	1.4000000000
31.8000000000	1.4000000000
31.8400000000	1.4000000000
31.8800000000	1.4000000000
31.9200000000	1.4000000000
31.9600000000	1.3000000000
32.0000000000	1.3000000000
32.0400000000	1.4000000000
32.0800000000	1.4000000000
32.1200000000	1.4000000000
32.1600000000	1.4000000000
32.2000000000	1.4000000000
32.2400000000	1.4000000000
32.2800000000	1.3000000000
32.3200000000	1.3000000000
32.3600000000	1.3000000000
32.4000000000	1.4000000000
32.4400000000	1.4000000000
32.4800000000	1.4000000000
32.5200000000	1.4000000000
32.5600000000	1.3000000000
32.6000000000	1.3000000000
32.6400000000	1.3000000000
32.6800000000	1.3000000000
32.7200000000	1.3000000000
32.7600000000	1.4000000000
32.8000000000	1.4000000000
32.8400000000	1.4000000000
32.8800000000	1.3000000000
32.9200000000	1.3000000000
32.9600000000	1.3000000000
33.0000000000	1.3000000000
33.0400000000	1.3000000000
33.0800000000	1.4000000000
33.1200000000	1.4000000000
33.1600000000	1.4000000000
33.2000000000	1.4000000000
33.2400000000	1.3000000000
33.2800000000	1.3000000000
33.3200000000	1.3000000000
33.3600000000	1.4000000000
33.4000000000	1.4000000000
33.4400000000	1.4000000000
33.4800000000	1.4000000000
33.5200000000	1.3000000000
33.5600000000	1.3000000000
33.6000000000	1.3000000000
33.6400000000	1.3000000000
33.6800000000	1.4000000000
33.7200000000	1.4000000000
33.7600000000	1.4000000000
33.8000000000	1.4000000000
33.8400000000	1.3000000000
33.8800000000	1.3000000000
33.9200000000	1.3000000000
33.9600000000	1.3000000000
34.0000000000	1.3000000000
34.0400000000	1.4000000000
34.0800000000	1.4000000000
34.1200000000	1.4000000000
34.1600000000	1.3000000000
34.2000000000	1.3000000000
34.2400000000	1.3000000000
34.2800000000	1.3000000000
34.3200000000	1.3000000000
34.3600000000	1.4000000000
34.4000000000	1.4000000000
34.4400000000	1.4000000000
34.4800000000	1.3000000000
34.5200000000	1.3000000000
34.5600000000	1.3000000000
34.6000000000	1.3000000000
34.6400000000	1.3000000000
34.6800000000	1.4000000000
34.7200000000	1.4000000000
34.7600000000	1.4000000000
34.8000000000	1.3000000000
34.8400000000	1.3000000000
34.8800000000	1.3000000000
34.9200000000	1.3000000000
34.9600000000	1.3000000000
35.0000000000	1.4000000000
35.0400000000	1.4000000000
35.0800000000	1.4000000000
35.1200000000	1.3000000000
35.1600000000	1.3000000000
35.2000000000	1.3000000000
35.2400000000	1.3000000000
35.2800000000	1.3000000000
35.3200000000	1.3000000000
35.3600000000	1.4000000000
35.4000000000	1.3000000000
35.4400000000	1.3000000000
35.4800000000	1.3000000000
35.5200000000	1.3000000000
35.5600000000	1.3000000000
35.6000000000	1.3000000000
35.6400000000	1.3000000000
35.6800000000	1.4000000000
35.7200000000	1.4000000000
35.7600000000	1.3000000000
35.8000000000	1.3000000000
35.8400000000	1.3000000000
35.8800000000	1.3000000000
35.9200000000	1.3000000000
35.9600000000	1.4000000000
36.0000000000	1.4000000000
36.0400000000	1.4000000000
36.0800000000	1.3000000000
36.1200000000	1.3000000000
36.1600000000	1.3000000000
36.2000000000	1.3000000000
36.2400000000	1.3000000000
36.2800000000	1.4000000000
36.3200000000	1.4000000000
36.3600000000	1.4000000000
36.4000000000	1.4000000000
36.4400000000	1.3000000000
36.4800000000	1.3000000000
36.5200000000	1.3000000000
36.5600000000	1.4000000000
36.6000000000	1.4000000000
36.6400000000	1.4000000000
36.6800000000	1.4000000000
36.7200000000	1.4000000000
36.7600000000	1.3000000000
36.8000000000	1.3000000000
36.8400000000	1.3000000000
36.8800000000	1.4000000000
36.9200000000	1.4000000000
36.9600000000	1.4000000000
37.0000000000	1.4000000000
37.0400000000	1.4000000000
37.0800000000	1.4000000000
37.1200000000	1.4000000000
37.1600000000	1.4000000000
37.2000000000	1.4000000000
37.2400000000	1.4000000000
37.2800000000	1.5000000000
37.3200000000	1.4000000000
37.3600000000	1.4000000000
37.4000000000	1.4000000000
37.4400000000	1.4000000000
37.4800000000	1.4000000000
37.5200000000	1.4000000000
37.5600000000	1.4000000000
37.6000000000	1.5000000000
37.6400000000	1.4000000000
37.6800000000	1.4000000000
37.7200000000	1.4000000000
37.7600000000	1.4000000000
37.8000000000	1.4000000000
37.8400000000	1.4000000000
37.8800000000	1.4000000000
37.9200000000	1.5000000000
37.9600000000	1.4000000000
38.0000000000	1.4000000000
38.0400000000	1.4000000000
38.0800000000	1.4000000000
38.1200000000	1.4000000000
38.1600000000	1.4000000000
38.2000000000	1.4000000000
38.2400000000	1.5000000000
38.2800000000	1.4000000000
38.3200000000	1.4000000000
38.3600000000	1.4000000000
38.4000000000	1.4000000000
38.4400000000	1.4000000000
38.4800000000	1.4000000000
38.5200000000	1.4000000000
38.5600000000	1.4000000000
38.6000000000	1.4000000000
38.6400000000	1.4000000000
38.6800000000	1.4000000000
38.7200000000	1.4000000000
38.7600000000	1.4000000000
38.8000000000	1.4000000000
38.8400000000	1.4000000000
38.8800000000	1.4000000000
38.9200000000	1.4000000000
38.9600000000	1.4000000000
39.0000000000	1.4000000000
39.0400000000	1.4000000000
39.0800000000	1.4000000000
39.1200000000	1.4000000000
39.1600000000	1.4000000000
39.2000000000	1.4000000000
39.2400000000	1.4000000000
39.2800000000	1.4000000000
39.3200000000	1.4000000000
39.3600000000	1.4000000000
39.4000000000	1.4000000000
39.4400000000	1.4000000000
39.4800000000	1.4000000000
39.5200000000	1.4000000000
39.5600000000	1.4000000000
39.6000000000	1.4000000000
39.6400000000	1.4000000000
39.6800000000	1.4000000000
39.7200000000	1.4000000000
39.7600000000	1.4000000000
39.8000000000	1.4000000000
39.8400000000	1.4000000000
39.8800000000	1.4000000000
39.9200000000	1.4000000000
39.9600000000	1.4000000000
40.0000000000	1.3000000000
40.0400000000	1.4000000000
40.0800000000	1.4000000000
40.1200000000	1.4000000000
40.1600000000	1.4000000000
40.2000000000	1.4000000000
40.2400000000	1.4000000000
40.2800000000	1.3000000000
40.3200000000	1.3000000000
40.3600000000	1.4000000000
40.4000000000	1.4000000000
40.4400000000	1.4000000000
40.4800000000	1.4000000000
40.5200000000	1.4000000000
40.5600000000	1.4000000000
40.6000000000	1.4000000000
40.6400000000	1.4000000000
40.6800000000	1.4000000000
40.7200000000	1.4000000000
40.7600000000	1.4000000000
40.8000000000	1.4000000000
40.8400000000	1.4000000000
40.8800000000	1.4000000000
40.9200000000	1.4000000000
40.9600000000	1.4000000000
41.0000000000	1.4000000000
41.0400000000	1.4000000000
41.0800000000	1.4000000000
41.1200000000	1.5000000000
41.1600000000	1.4000000000
41.2000000000	1.4000000000
41.2400000000	1.4000000000
41.2800000000	1.4000000000
41.3200000000	1.4000000000
41.3600000000	1.4000000000
41.4000000000	1.4000000000
41.4400000000	1.5000000000
41.4800000000	1.4000000000
41.5200000000	1.4000000000
41.5600000000	1.4000000000
41.6000000000	1.4000000000
41.6400000000	1.4000000000
41.6800000000	1.4000000000
41.7200000000	1.4000000000
41.7600000000	1.5000000000
41.8000000000	1.4000000000
41.8400000000	1.4000000000
41.8800000000	1.4000000000
41.9200000000	1.4000000000
41.9600000000	1.4000000000
42.0000000000	1.4000000000
42.0400000000	1.4000000000
42.0800000000	1.5000000000
42.1200000000	1.4000000000
42.1600000000	1.4000000000
42.2000000000	1.4000000000
42.2400000000	1.4000000000
42.2800000000	1.4000000000
42.3200000000	1.4000000000
42.3600000000	1.4000000000
42.4000000000	1.5000000000
42.4400000000	1.4000000000
42.4800000000	1.4000000000
42.5200000000	1.4000000000
42.5600000000	1.4000000000
42.6000000000	1.4000000000
42.6400000000	1.4000000000
42.6800000000	1.4000000000
42.7200000000	1.5000000000
42.7600000000	1.4000000000
42.8000000000	1.4000000000
42.8400000000	1.4000000000
42.8800000000	1.4000000000
42.9200000000	1.4000000000
42.9600000000	1.4000000000
43.0000000000	1.4000000000
43.0400000000	1.5000000000
43.0800000000	1.4000000000
43.1200000000	1.4000000000
43.1600000000	1.4000000000
43.2000000000	1.4000000000
43.2400000000	1.4000000000
43.2800000000	1.4000000000
43.3200000000	1.4000000000
43.3600000000	1.5000000000
43.4000000000	1.4000000000
43.4400000000	1.4000000000
43.4800000000	1.4000000000
43.5200000000	1.4000000000
43.5600000000	1.4000000000
43.6000000000	1.4000000000
43.6400000000	1.5000000000
43.6800000000	1.5000000000
43.7200000000	1.4000000000
43.7600000000	1.4000000000
43.8000000000	1.4000000000
43.8400000000	1.4000000000
43.8800000000	1.4000000000
43.9200000000	1.4000000000
43.9600000000	1.4000000000
44.0000000000	1.5000000000
44.0400000000	1.4000000000
44.0800000000	1.4000000000
44.1200000000	1.4000000000
44.1600000000	1.4000000000
44.2000000000	1.4000000000
44.2400000000	1.4000000000
44.2800000000	1.4000000000
44.3200000000	1.4000000000
44.3600000000	1.4000000000
44.4000000000	1.4000000000
44.4400000000	1.4000000000
44.4800000000	1.4000000000
44.5200000000	1.4000000000
44.5600000000	1.4000000000
44.6000000000	1.4000000000
44.6400000000	1.4000000000
44.6800000000	1.4000000000
44.7200000000	1.4000000000
44.7600000000	1.4000000000
44.8000000000	1.4000000000
44.8400000000	1.4000000000
44.8800000000	1.4000000000
44.9200000000	1.4000000000
44.9600000000	1.4000000000
45.0000000000	1.4000000000
45.0400000000	1.4000000000
45.0800000000	1.4000000000
45.1200000000	1.4000000000
45.1600000000	1.4000000000
45.2000000000	1.4000000000
45.2400000000	1.4000000000
45.2800000000	1.4000000000
45.3200000000	1.4000000000
45.3600000000	1.4000000000
45.4000000000	1.4000000000
45.4400000000	1.3000000000
45.4800000000	1.4000000000
45.5200000000	1.4000000000
45.5600000000	1.4000000000
45.6000000000	1.4000000000
45.6400000000	1.4000000000
45.6800000000	1.4000000000
45.7200000000	1.4000000000
45.7600000000	1.4000000000
45.8000000000	1.4000000000
45.8400000000	1.4000000000
45.8800000000	1.4000000000
45.9200000000	1.4000000000
45.9600000000	1.4000000000
46.0000000000	1.4000000000
46.0400000000	1.4000000000
46.0800000000	1.4000000000
46.1200000000	1.4000000000
46.1600000000	1.4000000000
46.2000000000	1.4000000000
46.2400000000	1.5000000000
46.2800000000	1.4000000000
46.3200000000	1.4000000000
46.3600000000	1.4000000000
46.4000000000	1.4000000000
46.4400000000	1.4000000000
46.4800000000	1.4000000000
46.5200000000	1.4000000000
46.5600000000	1.5000000000
46.6000000000	1.4000000000
46.6400000000	1.4000000000
46.6800000000	1.4000000000
46.7200000000	1.4000000000
46.7600000000	1.4000000000
46.8000000000	1.4000000000
46.8400000000	1.4000000000
46.8800000000	1.4000000000
46.9200000000	1.4000000000
46.9600000000	1.4000000000
47.0000000000	1.4000000000
47.0400000000	1.4000000000
47.0800000000	1.4000000000
47.1200000000	1.4000000000
47.1600000000	1.4000000000
47.2000000000	1.4000000000
47.2400000000	1.4000000000
47.2800000000	1.4000000000
47.3200000000	1.4000000000
47.3600000000	1.4000000000
47.4000000000	1.4000000000
47.4400000000	1.4000000000
47.4800000000	1.4000000000
47.5200000000	1.4000000000
47.5600000000	1.4000000000
47.6000000000	1.4000000000
47.6400000000	1.4000000000
47.6800000000	1.4000000000
47.7200000000	1.4000000000
47.7600000000	1.4000000000
47.8000000000	1.4000000000
47.8400000000	1.4000000000
47.8800000000	1.4000000000
47.9200000000	1.4000000000
47.9600000000	1.4000000000
48.0000000000	1.4000000000
48.0400000000	1.4000000000
48.0800000000	1.4000000000
48.1200000000	1.4000000000
48.1600000000	1.4000000000
48.2000000000	1.4000000000
48.2400000000	1.4000000000
48.2800000000	1.4000000000
48.3200000000	1.4000000000
48.3600000000	1.4000000000
48.4000000000	1.4000000000
48.4400000000	1.4000000000
48.4800000000	1.4000000000
48.5200000000	1.4000000000
48.5600000000	1.4000000000
48.6000000000	1.4000000000
48.6400000000	1.4000000000
48.6800000000	1.4000000000
48.7200000000	1.4000000000
48.7600000000	1.4000000000
48.8000000000	1.4000000000
48.8400000000	1.4000000000
48.8800000000	1.4000000000
48.9200000000	1.4000000000
48.9600000000	1.4000000000
49.0000000000	1.4000000000
49.0400000000	1.4000000000
49.0800000000	1.4000000000
49.1200000000	1.4000000000
49.1600000000	1.4000000000
49.2000000000	1.4000000000
49.2400000000	1.4000000000
49.2800000000	1.4000000000
49.3200000000	1.4000000000
49.3600000000	1.4000000000
49.4000000000	1.4000000000
49.4400000000	1.4000000000
49.4800000000	1.4000000000
49.5200000000	1.4000000000
49.5600000000	1.4000000000
49.6000000000	1.4000000000
49.6400000000	1.4000000000
49.6800000000	1.4000000000
49.7200000000	1.4000000000
49.7600000000	1.4000000000
49.8000000000	1.4000000000
49.8400000000	1.4000000000
49.8800000000	1.4000000000
49.9200000000	1.4000000000
49.9600000000	1.4000000000
50.0000000000	1.4000000000
50.0400000000	1.4000000000
50.0800000000	1.4000000000
50.1200000000	1.4000000000
50.1600000000	1.4000000000
50.2000000000	1.4000000000
50.2400000000	1.4000000000
50.2800000000	1.4000000000
50.3200000000	1.4000000000
50.3600000000	1.4000000000
50.4000000000	1.4000000000
50.4400000000	1.4000000000
50.4800000000	1.4000000000
50.5200000000	1.4000000000
50.5600000000	1.3000000000
50.6000000000	1.4000000000
50.6400000000	1.4000000000
50.6800000000	1.4000000000
50.7200000000	1.4000000000
50.7600000000	1.4000000000
50.8000000000	1.4000000000
50.8400000000	1.3000000000
50.8800000000	1.3000000000
50.9200000000	1.3000000000
50.9600000000	1.4000000000
51.0000000000	1.4000000000
51.0400000000	1.4000000000
51.0800000000	1.4000000000
51.1200000000	1.4000000000
51.1600000000	1.3000000000
51.2000000000	1.3000000000
51.2400000000	1.3000000000
51.2800000000	1.4000000000
51.3200000000	1.4000000000
51.3600000000	1.4000000000
51.4000000000	1.4000000000
51.4400000000	1.3000000000
51.4800000000	1.3000000000
51.5200000000	1.3000000000
51.5600000000	1.3000000000
51.6000000000	1.4000000000
51.6400000000	1.4000000000
51.6800000000	1.4000000000
51.7200000000	1.4000000000
51.7600000000	1.4000000000
51.8000000000	1.3000000000
51.8400000000	1.3000000000
51.8800000000	1.3000000000
51.9200000000	1.4000000000
51.9600000000	1.4000000000
52.0000000000	1.4000000000
52.0400000000	1.4000000000
52.0800000000	1.4000000000
52.1200000000	1.3000000000
52.1600000000	1.3000000000
52.2000000000	1.3000000000
52.2400000000	1.4000000000
52.2800000000	1.4000000000
52.3200000000	1.4000000000
52.3600000000	1.4000000000
52.4000000000	1.4000000000
52.4400000000	1.3000000000
52.4800000000	1.3000000000
52.5200000000	1.3000000000
52.5600000000	1.4000000000
52.6000000000	1.4000000000
52.6400000000	1.4000000000
52.6800000000	1.4000000000
52.7200000000	1.4000000000
52.7600000000	1.4000000000
52.8000000000	1.3000000000
52.8400000000	1.4000000000
52.8800000000	1.4000000000
52.9200000000	1.4000000000
52.9600000000	1.4000000000
53.0000000000	1.4000000000
53.0400000000	1.4000000000
53.0800000000	1.4000000000
53.1200000000	1.3000000000
53.1600000000	1.4000000000
53.2000000000	1.4000000000
53.2400000000	1.4000000000
53.2800000000	1.4000000000
53.3200000000	1.4000000000
53.3600000000	1.4000000000
53.4000000000	1.4000000000
53.4400000000	1.4000000000
53.4800000000	1.4000000000
53.5200000000	1.4000000000
53.5600000000	1.4000000000
53.6000000000	1.4000000000
53.6400000000	1.4000000000
53.6800000000	1.4000000000
53.7200000000	1.4000000000
53.7600000000	1.4000000000
53.8000000000	1.4000000000
53.8400000000	1.4000000000
53.8800000000	1.4000000000
53.9200000000	1.5000000000
53.9600000000	1.4000000000
54.0000000000	1.4000000000
54.0400000000	1.4000000000
54.0800000000	1.4000000000
54.1200000000	1.4000000000
54.1600000000	1.4000000000
54.2000000000	1.4000000000
54.2400000000	1.4000000000
54.2800000000	1.4000000000
54.3200000000	1.4000000000
54.3600000000	1.4000000000
54.4000000000	1.4000000000
54.4400000000	1.4000000000
54.4800000000	1.4000000000
54.5200000000	1.4000000000
54.5600000000	1.4000000000
54.6000000000	1.4000000000
54.6400000000	1.4000000000
54.6800000000	1.4000000000
54.7200000000	1.4000000000
54.7600000000	1.4000000000
54.8000000000	1.4000000000
54.8400000000	1.4000000000
54.8800000000	1.4000000000
54.9200000000	1.4000000000
54.9600000000	1.4000000000
55.0000000000	1.4000000000
55.0400000000	1.4000000000
55.0800000000	1.4000000000
55.1200000000	1.4000000000
55.1600000000	1.4000000000
55.2000000000	1.5000000000
55.2400000000	1.4000000000
55.2800000000	1.4000000000
55.3200000000	1.4000000000
55.3600000000	1.4000000000
55.4000000000	1.4000000000
55.4400000000	1.4000000000
55.4800000000	1.4000000000
55.5200000000	1.5000000000
55.5600000000	1.4000000000
55.6000000000	1.4000000000
55.6400000000	1.4000000000
55.6800000000	1.4000000000
55.7200000000	1.4000000000
55.7600000000	1.4000000000
55.8000000000	1.4000000000
55.8400000000	1.5000000000
55.8800000000	1.4000000000
55.9200000000	1.4000000000
55.9600000000	1.4000000000
56.0000000000	1.4000000000
56.0400000000	1.4000000000
56.0800000000	1.4000000000
56.1200000000	1.4000000000
56.1600000000	1.5000000000
56.2000000000	1.4000000000
56.2400000000	1.4000000000
56.2800000000	1.4000000000
56.3200000000	1.4000000000
56.3600000000	1.4000000000
56.4000000000	1.4000000000
56.4400000000	1.4000000000
56.4800000000	1.5000000000
56.5200000000	1.4000000000
56.5600000000	1.4000000000
56.6000000000	1.4000000000
56.6400000000	1.4000000000
56.6800000000	1.4000000000
56.7200000000	1.4000000000
56.7600000000	1.4000000000
56.8000000000	1.4000000000
56.8400000000	1.4000000000
56.8800000000	1.4000000000
56.9200000000	1.4000000000
56.9600000000	1.3000000000
57.0000000000	1.4000000000
57.0400000000	1.4000000000
57.0800000000	1.4000000000
57.1200000000	1.4000000000
57.1600000000	1.4000000000
57.2000000000	1.4000000000
57.2400000000	1.3000000000
57.2800000000	1.3000000000
57.3200000000	1.3000000000
57.3600000000	1.4000000000
57.4000000000	1.4000000000
57.4400000000	1.4000000000
57.4800000000	1.4000000000
57.5200000000	1.4000000000
57.5600000000	1.3000000000
57.6000000000	1.3000000000
57.6400000000	1.3000000000
57.6800000000	1.4000000000
57.7200000000	1.4000000000
57.7600000000	1.4000000000
57.8000000000	1.4000000000
57.8400000000	1.4000000000
57.8800000000	1.3000000000
57.9200000000	1.3000000000
57.9600000000	1.3000000000
58.0000000000	1.4000000000
58.0400000000	1.4000000000
58.0800000000	1.4000000000
58.1200000000	1.4000000000
58.1600000000	1.4000000000
58.2000000000	1.3000000000
58.2400000000	1.3000000000
58.2800000000	1.3000000000
58.3200000000	1.4000000000
58.3600000000	1.4000000000
58.4000000000	1.4000000000
58.4400000000	1.4000000000
58.4800000000	1.4000000000
58.5200000000	1.3000000000
58.5600000000	1.3000000000
58.6000000000	1.3000000000
58.6400000000	1.4000000000
58.6800000000	1.4000000000
58.7200000000	1.4000000000
58.7600000000	1.4000000000
58.8000000000	1.4000000000
58.8400000000	1.4000000000
58.8800000000	1.3000000000
58.9200000000	1.4000000000
58.9600000000	1.4000000000
59.0000000000	1.4000000000
59.0400000000	1.4000000000
59.0800000000	1.4000000000
59.1200000000	1.4000000000
59.1600000000	1.4000000000
59.2000000000	1.4000000000
59.2400000000	1.4000000000
59.2800000000	1.4000000000
59.3200000000	1.4000000000
59.3600000000	1.5000000000
59.4000000000	1.4000000000
59.4400000000	1.4000000000
59.4800000000	1.4000000000
59.5200000000	1.4000000000
59.5600000000	1.4000000000
59.6000000000	1.4000000000
59.6400000000	1.4000000000
59.6800000000	1.5000000000
59.7200000000	1.4000000000
59.7600000000	1.4000000000
59.8000000000	1.4000000000
59.8400000000	1.4000000000
59.8800000000	1.4000000000
59.9200000000	1.4000000000
59.9600000000	1.4000000000
60.0000000000	1.5000000000
60.0400000000	1.4000000000
60.0800000000	1.4000000000
60.1200000000	1.4000000000
60.1600000000	1.4000000000
60.2000000000	1.4000000000
60.2400000000	1.4000000000
60.2800000000	1.4000000000
60.3200000000	1.5000000000
60.3600000000	1.5000000000
60.4000000000	1.4000000000
60.4400000000	1.4000000000
60.4800000000	1.4000000000
60.5200000000	1.4000000000
60.5600000000	1.4000000000
60.6000000000	1.4000000000
60.6400000000	1.5000000000
60.6800000000	1.5000000000
60.7200000000	1.4000000000
60.7600000000	1.4000000000
60.8000000000	1.4000000000
60.8400000000	1.4000000000
60.8800000000	1.4000000000
60.9200000000	1.4000000000
60.9600000000	1.5000000000
61.0000000000	1.4000000000
61.0400000000	1.4000000000
61.0800000000	1.4000000000
61.1200000000	1.4000000000
61.1600000000	1.4000000000
61.2000000000	1.4000000000
61.2400000000	1.4000000000
61.2800000000	1.5000000000
61.3200000000	1.4000000000
61.3600000000	1.4000000000
61.4000000000	1.4000000000
61.4400000000	1.4000000000
61.4800000000	1.4000000000
61.5200000000	1.4000000000
61.5600000000	1.4000000000
61.6000000000	1.5000000000
61.6400000000	1.5000000000
61.6800000000	1.4000000000
61.7200000000	1.4000000000
61.7600000000	1.4000000000
61.8000000000	1.4000000000
61.8400000000	1.4000000000
61.8800000000	1.4000000000
61.9200000000	1.5000000000
61.9600000000	1.5000000000
62.0000000000	1.4000000000
62.0400000000	1.4000000000
62.0800000000	1.4000000000
62.1200000000	1.4000000000
62.1600000000	1.4000000000
62.2000000000	1.4000000000
62.2400000000	1.5000000000
62.2800000000	1.5000000000
62.3200000000	1.4000000000
62.3600000000	1.4000000000
62.4000000000	1.4000000000
62.4400000000	1.4000000000
62.4800000000	1.4000000000
62.5200000000	1.4000000000
62.5600000000	1.5000000000
62.6000000000	1.5000000000
62.6400000000	1.4000000000
62.6800000000	1.4000000000
62.7200000000	1.4000000000
62.7600000000	1.4000000000
62.8000000000	1.4000000000
62.8400000000	1.4000000000
62.8800000000	1.5000000000
62.9200000000	1.5000000000
62.9600000000	1.4000000000
63.0000000000	1.4000000000
63.0400000000	1.4000000000
63.0800000000	1.4000000000
63.1200000000	1.4000000000
63.1600000000	1.4000000000
63.2000000000	1.5000000000
63.2400000000	1.5000000000
63.2800000000	1.4000000000
63.3200000000	1.4000000000
63.3600000000	1.4000000000
63.4000000000	1.4000000000
63.4400000000	1.4000000000
63.4800000000	1.4000000000
63.5200000000	1.4000000000
63.5600000000	1.4000000000
63.6000000000	1.4000000000
63.6400000000	1.4000000000
63.6800000000	1.4000000000
63.7200000000	1.4000000000
63.7600000000	1.4000000000
63.8000000000	1.4000000000
63.8400000000	1.4000000000
63.8800000000	1.4000000000
63.9200000000	1.4000000000
63.9600000000	1.4000000000
64.0000000000	1.3000000000
64.0400000000	1.3000000000
64.0800000000	1.4000000000
64.1200000000	1.4000000000
64.1600000000	1.4000000000
64.2000000000	1.4000000000
64.2400000000	1.4000000000
64.2800000000	1.4000000000
64.3200000000	1.3000000000
64.3600000000	1.3000000000
64.4000000000	1.4000000000
64.4400000000	1.4000000000
64.4800000000	1.4000000000
64.5200000000	1.4000000000
64.5600000000	1.4000000000
64.6000000000	1.4000000000
64.6400000000	1.3000000000
64.6800000000	1.3000000000
64.7200000000	1.4000000000
64.7600000000	1.4000000000
64.8000000000	1.4000000000
64.8400000000	1.4000000000
64.8800000000	1.4000000000
64.9200000000	1.4000000000
64.9600000000	1.3000000000
65.0000000000	1.3000000000
65.0400000000	1.4000000000
65.0800000000	1.4000000000
65.1200000000	1.4000000000
65.1600000000	1.4000000000
65.2000000000	1.4000000000
65.2400000000	1.4000000000
65.2800000000	1.4000000000
65.3200000000	1.4000000000
65.3600000000	1.4000000000
65.4000000000	1.4000000000
65.4400000000	1.5000000000
65.4800000000	1.5000000000
65.5200000000	1.4000000000
65.5600000000	1.4000000000
65.6000000000	1.4000000000
65.6400000000	1.4000000000
65.6800000000	1.4000000000
65.7200000000	1.4000000000
65.7600000000	1.5000000000
65.8000000000	1.5000000000
65.8400000000	1.4000000000
65.8800000000	1.4000000000
65.9200000000	1.4000000000
65.9600000000	1.4000000000
66.0000000000	1.4000000000
66.0400000000	1.4000000000
66.0800000000	1.5000000000
66.1200000000	1.5000000000
66.1600000000	1.4000000000
66.2000000000	1.4000000000
66.2400000000	1.4000000000
66.2800000000	1.4000000000
66.3200000000	1.4000000000
66.3600000000	1.4000000000
66.4000000000	1.5000000000
66.4400000000	1.5000000000
66.4800000000	1.4000000000
66.5200000000	1.4000000000
66.5600000000	1.4000000000
66.6000000000	1.4000000000
66.6400000000	1.4000000000
66.6800000000	1.4000000000
66.7200000000	1.5000000000
66.7600000000	1.5000000000
66.8000000000	1.4000000000
66.8400000000	1.4000000000
66.8800000000	1.4000000000
66.9200000000	1.4000000000
66.9600000000	1.4000000000
67.0000000000	1.4000000000
67.0400000000	1.5000000000
67.0800000000	1.5000000000
67.1200000000	1.4000000000
67.1600000000	1.4000000000
67.2000000000	1.4000000000
67.2400000000	1.4000000000
67.2800000000	1.4000000000
67.3200000000	1.4000000000
67.3600000000	1.5000000000
67.4000000000	1.5000000000
67.4400000000	1.4000000000
67.4800000000	1.4000000000
67.5200000000	1.4000000000
67.5600000000	1.4000000000
67.6000000000	1.4000000000
67.6400000000	1.4000000000
67.6800000000	1.5000000000
67.7200000000	1.5000000000
67.7600000000	1.4000000000
67.8000000000	1.4000000000
67.8400000000	1.4000000000
67.8800000000	1.4000000000
67.9200000000	1.4000000000
67.9600000000	1.4000000000
68.0000000000	1.5000000000
68.0400000000	1.5000000000
68.0800000000	1.4000000000
68.1200000000	1.4000000000
68.1600000000	1.4000000000
68.2000000000	1.4000000000
68.2400000000	1.4000000000
68.2800000000	1.4000000000
68.3200000000	1.5000000000
68.3600000000	1.5000000000
68.4000000000	1.4000000000
68.4400000000	1.4000000000
68.4800000000	1.4000000000
68.5200000000	1.4000000000
68.5600000000	1.4000000000
68.6000000000	1.4000000000
68.6400000000	1.5000000000
68.6800000000	1.5000000000
68.7200000000	1.4000000000
68.7600000000	1.4000000000
68.8000000000	1.4000000000
68.8400000000	1.4000000000
68.8800000000	1.4000000000
68.9200000000	1.4000000000
68.9600000000	1.5000000000
69.0000000000	1.5000000000
69.0400000000	1.4000000000
69.0800000000	1.4000000000
69.1200000000	1.4000000000
69.1600000000	1.4000000000
69.2000000000	1.4000000000
69.2400000000	1.4000000000
69.2800000000	1.5000000000
69.3200000000	1.5000000000
69.3600000000	1.4000000000
69.4000000000	1.4000000000
69.4400000000	1.4000000000
69.4800000000	1.4000000000
69.5200000000	1.4000000000
69.5600000000	1.4000000000
69.6000000000	1.4000000000
69.6400000000	1.4000000000
69.6800000000	1.4000000000
69.7200000000	1.4000000000
69.7600000000	1.4000000000
69.8000000000	1.4000000000
69.8400000000	1.4000000000
69.8800000000	1.4000000000
69.9200000000	1.4000000000
69.9600000000	1.4000000000
70.0000000000	1.4000000000
70.0400000000	1.4000000000
70.0800000000	1.3000000000
70.1200000000	1.3000000000
70.1600000000	1.3000000000
70.2000000000	1.4000000000
70.2400000000	1.4000000000
70.2800000000	1.4000000000
70.3200000000	1.4000000000
70.3600000000	1.4000000000
70.4000000000	1.3000000000
70.4400000000	1.3000000000
70.4800000000	1.3000000000
70.5200000000	1.4000000000
70.5600000000	1.4000000000
70.6000000000	1.4000000000
70.6400000000	1.4000000000
70.6800000000	1.4000000000
70.7200000000	1.3000000000
70.7600000000	1.3000000000
70.8000000000	1.3000000000
70.8400000000	1.4000000000
70.8800000000	1.4000000000
70.9200000000	1.4000000000
70.9600000000	1.4000000000
71.0000000000	1.4000000000
71.0400000000	1.3000000000
71.0800000000	1.3000000000
71.1200000000	1.4000000000
71.1600000000	1.4000000000
71.2000000000	1.4000000000
71.2400000000	1.4000000000
71.2800000000	1.4000000000
71.3200000000	1.4000000000
71.3600000000	1.4000000000
71.4000000000	1.3000000000
71.4400000000	1.4000000000
71.4800000000	1.4000000000
71.5200000000	1.4000000000
71.5600000000	1.5000000000
71.6000000000	1.4000000000
71.6400000000	1.4000000000
71.6800000000	1.4000000000
71.7200000000	1.4000000000
71.7600000000	1.4000000000
71.8000000000	1.4000000000
71.8400000000	1.4000000000
71.8800000000	1.5000000000
71.9200000000	1.4000000000
71.9600000000	1.4000000000
72.0000000000	1.4000000000
72.0400000000	1.4000000000
72.0800000000	1.4000000000
72.1200000000	1.4000000000
72.1600000000	1.4000000000
72.2000000000	1.5000000000
72.2400000000	1.5000000000
72.2800000000	1.4000000000
72.3200000000	1.4000000000
72.3600000000	1.4000000000
72.4000000000	1.4000000000
72.4400000000	1.4000000000
72.4800000000	1.4000000000
72.5200000000	1.5000000000
72.5600000000	1.5000000000
72.6000000000	1.4000000000
72.6400000000	1.4000000000
72.6800000000	1.4000000000
72.7200000000	1.4000000000
72.7600000000	1.4000000000
72.8000000000	1.4000000000
72.8400000000	1.5000000000
72.8800000000	1.4000000000
72.9200000000	1.4000000000
72.9600000000	1.4000000000
73.0000000000	1.4000000000
73.0400000000	1.4000000000
73.0800000000	1.4000000000
73.1200000000	1.4000000000
73.1600000000	1.4000000000
73.2000000000	1.4000000000
73.2400000000	1.4000000000
73.2800000000	1.4000000000
73.3200000000	1.3000000000
73.3600000000	1.3000000000
73.4000000000	1.4000000000
73.4400000000	1.4000000000
73.4800000000	1.4000000000
73.5200000000	1.4000000000
73.5600000000	1.4000000000
73.6000000000	1.4000000000
73.6400000000	1.3000000000
73.6800000000	1.3000000000
73.7200000000	1.4000000000
73.7600000000	1.4000000000
73.8000000000	1.4000000000
73.8400000000	1.4000000000
73.8800000000	1.4000000000
73.9200000000	1.4000000000
73.9600000000	1.3000000000
74.0000000000	1.3000000000
74.0400000000	1.4000000000
74.0800000000	1.4000000000
74.1200000000	1.4000000000
74.1600000000	1.4000000000
74.2000000000	1.4000000000
74.2400000000	1.4000000000
74.2800000000	1.3000000000
74.3200000000	1.3000000000
74.3600000000	1.4000000000
74.4000000000	1.4000000000
74.4400000000	1.4000000000
74.4800000000	1.4000000000
74.5200000000	1.4000000000
74.5600000000	1.4000000000
74.6000000000	1.3000000000
74.6400000000	1.3000000000
74.6800000000	1.4000000000
74.7200000000	1.4000000000
74.7600000000	1.4000000000
74.8000000000	1.4000000000
74.8400000000	1.4000000000
74.8800000000	1.4000000000
74.9200000000	1.3000000000
74.9600000000	1.3000000000
75.0000000000	1.4000000000
75.0400000000	1.4000000000
75.0800000000	1.4000000000
75.1200000000	1.4000000000
75.1600000000	1.4000000000
75.2000000000	1.4000000000
75.2400000000	1.3000000000
75.2800000000	1.3000000000
75.3200000000	1.4000000000
75.3600000000	1.4000000000
75.4000000000	1.4000000000
75.4400000000	1.4000000000
75.4800000000	1.4000000000
75.5200000000	1.4000000000
75.5600000000	1.3000000000
75.6000000000	1.3000000000
75.6400000000	1.3000000000
75.6800000000	1.4000000000
75.7200000000	1.4000000000
75.7600000000	1.4000000000
75.8000000000	1.4000000000
75.8400000000	1.4000000000
75.8800000000	1.3000000000
75.9200000000	1.3000000000
75.9600000000	1.3000000000
76.0000000000	1.4000000000
76.0400000000	1.4000000000
76.0800000000	1.4000000000
76.1200000000	1.4000000000
76.1600000000	1.4000000000
76.2000000000	1.3000000000
76.2400000000	1.3000000000
76.2800000000	1.3000000000
76.3200000000	1.4000000000
76.3600000000	1.4000000000
76.4000000000	1.4000000000
76.4400000000	1.4000000000
76.4800000000	1.3000000000
76.5200000000	1.3000000000
76.5600000000	1.3000000000
76.6000000000	1.3000000000
76.6400000000	1.3000000000
76.6800000000	1.4000000000
76.7200000000	1.4000000000
76.7600000000	1.4000000000
76.8000000000	1.3000000000
76.8400000000	1.3000000000
76.8800000000	1.3000000000
76.9200000000	1.3000000000
76.9600000000	1.3000000000
77.0000000000	1.4000000000
77.0400000000	1.4000000000
77.0800000000	1.4000000000
77.1200000000	1.3000000000
77.1600000000	1.3000000000
77.2000000000	1.3000000000
77.2400000000	1.3000000000
77.2800000000	1.3000000000
77.3200000000	1.4000000000
77.3600000000	1.4000000000
77.4000000000	1.4000000000
77.4400000000	1.3000000000
77.4800000000	1.3000000000
77.5200000000	1.3000000000
77.5600000000	1.3000000000
77.6000000000	1.3000000000
77.6400000000	1.4000000000
77.6800000000	1.4000000000
77.7200000000	1.4000000000
77.7600000000	1.4000000000
77.8000000000	1.3000000000
77.8400000000	1.3000000000
77.8800000000	1.3000000000
77.9200000000	1.4000000000
77.9600000000	1.4000000000
78.0000000000	1.4000000000
78.0400000000	1.4000000000
78.0800000000	1.4000000000
78.1200000000	1.3000000000
78.1600000000	1.3000000000
78.2000000000	1.3000000000
78.2400000000	1.4000000000
78.2800000000	1.4000000000
78.3200000000	1.4000000000
78.3600000000	1.4000000000
78.4000000000	1.4000000000
78.4400000000	1.3000000000
78.4800000000	1.3000000000
78.5200000000	1.3000000000
78.5600000000	1.4000000000
78.6000000000	1.4000000000
78.6400000000	1.4000000000
78.6800000000	1.4000000000
78.7200000000	1.4000000000
78.7600000000	1.3000000000
78.8000000000	1.3000000000
78.8400000000	1.3000000000
78.8800000000	1.4000000000
78.9200000000	1.4000000000
78.9600000000	1.4000000000
79.0000000000	1.4000000000
79.0400000000	1.4000000000
79.0800000000	1.4000000000
79.1200000000	1.3000000000
79.1600000000	1.3000000000
79.2000000000	1.4000000000
79.2400000000	1.4000000000
79.2800000000	1.4000000000
79.3200000000	1.4000000000
79.3600000000	1.4000000000
79.4000000000	1.3000000000
79.4400000000	1.3000000000
79.4800000000	1.3000000000
79.5200000000	1.4000000000
79.5600000000	1.4000000000
79.6000000000	1.4000000000
79.6400000000	1.4000000000
79.6800000000	1.4000000000
79.7200000000	1.4000000000
79.7600000000	1.3000000000
79.8000000000	1.3000000000
79.8400000000	1.3000000000
79.8800000000	1.4000000000
79.9200000000	1.4000000000
79.9600000000	1.4000000000
80.0000000000	1.4000000000
80.0400000000	1.3000000000
80.0800000000	1.3000000000
80.1200000000	1.3000000000
80.1600000000	1.3000000000
80.2000000000	1.4000000000
80.2400000000	1.4000000000
80.2800000000	1.4000000000
80.3200000000	1.4000000000
80.3600000000	1.4000000000
80.4000000000	1.3000000000
80.4400000000	1.3000000000
80.4800000000	1.3000000000
80.5200000000	1.4000000000
80.5600000000	1.4000000000
80.6000000000	1.4000000000
80.6400000000	1.4000000000
80.6800000000	1.4000000000
80.7200000000	1.3000000000
80.7600000000	1.3000000000
80.8000000000	1.3000000000
80.8400000000	1.4000000000
80.8800000000	1.4000000000
80.9200000000	1.4000000000
80.9600000000	1.4000000000
81.0000000000	1.4000000000
81.0400000000	1.3000000000
81.0800000000	1.3000000000
81.1200000000	1.3000000000
81.1600000000	1.4000000000
81.2000000000	1.4000000000
81.2400000000	1.4000000000
81.2800000000	1.4000000000
81.3200000000	1.4000000000
81.3600000000	1.3000000000
81.4000000000	1.3000000000
81.4400000000	1.3000000000
81.4800000000	1.4000000000
81.5200000000	1.4000000000
81.5600000000	1.4000000000
81.6000000000	1.4000000000
81.6400000000	1.4000000000
81.6800000000	1.3000000000
81.7200000000	1.3000000000
81.7600000000	1.3000000000
81.8000000000	1.4000000000
81.8400000000	1.4000000000
81.8800000000	1.4000000000
81.9200000000	1.4000000000
81.9600000000	1.3000000000
82.0000000000	1.3000000000
82.0400000000	1.3000000000
82.0800000000	1.3000000000
82.1200000000	1.3000000000
82.1600000000	1.4000000000
82.2000000000	1.4000000000
82.2400000000	1.4000000000
82.2800000000	1.3000000000
82.3200000000	1.3000000000
82.3600000000	1.3000000000
82.4000000000	1.3000000000
82.4400000000	1.3000000000
82.4800000000	1.3000000000
82.5200000000	1.3000000000
82.5600000000	1.3000000000
82.6000000000	1.3000000000
82.6400000000	1.3000000000
82.6800000000	1.3000000000
82.7200000000	1.3000000000
82.7600000000	1.3000000000
82.8000000000	1.3000000000
82.8400000000	1.3000000000
82.8800000000	1.3000000000
82.9200000000	1.3000000000
82.9600000000	1.3000000000
83.0000000000	1.2000000000
83.0400000000	1.3000000000
83.0800000000	1.3000000000
83.1200000000	1.3000000000
83.1600000000	1.3000000000
83.2000000000	1.3000000000
83.2400000000	1.3000000000
83.2800000000	1.3000000000
83.3200000000	1.3000000000
83.3600000000	1.3000000000
83.4000000000	1.3000000000
83.4400000000	1.3000000000
83.4800000000	1.4000000000
83.5200000000	1.3000000000
83.5600000000	1.3000000000
83.6000000000	1.3000000000
83.6400000000	1.3000000000
83.6800000000	1.3000000000
83.7200000000	1.3000000000
83.7600000000	1.4000000000
83.8000000000	1.4000000000
83.8400000000	1.4000000000
83.8800000000	1.3000000000
83.9200000000	1.3000000000
83.9600000000	1.3000000000
84.0000000000	1.3000000000
84.0400000000	1.3000000000
84.0800000000	1.4000000000
84.1200000000	1.4000000000
84.1600000000	1.4000000000
84.2000000000	1.4000000000
84.2400000000	1.3000000000
84.2800000000	1.3000000000
84.3200000000	1.3000000000
84.3600000000	1.4000000000
84.4000000000	1.4000000000
84.4400000000	1.4000000000
84.4800000000	1.4000000000
84.5200000000	1.4000000000
84.5600000000	1.3000000000
84.6000000000	1.3000000000
84.6400000000	1.3000000000
84.6800000000	1.4000000000
84.7200000000	1.4000000000
84.7600000000	1.4000000000
84.8000000000	1.4000000000
84.8400000000	1.4000000000
84.8800000000	1.3000000000
84.9200000000	1.3000000000
84.9600000000	1.3000000000
85.0000000000	1.4000000000
85.0400000000	1.4000000000
85.0800000000	1.4000000000
85.1200000000	1.4000000000
85.1600000000	1.4000000000
85.2000000000	1.4000000000
85.2400000000	1.3000000000
85.2800000000	1.3000000000
85.3200000000	1.4000000000
85.3600000000	1.4000000000
85.4000000000	1.4000000000
85.4400000000	1.4000000000
85.4800000000	1.4000000000
85.5200000000	1.4000000000
85.5600000000	1.3000000000
85.6000000000	1.3000000000
85.6400000000	1.4000000000
85.6800000000	1.4000000000
85.7200000000	1.4000000000
85.7600000000	1.4000000000
85.8000000000	1.4000000000
85.8400000000	1.4000000000
85.8800000000	1.3000000000
85.9200000000	1.3000000000
85.9600000000	1.4000000000
86.0000000000	1.4000000000
86.0400000000	1.4000000000
86.0800000000	1.4000000000
86.1200000000	1.4000000000
86.1600000000	1.4000000000
86.2000000000	1.3000000000
86.2400000000	1.3000000000
86.2800000000	1.4000000000
86.3200000000	1.4000000000
86.3600000000	1.4000000000
86.4000000000	1.4000000000
86.4400000000	1.4000000000
86.4800000000	1.4000000000
86.5200000000	1.3000000000
86.5600000000	1.3000000000
86.6000000000	1.4000000000
86.6400000000	1.4000000000
86.6800000000	1.4000000000
86.7200000000	1.4000000000
86.7600000000	1.4000000000
86.8000000000	1.4000000000
86.8400000000	1.3000000000
86.8800000000	1.3000000000
86.9200000000	1.3000000000
86.9600000000	1.4000000000
87.0000000000	1.4000000000
87.0400000000	1.4000000000
87.0800000000	1.4000000000
87.1200000000	1.4000000000
87.1600000000	1.3000000000
87.2000000000	1.3000000000
87.2400000000	1.3000000000
87.2800000000	1.4000000000
87.3200000000	1.4000000000
87.3600000000	1.4000000000
87.4000000000	1.4000000000
87.4400000000	1.4000000000
87.4800000000	1.3000000000
87.5200000000	1.3000000000
87.5600000000	1.3000000000
87.6000000000	1.4000000000
87.6400000000	1.4000000000
87.6800000000	1.4000000000
87.7200000000	1.4000000000
87.7600000000	1.3000000000
87.8000000000	1.3000000000
87.8400000000	1.3000000000
87.8800000000	1.3000000000
87.9200000000	1.3000000000
87.9600000000	1.4000000000
88.0000000000	1.4000000000
88.0400000000	1.4000000000
88.0800000000	1.3000000000
88.1200000000	1.3000000000
88.1600000000	1.3000000000
88.2000000000	1.3000000000
88.2400000000	1.3000000000
88.2800000000	1.3000000000
88.3200000000	1.3000000000
88.3600000000	1.3000000000
88.4000000000	1.3000000000
88.4400000000	1.3000000000
88.4800000000	1.3000000000
88.5200000000	1.3000000000
88.5600000000	1.3000000000
88.6000000000	1.3000000000
88.6400000000	1.4000000000
88.6800000000	1.3000000000
88.7200000000	1.3000000000
88.7600000000	1.3000000000
88.8000000000	1.3000000000
88.8400000000	1.3000000000
88.8800000000	1.3000000000
88.9200000000	1.4000000000
88.9600000000	1.4000000000
89.0000000000	1.4000000000
89.0400000000	1.4000000000
89.0800000000	1.3000000000
89.1200000000	1.3000000000
89.1600000000	1.3000000000
89.2000000000	1.4000000000
89.2400000000	1.4000000000
89.2800000000	1.4000000000
89.3200000000	1.4000000000
89.3600000000	1.4000000000
89.4000000000	1.3000000000
89.4400000000	1.3000000000
89.4800000000	1.3000000000
89.5200000000	1.4000000000
89.5600000000	1.4000000000
89.6000000000	1.4000000000
89.6400000000	1.4000000000
89.6800000000	1.4000000000
89.7200000000	1.4000000000
89.7600000000	1.3000000000
89.8000000000	1.4000000000
89.8400000000	1.4000000000
89.8800000000	1.4000000000
89.9200000000	1.4000000000
89.9600000000	1.4000000000
90.0000000000	1.4000000000
90.0400000000	1.4000000000
90.0800000000	1.3000000000
90.1200000000	1.4000000000
90.1600000000	1.4000000000
90.2000000000	1.4000000000
90.2400000000	1.5000000000
90.2800000000	1.4000000000
90.3200000000	1.4000000000
90.3600000000	1.4000000000
90.4000000000	1.4000000000
90.4400000000	1.4000000000
90.4800000000	1.4000000000
90.5200000000	1.5000000000
90.5600000000	1.5000000000
90.6000000000	1.5000000000
90.6400000000	1.4000000000
90.6800000000	1.4000000000
90.7200000000	1.4000000000
90.7600000000	1.4000000000
90.8000000000	1.4000000000
90.8400000000	1.5000000000
90.8800000000	1.5000000000
90.9200000000	1.5000000000
90.9600000000	1.4000000000
91.0000000000	1.4000000000
91.0400000000	1.4000000000
91.0800000000	1.4000000000
91.1200000000	1.4000000000
91.1600000000	1.5000000000
91.2000000000	1.5000000000
91.2400000000	1.5000000000
91.2800000000	1.4000000000
91.3200000000	1.4000000000
91.3600000000	1.4000000000
91.4000000000	1.4000000000
91.4400000000	1.4000000000
91.4800000000	1.5000000000
91.5200000000	1.5000000000
91.5600000000	1.5000000000
91.6000000000	1.4000000000
91.6400000000	1.4000000000
91.6800000000	1.4000000000
91.7200000000	1.4000000000
91.7600000000	1.4000000000
91.8000000000	1.5000000000
91.8400000000	1.5000000000
91.8800000000	1.5000000000
91.9200000000	1.4000000000
91.9600000000	1.4000000000
92.0000000000	1.4000000000
92.0400000000	1.4000000000
92.0800000000	1.4000000000
92.1200000000	1.5000000000
92.1600000000	1.5000000000
92.2000000000	1.5000000000
92.2400000000	1.4000000000
92.2800000000	1.4000000000
92.3200000000	1.4000000000
92.3600000000	1.4000000000
92.4000000000	1.4000000000
92.4400000000	1.5000000000
92.4800000000	1.5000000000
92.5200000000	1.5000000000
92.5600000000	1.4000000000
92.6000000000	1.4000000000
92.6400000000	1.4000000000
92.6800000000	1.4000000000
92.7200000000	1.4000000000
92.7600000000	1.5000000000
92.8000000000	1.5000000000
92.8400000000	1.5000000000
92.8800000000	1.4000000000
92.9200000000	1.4000000000
92.9600000000	1.4000000000
93.0000000000	1.4000000000
93.0400000000	1.4000000000
93.0800000000	1.5000000000
93.1200000000	1.5000000000
93.1600000000	1.5000000000
93.2000000000	1.4000000000
93.2400000000	1.4000000000
93.2800000000	1.4000000000
93.3200000000	1.4000000000
93.3600000000	1.4000000000
93.4000000000	1.5000000000
93.4400000000	1.5000000000
93.4800000000	1.5000000000
93.5200000000	1.4000000000
93.5600000000	1.4000000000
93.6000000000	1.4000000000
93.6400000000	1.4000000000
93.6800000000	1.4000000000
93.7200000000	1.5000000000
93.7600000000	1.5000000000
93.8000000000	1.5000000000
93.8400000000	1.4000000000
93.8800000000	1.4000000000
93.9200000000	1.4000000000
93.9600000000	1.4000000000
94.0000000000	1.4000000000
94.0400000000	1.5000000000
94.0800000000	1.5000000000
94.1200000000	1.5000000000
94.1600000000	1.4000000000
94.2000000000	1.4000000000
94.2400000000	1.4000000000
94.2800000000	1.4000000000
94.3200000000	1.4000000000
94.3600000000	1.5000000000
94.4000000000	1.5000000000
94.4400000000	1.5000000000
94.4800000000	1.4000000000
94.5200000000	1.4000000000
94.5600000000	1.4000000000
94.6000000000	1.4000000000
94.6400000000	1.4000000000
94.6800000000	1.5000000000
94.7200000000	1.5000000000
94.7600000000	1.5000000000
94.8000000000	1.4000000000
94.8400000000	1.4000000000
94.8800000000	1.4000000000
94.9200000000	1.4000000000
94.9600000000	1.4000000000
95.0000000000	1.5000000000
95.0400000000	1.5000000000
95.0800000000	1.5000000000
95.1200000000	1.4000000000
95.1600000000	1.4000000000
95.2000000000	1.4000000000
95.2400000000	1.4000000000
95.2800000000	1.4000000000
95.3200000000	1.5000000000
95.3600000000	1.5000000000
95.4000000000	1.5000000000
95.4400000000	1.4000000000
95.4800000000	1.4000000000
95.5200000000	1.4000000000
95.5600000000	1.4000000000
95.6000000000	1.4000000000
95.6400000000	1.5000000000
95.6800000000	1.5000000000
95.7200000000	1.5000000000
95.7600000000	1.5000000000
95.8000000000	1.4000000000
95.8400000000	1.4000000000
95.8800000000	1.4000000000
95.9200000000	1.4000000000
95.9600000000	1.5000000000
96.0000000000	1.5000000000
96.0400000000	1.5000000000
96.0800000000	1.5000000000
96.1200000000	1.4000000000
96.1600000000	1.4000000000
96.2000000000	1.4000000000
96.2400000000	1.4000000000
96.2800000000	1.5000000000
96.3200000000	1.5000000000
96.3600000000	1.5000000000
96.4000000000	1.4000000000
96.4400000000	1.4000000000
96.4800000000	1.4000000000
96.5200000000	1.4000000000
96.5600000000	1.4000000000
96.6000000000	1.5000000000
96.6400000000	1.5000000000
96.6800000000	1.5000000000
96.7200000000	1.4000000000
96.7600000000	1.4000000000
96.8000000000	1.4000000000
96.8400000000	1.4000000000
96.8800000000	1.4000000000
96.9200000000	1.5000000000
96.9600000000	1.5000000000
97.0000000000	1.5000000000
97.0400000000	1.4000000000
97.0800000000	1.4000000000
97.1200000000	1.4000000000
97.1600000000	1.4000000000
97.2000000000	1.4000000000
97.2400000000	1.5000000000
97.2800000000	1.5000000000
97.3200000000	1.5000000000
97.3600000000	1.4000000000
97.4000000000	1.4000000000
97.4400000000	1.4000000000
97.4800000000	1.4000000000
97.5200000000	1.4000000000
97.5600000000	1.5000000000
97.6000000000	1.5000000000
97.6400000000	1.5000000000
97.6800000000	1.5000000000
97.7200000000	1.4000000000
97.7600000000	1.4000000000
97.8000000000	1.4000000000
97.8400000000	1.4000000000
97.8800000000	1.5000000000
97.9200000000	1.5000000000
97.9600000000	1.5000000000
98.0000000000	1.4000000000
98.0400000000	1.4000000000
98.0800000000	1.4000000000
98.1200000000	1.4000000000
98.1600000000	1.4000000000
98.2000000000	1.4000000000
98.2400000000	1.5000000000
98.2800000000	1.5000000000
98.3200000000	1.4000000000
98.3600000000	1.4000000000
98.4000000000	1.4000000000
98.4400000000	1.4000000000
98.4800000000	1.4000000000
98.5200000000	1.4000000000
98.5600000000	1.5000000000
98.6000000000	1.5000000000
98.6400000000	1.4000000000
98.6800000000	1.4000000000
98.7200000000	1.4000000000
98.7600000000	1.4000000000
98.8000000000	1.4000000000
98.8400000000	1.4000000000
98.8800000000	1.5000000000
98.9200000000	1.5000000000
98.9600000000	1.4000000000
99.0000000000	1.4000000000
99.0400000000	1.4000000000
99.0800000000	1.4000000000
99.1200000000	1.4000000000
99.1600000000	1.4000000000
99.2000000000	1.5000000000
99.2400000000	1.5000000000
99.2800000000	1.4000000000
99.3200000000	1.4000000000
99.3600000000	1.4000000000
99.4000000000	1.4000000000
99.4400000000	1.4000000000
99.4800000000	1.4000000000
99.5200000000	1.5000000000
99.5600000000	1.5000000000
99.6000000000	1.4000000000
99.6400000000	1.4000000000
99.6800000000	1.4000000000
99.7200000000	1.4000000000
99.7600000000	1.4000000000
99.8000000000	1.4000000000
99.8400000000	1.5000000000
99.8800000000	1.5000000000
99.9200000000	1.4000000000
99.9600000000	1.4000000000
100.0000000000	1.4000000000
100.0400000000	1.4000000000
100.0800000000	1.4000000000
100.1200000000	1.4000000000
100.1600000000	1.5000000000
100.2000000000	1.5000000000
100.2400000000	1.4000000000
100.2800000000	1.4000000000
100.3200000000	1.4000000000
100.3600000000	1.4000000000
100.4000000000	1.4000000000
100.4400000000	1.4000000000
100.4800000000	1.5000000000
100.5200000000	1.5000000000
100.5600000000	1.4000000000
100.6000000000	1.4000000000
100.6400000000	1.4000000000
100.6800000000	1.4000000000
100.7200000000	1.4000000000
100.7600000000	1.4000000000
100.8000000000	1.5000000000
100.8400000000	1.5000000000
100.8800000000	1.4000000000
100.9200000000	1.4000000000
100.9600000000	1.4000000000
101.0000000000	1.4000000000
101.0400000000	1.4000000000
101.0800000000	1.4000000000
101.1200000000	1.5000000000
101.1600000000	1.4000000000
101.2000000000	1.4000000000
101.2400000000	1.4000000000
101.2800000000	1.4000000000
101.3200000000	1.4000000000
101.3600000000	1.4000000000
101.4000000000	1.4000000000
101.4400000000	1.5000000000
101.4800000000	1.4000000000
101.5200000000	1.4000000000
101.5600000000	1.4000000000
101.6000000000	1.4000000000
101.6400000000	1.4000000000
101.6800000000	1.4000000000
101.7200000000	1.4000000000
101.7600000000	1.5000000000
101.8000000000	1.4000000000
101.8400000000	1.4000000000
101.8800000000	1.4000000000
101.9200000000	1.4000000000
101.9600000000	1.4000000000
102.0000000000	1.4000000000
102.0400000000	1.4000000000
102.0800000000	1.5000000000
102.1200000000	1.5000000000
102.1600000000	1.4000000000
102.2000000000	1.4000000000
102.2400000000	1.4000000000
102.2800000000	1.4000000000
102.3200000000	1.4000000000
102.3600000000	1.4000000000
102.4000000000	1.5000000000
102.4400000000	1.5000000000
102.4800000000	1.4000000000
102.5200000000	1.4000000000
102.5600000000	1.4000000000
102.6000000000	1.4000000000
102.6400000000	1.4000000000
102.6800000000	1.4000000000
102.7200000000	1.5000000000
102.7600000000	1.5000000000
102.8000000000	1.4000000000
102.8400000000	1.4000000000
102.8800000000	1.4000000000
102.9200000000	1.4000000000
102.9600000000	1.4000000000
103.0000000000	1.4000000000
103.0400000000	1.5000000000
103.0800000000	1.5000000000
103.1200000000	1.4000000000
103.1600000000	1.4000000000
103.2000000000	1.4000000000
103.2400000000	1.4000000000
103.2800000000	1.4000000000
103.3200000000	1.4000000000
103.3600000000	1.5000000000
