Light Intensity (% of scale max) Alessio_0.16_0.5_lampadina	Position (m) Alessio_0.16_0.5_lampadina
0.02754	0.0
0.02766	0.0
0.0278	0.0
0.02791	0.0
0.0274	0.0
0.02805	0.0
0.02768	0.0
0.02768	0.0
0.02753	0.0
0.02771	0.0
0.02779	0.0
0.02798	0.0
0.02798	0.0
0.02788	0.0
0.0275	0.0
0.0278	0.0
0.02815	0.0
0.02803	-1.9725e-05
0.02756	-1.9725e-05
0.02756	-1.9725e-05
0.02773	-1.9725e-05
0.02771	-1.9725e-05
0.02727	-3.945e-05
0.02763	-3.945e-05
0.02776	-3.945e-05
0.02734	-3.945e-05
0.02754	-3.945e-05
0.02789	-3.945e-05
0.02762	-3.945e-05
0.02736	-5.9175e-05
0.02739	-0.000138075
0.0276	-0.000769275
0.0276	-0.0009468
0.0274	-0.0009468
0.02776	-0.0009468
0.02751	-0.001183
0.02773	-0.00146
0.02737	-0.001696
0.02776	-0.001854
0.02759	-0.002012
0.02809	-0.002367
0.02766	-0.002466
0.02789	-0.002623
0.02779	-0.002702
0.02794	-0.002998
0.02779	-0.00357
0.02765	-0.003787
0.02802	-0.003787
0.02766	-0.003846
0.02811	-0.004004
0.0278	-0.00428
0.02786	-0.004517
0.02776	-0.004596
0.02776	-0.004596
0.02785	-0.004596
0.02802	-0.004576
0.02792	-0.004576
0.02771	-0.004576
0.02789	-0.004576
0.0278	-0.004576
0.0278	-0.004576
0.02786	-0.004576
0.02771	-0.004576
0.02789	-0.004576
0.02783	-0.004596
0.02756	-0.004596
0.02779	-0.004635
0.02817	-0.004655
0.02765	-0.004754
0.02809	-0.004813
0.02794	-0.005089
0.02831	-0.005503
0.02809	-0.005839
0.02875	-0.005957
0.02832	-0.006036
0.02838	-0.006134
0.02811	-0.006253
0.02812	-0.006411
0.02858	-0.006845
0.02844	-0.007318
0.02812	-0.007515
0.0278	-0.007772
0.02809	-0.008087
0.02805	-0.008383
0.02792	-0.008442
0.02808	-0.008501
0.02792	-0.008758
0.02817	-0.009152
0.02846	-0.009271
0.02817	-0.00935
0.02823	-0.009369
0.02866	-0.00935
0.02817	-0.00935
0.02832	-0.00935
0.02835	-0.00935
0.02817	-0.00935
0.02812	-0.00935
0.02785	-0.00935
0.02806	-0.00935
0.02831	-0.00935
0.02837	-0.00935
0.02834	-0.00935
0.02817	-0.00935
0.02809	-0.009409
0.028	-0.009705
0.02814	-0.010336
0.02834	-0.010632
0.02798	-0.010671
0.02826	-0.010987
0.02808	-0.011224
0.02798	-0.011362
0.02773	-0.011579
0.02759	-0.011697
0.02794	-0.011796
0.02776	-0.012111
0.028	-0.012308
0.0282	-0.012427
0.02795	-0.012782
0.02817	-0.013097
0.02817	-0.013314
0.02847	-0.013768
0.02849	-0.013985
0.02863	-0.014044
0.02861	-0.014222
0.02861	-0.014222
0.02812	-0.014202
0.02809	-0.014202
0.02847	-0.014202
0.0282	-0.014202
0.02853	-0.014202
0.02811	-0.014202
0.02856	-0.014202
0.02823	-0.014202
0.02829	-0.014202
0.02827	-0.014202
0.02826	-0.014222
0.02852	-0.014241
0.02806	-0.01436
0.02826	-0.014813
0.02791	-0.01509
0.02788	-0.015188
0.02756	-0.015385
0.02751	-0.015681
0.02789	-0.01576
0.02754	-0.015958
0.02829	-0.016115
0.02779	-0.016332
0.02791	-0.016707
0.02824	-0.017003
0.02812	-0.017121
0.0284	-0.017161
0.02832	-0.017358
0.02863	-0.017713
0.02852	-0.017792
0.02881	-0.018009
0.02837	-0.018127
0.02832	-0.018325
0.02812	-0.018798
0.02803	-0.018936
0.02841	-0.018936
0.02783	-0.019035
0.02782	-0.019054
0.02794	-0.019054
0.02792	-0.019054
0.0278	-0.019035
0.02768	-0.019035
0.02771	-0.019035
0.0275	-0.019035
0.02776	-0.019035
0.02766	-0.019035
0.02779	-0.019035
0.02789	-0.019054
0.02777	-0.019054
0.02831	-0.019054
0.02811	-0.019192
0.02785	-0.019824
0.028	-0.020198
0.02846	-0.020238
0.02843	-0.020238
0.02859	-0.020396
0.02872	-0.020672
0.02888	-0.020948
0.02885	-0.021125
0.02893	-0.021204
0.02888	-0.021421
0.02917	-0.021796
0.02902	-0.022013
0.02878	-0.022112
0.02856	-0.022171
0.02875	-0.022368
0.02907	-0.022486
0.02853	-0.022763
0.02853	-0.023078
0.02879	-0.023098
0.02864	-0.023098
0.02908	-0.023197
0.0287	-0.023335
0.02888	-0.023354
0.02892	-0.023354
0.02863	-0.023354
0.02878	-0.023354
0.02869	-0.023354
0.02853	-0.023354
0.02885	-0.023354
0.02899	-0.023354
0.02881	-0.023354
0.02838	-0.023354
0.02867	-0.023354
0.02867	-0.023354
0.02866	-0.023433
0.02881	-0.023769
0.02847	-0.024045
0.0287	-0.0244
0.02904	-0.024676
0.02899	-0.024814
0.02948	-0.02511
0.02921	-0.025465
0.0293	-0.025623
0.02962	-0.025919
0.02963	-0.026136
0.02914	-0.026234
0.0294	-0.026432
0.0289	-0.02657
0.02901	-0.026629
0.02924	-0.026629
0.02858	-0.026806
0.02863	-0.027082
0.02823	-0.027122
0.02806	-0.02726
0.02789	-0.027516
0.02783	-0.027733
0.02806	-0.028069
0.02837	-0.028207
0.02827	-0.028207
0.02789	-0.028207
0.02832	-0.028207
0.02841	-0.028207
0.02829	-0.028187
0.02849	-0.028187
0.02818	-0.028187
0.02853	-0.028187
0.02832	-0.028187
0.02876	-0.028187
0.02831	-0.028187
0.0285	-0.028187
0.02879	-0.028187
0.02885	-0.028207
0.02873	-0.028207
0.02885	-0.028266
0.02945	-0.028897
0.03001	-0.029252
0.02998	-0.029351
0.03026	-0.029706
0.03033	-0.029785
0.03064	-0.029923
0.03049	-0.03014
0.03056	-0.030219
0.03009	-0.030475
0.02977	-0.030771
0.02907	-0.031067
0.0285	-0.031244
0.02896	-0.031481
0.02904	-0.031816
0.02928	-0.032171
0.02965	-0.03229
0.02995	-0.032507
0.03006	-0.032763
0.02998	-0.032822
0.03032	-0.033059
0.03084	-0.033177
0.03079	-0.033177
0.03064	-0.033158
0.03053	-0.033118
0.03065	-0.033118
0.03056	-0.033118
0.03041	-0.033118
0.03015	-0.033118
0.03033	-0.033118
0.03044	-0.033118
0.03029	-0.033118
0.03032	-0.033158
0.03059	-0.033177
0.03032	-0.033217
0.03091	-0.03369
0.03072	-0.034006
0.03099	-0.034065
0.0307	-0.034282
0.03006	-0.034479
0.02937	-0.034716
0.02863	-0.035071
0.02806	-0.035347
0.02837	-0.035623
0.02882	-0.035959
0.02917	-0.036255
0.02919	-0.036255
0.02884	-0.036255
0.02911	-0.036294
0.02888	-0.036353
0.03001	-0.036629
0.0298	-0.036708
0.03062	-0.036886
0.03085	-0.037162
0.02899	-0.0373
0.03149	-0.037556
0.03181	-0.037675
0.03178	-0.037675
0.03157	-0.037675
0.03215	-0.037675
0.03133	-0.037635
0.03157	-0.037635
0.03107	-0.037635
0.03133	-0.037635
0.03148	-0.037635
0.03084	-0.037635
0.03116	-0.037635
0.03134	-0.037635
0.03137	-0.037675
0.03094	-0.037675
0.0314	-0.037675
0.03111	-0.037694
0.03107	-0.03801
0.02963	-0.038602
0.02893	-0.03872
0.02814	-0.039075
0.02812	-0.03945
0.02835	-0.039647
0.02943	-0.040002
0.03012	-0.040239
0.0302	-0.040278
0.03108	-0.040594
0.03104	-0.040752
0.03154	-0.04089
0.032	-0.041225
0.03204	-0.041245
0.03255	-0.041245
0.03226	-0.041284
0.03249	-0.041304
0.03241	-0.041561
0.0325	-0.041679
0.03267	-0.041679
0.03291	-0.041699
0.03276	-0.041699
0.03236	-0.041699
0.03264	-0.041659
0.03238	-0.041659
0.0325	-0.041659
0.0323	-0.041659
0.03201	-0.041659
0.03256	-0.041659
0.03249	-0.041659
0.03247	-0.041659
0.0321	-0.041659
0.03246	-0.041699
0.03239	-0.041699
0.03198	-0.041699
0.03233	-0.041837
0.0309	-0.042409
0.03084	-0.042448
0.03053	-0.042468
0.02985	-0.042547
0.02988	-0.042705
0.02846	-0.04302
0.02855	-0.043139
0.02887	-0.043217
0.02805	-0.043415
0.02878	-0.043671
0.03046	-0.044066
0.03117	-0.044223
0.03131	-0.044223
0.03223	-0.04446
0.03313	-0.044657
0.03358	-0.044835
0.03441	-0.045151
0.03447	-0.045328
0.03412	-0.045427
0.03407	-0.045427
0.03415	-0.045407
0.03391	-0.045348
0.03384	-0.045348
0.03372	-0.045328
0.03433	-0.045328
0.03362	-0.045328
0.03391	-0.045348
0.03419	-0.045348
0.03398	-0.045348
0.03397	-0.045348
0.03363	-0.045328
0.03384	-0.045407
0.03398	-0.045407
0.03354	-0.045427
0.03365	-0.045486
0.03291	-0.045841
0.03181	-0.046235
0.03128	-0.046433
0.03073	-0.046433
0.03073	-0.046512
0.02983	-0.046788
0.02899	-0.046946
0.02919	-0.047024
0.02901	-0.047103
0.02881	-0.047143
0.0289	-0.047241
0.02867	-0.047478
0.02911	-0.047735
0.02946	-0.047892
0.03104	-0.048109
0.03387	-0.048445
0.036	-0.04874
0.03645	-0.04878
0.03589	-0.04878
0.03635	-0.04878
0.03569	-0.048701
0.03621	-0.048701
0.03629	-0.048701
0.03673	-0.048701
0.03636	-0.048701
0.03627	-0.048701
0.03679	-0.048701
0.03618	-0.048701
0.0363	-0.048701
0.03603	-0.04876
0.03622	-0.04878
0.03662	-0.04878
0.03636	-0.048839
0.03743	-0.049253
0.03688	-0.04951
0.03659	-0.049628
0.0347	-0.049963
0.033	-0.05022
0.0322	-0.050358
0.03091	-0.050614
0.03024	-0.050772
0.02962	-0.051127
0.0296	-0.051463
0.03116	-0.051719
0.03217	-0.052015
0.03404	-0.052271
0.03497	-0.05239
0.0351	-0.05239
0.03503	-0.05239
0.0351	-0.05235
0.03564	-0.05235
0.03535	-0.05235
0.03537	-0.05235
0.0352	-0.05235
0.03537	-0.05235
0.0354	-0.05235
0.03531	-0.05235
0.03535	-0.05235
0.03513	-0.05235
0.03523	-0.05239
0.03493	-0.05239
0.03488	-0.05239
0.03572	-0.052587
0.04166	-0.053238
0.04063	-0.053356
0.03998	-0.053455
0.03946	-0.05381
0.03722	-0.054047
0.03448	-0.054342
0.03238	-0.05454
0.03128	-0.054816
0.0303	-0.055151
0.03059	-0.055191
0.03079	-0.055408
0.03212	-0.055546
0.03238	-0.055605
0.03365	-0.055802
0.03471	-0.05592
0.03561	-0.056019
0.03853	-0.056414
0.03938	-0.056512
0.0396	-0.056611
0.0397	-0.05663
0.03993	-0.05663
0.03986	-0.05663
0.03952	-0.056532
0.0396	-0.056532
0.03935	-0.056532
0.03976	-0.056532
0.04001	-0.056532
0.03995	-0.056532
0.0396	-0.056532
0.03952	-0.056532
0.03973	-0.056532
0.03947	-0.056591
0.03964	-0.05663
0.03951	-0.05663
0.03978	-0.05663
0.03938	-0.05669
0.04033	-0.057143
0.03862	-0.057459
0.03865	-0.057459
0.03786	-0.057636
0.03633	-0.057873
0.03383	-0.05813
0.03268	-0.058248
0.03032	-0.058564
0.0287	-0.05884
0.02791	-0.059037
0.02792	-0.059175
0.0293	-0.059491
0.03178	-0.059767
0.03354	-0.059865
0.03719	-0.060102
0.04053	-0.060299
0.04158	-0.060339
0.04362	-0.060437
0.04832	-0.060733
0.04776	-0.060753
0.04808	-0.060753
0.04759	-0.060714
0.04802	-0.060694
0.04784	-0.060694
0.04855	-0.060694
0.04851	-0.060694
0.04836	-0.060694
0.0479	-0.060694
0.04794	-0.060733
0.0481	-0.060733
0.04816	-0.060753
0.04831	-0.060773
0.04933	-0.061108
0.04683	-0.061463
0.04512	-0.061621
0.03917	-0.061956
0.03711	-0.062055
0.03104	-0.06243
0.02916	-0.062864
0.03014	-0.063081
0.03262	-0.063357
0.03564	-0.063593
0.04037	-0.06383
0.04689	-0.064225
0.04832	-0.064382
0.05	-0.064501
0.05061	-0.064639
0.05096	-0.064737
0.05084	-0.064737
0.05083	-0.064737
0.05122	-0.064718
0.05118	-0.064698
0.0515	-0.064718
0.05132	-0.064718
0.05161	-0.064718
0.0515	-0.064718
0.05153	-0.064718
0.05135	-0.064718
0.05159	-0.064737
0.05203	-0.064737
0.05014	-0.065053
0.04472	-0.065901
0.03835	-0.066138
0.03493	-0.066394
0.03099	-0.06669
0.02948	-0.066868
0.02943	-0.066947
0.02957	-0.067085
0.03333	-0.067578
0.03709	-0.067716
0.04199	-0.067953
0.04709	-0.06813
0.04837	-0.068189
0.05356	-0.068446
0.05684	-0.068604
0.05821	-0.068722
0.05966	-0.068899
0.06029	-0.068939
0.05983	-0.068978
0.05945	-0.069235
0.05881	-0.069294
0.05832	-0.069373
0.05527	-0.06955
0.05481	-0.06959
0.05252	-0.069688
0.05022	-0.069728
0.04857	-0.069827
0.04648	-0.069866
0.04636	-0.069866
0.04648	-0.069846
0.04601	-0.069846
0.04582	-0.069846
0.04596	-0.069846
0.04616	-0.069846
0.04669	-0.069846
0.04643	-0.069846
0.04677	-0.069846
0.04625	-0.069846
0.04665	-0.069866
0.04659	-0.069866
0.04213	-0.070122
0.03061	-0.070635
0.0296	-0.070773
0.03151	-0.07103
0.0322	-0.071089
0.03719	-0.071306
0.04536	-0.071602
0.05225	-0.071799
0.06181	-0.072095
0.0647	-0.072233
0.06781	-0.07241
0.0687	-0.072627
0.06915	-0.072687
0.06718	-0.072904
0.06276	-0.07314
0.06012	-0.073259
0.05203	-0.073574
0.05118	-0.073594
0.05133	-0.073594
0.04933	-0.073633
0.0486	-0.073633
0.04581	-0.073732
0.04462	-0.073752
0.04448	-0.073752
0.0446	-0.073732
0.04405	-0.073732
0.04459	-0.073693
0.04411	-0.073693
0.04477	-0.073693
0.04451	-0.073693
0.04416	-0.073693
0.0448	-0.073693
0.04474	-0.073693
0.04524	-0.073693
0.0451	-0.073693
0.04491	-0.073693
0.04509	-0.073693
0.04497	-0.073693
0.04512	-0.073693
0.04445	-0.073712
0.04482	-0.073712
0.04489	-0.073732
0.04503	-0.073752
0.04369	-0.073791
0.03951	-0.07387
0.03018	-0.074442
0.02991	-0.07458
0.03003	-0.074699
0.03815	-0.075211
0.05132	-0.075547
0.06339	-0.075803
0.06905	-0.075902
0.07103	-0.075941
0.07788	-0.076198
0.08247	-0.076296
0.08449	-0.076415
0.08658	-0.076789
0.08232	-0.076967
0.08096	-0.077026
0.07684	-0.077204
0.06558	-0.07746
0.06281	-0.07748
0.06284	-0.07748
0.06305	-0.07748
0.06259	-0.07748
0.06239	-0.07748
0.06226	-0.07748
0.06194	-0.07748
0.06221	-0.07748
0.06194	-0.07748
0.06265	-0.07748
0.06238	-0.07748
0.06252	-0.07748
0.06218	-0.07748
0.06267	-0.07748
0.06239	-0.07748
0.06248	-0.0775
0.06235	-0.077539
0.05551	-0.077815
0.04001	-0.07815
0.03654	-0.078348
0.03442	-0.078959
0.04628	-0.079196
0.0508	-0.079354
0.07253	-0.079689
0.08846	-0.079926
0.10641	-0.0803
0.11058	-0.08036
0.11154	-0.080439
0.11365	-0.080734
0.10774	-0.08105
0.10156	-0.081129
0.09648	-0.081267
0.0797	-0.081543
0.06123	-0.081701
0.05711	-0.0818
0.03766	-0.082253
0.03529	-0.08251
0.0358	-0.08251
0.03586	-0.08251
0.03563	-0.08249
0.03653	-0.08249
0.03618	-0.08249
0.03636	-0.08249
0.03647	-0.08249
0.03618	-0.08249
0.03618	-0.08249
0.03642	-0.08249
0.03561	-0.08249
0.03606	-0.08251
0.03577	-0.08251
0.03712	-0.082549
0.05013	-0.082806
0.07321	-0.083042
0.08269	-0.083141
0.10765	-0.083338
0.11636	-0.083397
0.14363	-0.083654
0.18098	-0.083989
0.19836	-0.084324
0.1788	-0.084877
0.16869	-0.084956
0.15236	-0.085153
0.08102	-0.085705
0.04756	-0.086001
0.03838	-0.086179
0.04767	-0.086514
0.05275	-0.086553
0.06396	-0.086652
0.09238	-0.086829
0.09807	-0.086829
0.09798	-0.086829
0.09985	-0.086829
0.1032	-0.086829
0.1021	-0.08679
0.10234	-0.08679
0.10464	-0.08679
0.10448	-0.08679
0.10477	-0.08679
0.10283	-0.08679
0.1031	-0.08679
0.10287	-0.08679
0.10307	-0.08679
0.10216	-0.08681
0.10664	-0.086849
0.13583	-0.086968
0.20253	-0.087224
0.25163	-0.087401
0.28535	-0.08754
0.31342	-0.087658
0.37547	-0.087993
0.38741	-0.088112
0.39413	-0.08825
0.39273	-0.088388
0.39268	-0.088427
0.38268	-0.088585
0.31854	-0.088979
0.16304	-0.089453
0.11089	-0.089571
0.0975	-0.08965
0.04837	-0.089966
0.04324	-0.090064
0.06703	-0.090321
0.1508	-0.090577
0.20537	-0.090676
0.48807	-0.090991
0.58272	-0.091208
0.63019	-0.091248
0.74507	-0.091386
0.77765	-0.091425
0.78023	-0.091425
0.78163	-0.091425
0.78596	-0.091425
0.79036	-0.091425
0.77098	-0.091406
0.77376	-0.091406
0.76993	-0.091406
0.77995	-0.091406
0.78607	-0.091406
0.77942	-0.091406
0.77269	-0.091425
0.77333	-0.091425
0.76688	-0.091425
0.76936	-0.091445
0.85023	-0.091642
1.05415	-0.09255
0.7361	-0.092944
0.6936	-0.092984
0.50058	-0.093181
0.35796	-0.093358
0.26166	-0.093477
0.07895	-0.093812
0.19473	-0.094167
0.54694	-0.094424
0.89532	-0.094562
1.03635	-0.094621
1.59947	-0.094818
1.95078	-0.094917
2.8091	-0.095035
5.15239	-0.09541
7.5585	-0.095765
7.79048	-0.095804
7.8183	-0.095804
7.8343	-0.095804
7.89047	-0.095785
8.01433	-0.095785
7.95126	-0.095785
7.99187	-0.095785
8.0759	-0.095785
8.08348	-0.095785
8.07246	-0.095785
8.04463	-0.095785
8.02808	-0.095785
8.03996	-0.095785
8.02582	-0.095785
8.02606	-0.095804
8.03831	-0.095824
9.15494	-0.095903
14.19684	-0.096416
15.78712	-0.096613
16.49335	-0.096791
19.94728	-0.097402
20.04092	-0.097442
20.28998	-0.09754
20.53616	-0.097935
20.45856	-0.097974
20.15292	-0.098092
18.79457	-0.098428
17.61516	-0.098645
15.02315	-0.099118
9.90831	-0.099532
9.35982	-0.099611
8.26643	-0.099769
7.03552	-0.099887
6.96451	-0.099887
6.87022	-0.099887
6.79825	-0.099887
6.81325	-0.099868
6.84685	-0.099868
6.79341	-0.099868
6.80466	-0.099868
6.72491	-0.099868
6.73615	-0.099868
6.79083	-0.099868
6.78452	-0.099868
6.80763	-0.099868
6.84991	-0.099887
6.89793	-0.099887
6.90242	-0.099887
6.37074	-0.099986
3.1843	-0.100538
1.74649	-0.100795
1.31982	-0.100953
0.86455	-0.101051
0.57635	-0.10115
0.17354	-0.101446
0.0905	-0.10186
0.27271	-0.102254
0.43567	-0.102471
0.47127	-0.102511
0.58656	-0.102688
0.75128	-0.102945
0.80693	-0.103043
0.88228	-0.103339
0.90286	-0.103517
0.8969	-0.103576
0.86064	-0.103734
0.84756	-0.103793
0.84512	-0.103793
0.84268	-0.103793
0.83868	-0.103793
0.84135	-0.103793
0.83708	-0.103793
0.84035	-0.103793
0.8394	-0.103793
0.84406	-0.103793
0.84572	-0.103793
0.84581	-0.103793
0.84497	-0.103793
0.8455	-0.103793
0.84709	-0.103793
0.84874	-0.103793
0.84648	-0.103793
0.82236	-0.103872
0.48468	-0.104562
0.29489	-0.104858
0.23306	-0.105016
0.07309	-0.105489
0.05125	-0.105608
0.04173	-0.105923
0.06383	-0.106121
0.07942	-0.106219
0.14417	-0.106535
0.21756	-0.106811
0.25897	-0.106988
0.3134	-0.107324
0.33583	-0.10756
0.34445	-0.107699
0.32826	-0.107975
0.29721	-0.108172
0.28198	-0.108231
0.24765	-0.10833
0.2121	-0.108507
0.15569	-0.108764
0.15013	-0.108783
0.14989	-0.108783
0.15109	-0.108764
0.14975	-0.108744
0.15042	-0.108744
0.15039	-0.108744
0.14941	-0.108744
0.1485	-0.108744
0.15036	-0.108744
0.15157	-0.108744
0.15182	-0.108744
0.15431	-0.108764
0.15327	-0.108783
0.15298	-0.108783
0.15367	-0.108783
0.12465	-0.108902
0.10927	-0.108981
0.06871	-0.109217
0.04115	-0.109493
0.05157	-0.109908
0.09875	-0.110282
0.14502	-0.110559
0.18036	-0.110795
0.21194	-0.111091
0.21938	-0.111387
0.20021	-0.111742
0.19373	-0.111821
0.15956	-0.112097
0.14	-0.112235
0.09436	-0.11259
0.07019	-0.112728
0.05962	-0.112847
0.04716	-0.112965
0.04256	-0.113005
0.04239	-0.113005
0.04305	-0.112985
0.04184	-0.112965
0.04276	-0.112965
0.04294	-0.112965
0.04268	-0.112965
0.04308	-0.112965
0.04291	-0.112965
0.04318	-0.112965
0.04259	-0.112965
0.04277	-0.112965
0.04358	-0.112965
0.04337	-0.112985
0.04239	-0.112985
0.04272	-0.112985
0.04208	-0.113005
0.03439	-0.113202
0.04381	-0.113794
0.05759	-0.114011
0.07329	-0.114227
0.08624	-0.114405
0.09393	-0.114523
0.1127	-0.114898
0.11674	-0.115016
0.1205	-0.115214
0.11259	-0.115707
0.09918	-0.115963
0.09294	-0.116062
0.09119	-0.116101
0.07735	-0.116358
0.04863	-0.116851
0.04132	-0.11695
0.03854	-0.117028
0.03156	-0.117443
0.03578	-0.117778
0.04341	-0.117975
0.04727	-0.118034
0.04807	-0.118034
0.04875	-0.117995
0.04883	-0.117995
0.0481	-0.117995
0.0481	-0.117995
0.04855	-0.117995
0.04849	-0.117995
0.04898	-0.117995
0.04846	-0.117995
0.04854	-0.117995
0.04842	-0.118015
0.0479	-0.118015
0.04781	-0.118015
0.04794	-0.118034
0.04814	-0.118034
0.05011	-0.118074
0.05566	-0.118172
0.07349	-0.118488
0.07944	-0.118567
0.08063	-0.118587
0.08891	-0.118725
0.09846	-0.118922
0.10411	-0.1191
0.10553	-0.119455
0.10423	-0.119514
0.09576	-0.11977
0.07581	-0.120106
0.07355	-0.120125
0.06538	-0.120283
0.05365	-0.120461
0.05302	-0.120461
0.04787	-0.120559
0.04285	-0.120658
0.03915	-0.120756
0.03542	-0.120855
0.03362	-0.120954
0.03143	-0.121072
0.03128	-0.121368
0.03262	-0.121467
0.0338	-0.121506
0.03497	-0.121565
0.03513	-0.121565
0.0354	-0.121565
0.03531	-0.121545
0.03531	-0.121526
0.03497	-0.121526
0.03513	-0.121526
0.03564	-0.121526
0.03516	-0.121526
0.03505	-0.121526
0.03464	-0.121526
0.03465	-0.121526
0.03423	-0.121545
0.03484	-0.121565
0.03482	-0.121565
0.03485	-0.121565
0.04497	-0.122137
0.06323	-0.122591
0.06552	-0.12265
0.06679	-0.122867
0.06921	-0.123123
0.06877	-0.12334
0.0652	-0.123715
0.05608	-0.12407
0.05029	-0.124327
0.04184	-0.124642
0.0386	-0.124741
0.03703	-0.12484
0.03426	-0.125096
0.03387	-0.125155
0.03416	-0.125254
0.03806	-0.125629
0.04211	-0.125727
0.04599	-0.125865
0.05244	-0.126023
0.05299	-0.126023
0.05287	-0.126023
0.05281	-0.126003
0.05287	-0.125944
0.05322	-0.125944
0.05296	-0.125944
0.05258	-0.125944
0.05281	-0.125944
0.05269	-0.125944
0.0527	-0.125944
0.05246	-0.125944
0.05278	-0.126003
0.05307	-0.126023
0.05283	-0.126023
0.05292	-0.126023
0.06468	-0.126437
0.07559	-0.127088
0.06854	-0.127463
0.0587	-0.127739
0.05411	-0.127877
0.04681	-0.128074
0.04185	-0.128252
0.03561	-0.128508
0.03168	-0.128706
0.03137	-0.128785
0.02934	-0.12908
0.02954	-0.12914
0.02956	-0.129218
0.03082	-0.129455
0.0311	-0.129475
0.03096	-0.129475
0.03114	-0.129455
0.03116	-0.129416
0.03151	-0.129416
0.0316	-0.129416
0.03146	-0.129416
0.03207	-0.129416
0.03148	-0.129416
0.03117	-0.129416
0.03157	-0.129416
0.03146	-0.129416
0.03117	-0.129455
0.0316	-0.129475
0.03136	-0.129475
0.03136	-0.129475
0.03113	-0.129475
0.03178	-0.129495
0.0343	-0.129672
0.03726	-0.130027
0.04341	-0.130323
0.04822	-0.130599
0.05151	-0.130895
0.0542	-0.131132
0.05389	-0.13129
0.0538	-0.131428
0.05191	-0.131605
0.04872	-0.131842
0.04454	-0.132059
0.03935	-0.132276
0.03568	-0.132473
0.03101	-0.132769
0.02931	-0.132966
0.02928	-0.133045
0.03033	-0.133183
0.03108	-0.133302
0.03241	-0.13342
0.0334	-0.133499
0.03395	-0.133538
0.03391	-0.133538
0.03397	-0.133459
0.03416	-0.13344
0.03416	-0.133361
0.03439	-0.133361
0.03456	-0.133361
0.03465	-0.133361
0.03484	-0.133361
0.03474	-0.133361
0.03447	-0.133361
0.03418	-0.13342
0.03444	-0.13342
0.03378	-0.133479
0.03412	-0.133499
0.03374	-0.133499
0.03525	-0.133578
0.04149	-0.133972
0.0462	-0.134446
0.047	-0.134584
0.04773	-0.134722
0.04797	-0.13484
0.04784	-0.135018
0.04723	-0.135314
0.04649	-0.135373
0.04564	-0.135452
0.04459	-0.13557
0.04036	-0.135905
0.03799	-0.136162
0.03725	-0.136221
0.0361	-0.1363
0.03395	-0.136438
0.03339	-0.136458
0.03174	-0.136734
0.03	-0.13703
0.02957	-0.137069
0.03087	-0.137424
0.03398	-0.137582
0.03403	-0.137582
0.03386	-0.137582
0.03368	-0.137582
0.03407	-0.137542
0.03429	-0.137523
0.03407	-0.137523
0.0336	-0.137542
0.03476	-0.137542
0.03461	-0.137542
0.03448	-0.137542
0.03441	-0.137542
0.03441	-0.137582
0.03421	-0.137582
0.03407	-0.137582
0.0341	-0.137582
0.03841	-0.137838
0.04321	-0.138174
0.04344	-0.138193
0.04568	-0.138391
0.04631	-0.138568
0.04626	-0.138746
0.04492	-0.139081
0.04272	-0.139337
0.03867	-0.139614
0.03452	-0.140067
0.03262	-0.140284
0.02989	-0.140639
0.02928	-0.140837
0.0293	-0.140876
0.02921	-0.141093
0.0303	-0.14127
0.03131	-0.141389
0.0318	-0.141428
0.03149	-0.141409
0.03177	-0.141389
0.03143	-0.141389
0.0316	-0.141389
0.03157	-0.141389
0.03183	-0.141389
0.03154	-0.141389
0.03139	-0.141389
0.03125	-0.141389
0.03157	-0.141389
0.03154	-0.141409
0.03148	-0.141409
0.03156	-0.141409
0.03159	-0.141409
0.03171	-0.141409
0.0318	-0.141428
0.03493	-0.141724
0.04025	-0.142099
0.04117	-0.142119
0.04253	-0.142198
0.04428	-0.142375
0.04489	-0.142592
0.04378	-0.142908
0.0426	-0.143065
0.04037	-0.143263
0.03879	-0.143401
0.03831	-0.14346
0.03662	-0.143598
0.034	-0.143894
0.03192	-0.144052
0.03142	-0.14419
0.02925	-0.144505
0.02934	-0.144624
0.02899	-0.144624
0.02901	-0.144624
0.02905	-0.144742
0.02873	-0.144821
0.02913	-0.14488
0.02875	-0.144939
0.02925	-0.144959
0.02924	-0.144959
0.02895	-0.144939
0.02933	-0.144939
0.02892	-0.144939
0.02914	-0.144939
0.02895	-0.144939
0.02863	-0.144939
0.02866	-0.144939
0.02911	-0.144939
0.02913	-0.144939
0.02892	-0.144959
0.02905	-0.144959
0.02863	-0.144959
0.02879	-0.144959
0.02895	-0.145018
0.03139	-0.145472
0.03546	-0.145847
0.03682	-0.145906
0.04109	-0.1463
0.0423	-0.146478
0.04173	-0.146754
0.03792	-0.147208
0.03731	-0.147287
0.03517	-0.147484
0.03235	-0.147839
0.03244	-0.147839
0.03168	-0.147918
0.03079	-0.148135
0.03052	-0.148154
0.03009	-0.148154
0.03032	-0.148154
0.03036	-0.148135
0.03011	-0.148135
0.03026	-0.148135
0.03027	-0.148135
0.03038	-0.148135
0.03011	-0.148135
0.03026	-0.148135
0.03	-0.148135
0.03021	-0.148135
0.03008	-0.148135
0.02956	-0.148135
0.03003	-0.148154
0.03046	-0.148154
0.02927	-0.148352
0.02841	-0.148766
0.02872	-0.148786
0.02911	-0.149022
0.03236	-0.149516
0.03308	-0.149614
0.03561	-0.14989
0.03908	-0.150265
0.03931	-0.150285
0.03946	-0.150482
0.039	-0.150699
0.03625	-0.151034
0.03169	-0.151646
0.03049	-0.151863
0.03059	-0.151922
0.02945	-0.152316
0.02925	-0.152533
0.02919	-0.152672
0.02966	-0.152908
0.02972	-0.152928
0.02936	-0.152928
0.02956	-0.152908
0.02977	-0.152908
0.02968	-0.15279
0.0298	-0.152731
0.03001	-0.152731
0.03023	-0.152731
0.02992	-0.152731
0.0302	-0.152731
0.03024	-0.152731
0.02986	-0.152731
0.03026	-0.15275
0.02977	-0.15277
0.02948	-0.15281
0.02962	-0.152908
0.03009	-0.153105
0.03278	-0.153461
0.0368	-0.153993
0.03682	-0.154605
0.03651	-0.154683
0.03609	-0.154723
0.03406	-0.155039
0.03233	-0.155334
0.03174	-0.155413
0.03137	-0.155532
0.03041	-0.155729
0.0295	-0.155966
0.0291	-0.156439
0.0295	-0.156715
0.02939	-0.156833
0.03188	-0.157287
0.03276	-0.157445
0.03381	-0.157622
0.0343	-0.158017
0.03474	-0.158017
0.0343	-0.158017
0.03467	-0.158017
0.03462	-0.157918
0.03429	-0.157859
0.03453	-0.157859
0.03429	-0.157879
0.03424	-0.157879
0.03448	-0.157879
0.03455	-0.157879
0.03424	-0.157879
0.03442	-0.157879
0.03459	-0.157879
0.03476	-0.157997
0.03423	-0.157997
0.03423	-0.158017
0.03458	-0.158214
0.03391	-0.158589
0.03293	-0.158767
0.03183	-0.159122
0.03104	-0.159457
0.03094	-0.159496
0.03036	-0.159634
0.0294	-0.159989
0.02916	-0.160542
0.03044	-0.160995
0.03168	-0.161212
0.03185	-0.161311
0.0332	-0.161725
0.03365	-0.162061
0.03348	-0.16208
0.03401	-0.162238
0.03383	-0.162297
0.03407	-0.162337
0.03418	-0.162613
0.03363	-0.162751
0.03418	-0.162771
0.03366	-0.162771
0.03366	-0.162771
0.0336	-0.162771
0.03384	-0.162731
0.03358	-0.162712
0.03334	-0.162712
0.03375	-0.162712
0.03342	-0.162712
0.03333	-0.162712
0.03375	-0.162712
0.03331	-0.162712
0.03366	-0.162731
0.03348	-0.162771
0.03325	-0.162988
0.03139	-0.163422
0.03014	-0.163678
0.02983	-0.163757
0.02942	-0.163816
0.02849	-0.164191
0.02986	-0.164842
0.02989	-0.16498
0.03084	-0.165118
0.03145	-0.165296
0.03305	-0.165789
0.03371	-0.165946
0.03439	-0.166025
0.03487	-0.16638
0.03391	-0.166676
0.03267	-0.166893
0.03195	-0.167071
0.03134	-0.16713
0.03133	-0.16713
0.03165	-0.16713
0.03156	-0.16713
0.03146	-0.16709
0.03139	-0.16709
0.03111	-0.16709
0.03111	-0.16709
0.03143	-0.16709
0.03152	-0.16709
0.03162	-0.16709
0.0314	-0.16711
0.03185	-0.16711
0.03152	-0.16713
0.03096	-0.167248
0.02925	-0.167899
0.02939	-0.16857
0.03061	-0.168807
0.03143	-0.169024
0.03293	-0.16926
0.03319	-0.169379
0.03358	-0.169911
0.03174	-0.170424
0.03114	-0.17074
0.02977	-0.17141
0.02957	-0.171469
0.02956	-0.171509
0.02916	-0.171548
0.02911	-0.171548
0.0287	-0.171805
0.02875	-0.171824
0.02859	-0.171824
0.02896	-0.171844
0.02893	-0.171844
0.02902	-0.171844
0.02878	-0.171824
0.02904	-0.171726
0.02896	-0.171726
0.02901	-0.171726
0.02925	-0.171726
0.02901	-0.171726
0.02917	-0.171726
0.02939	-0.171726
0.02946	-0.171726
0.02893	-0.171746
0.02959	-0.171824
0.02937	-0.171884
0.0298	-0.172337
0.03029	-0.172515
0.03011	-0.172574
0.03046	-0.17283
0.03104	-0.173067
0.03156	-0.173324
0.03215	-0.1736
0.03172	-0.173777
0.03256	-0.174211
0.03276	-0.174783
0.03198	-0.174842
0.03177	-0.174941
0.02991	-0.175296
0.02975	-0.175336
0.02917	-0.175474
0.02902	-0.175592
0.02849	-0.17573
0.02888	-0.175967
0.02878	-0.176125
0.02882	-0.176263
0.02922	-0.17648
0.02951	-0.176598
0.02968	-0.176598
0.02959	-0.176578
0.02989	-0.176578
0.02971	-0.176578
0.02957	-0.176578
0.02966	-0.176578
0.03023	-0.176578
0.02965	-0.176578
0.02946	-0.176578
0.02948	-0.176578
0.02959	-0.176578
0.02992	-0.176578
0.02997	-0.176578
0.02963	-0.176598
0.03073	-0.176775
0.032	-0.177328
0.03299	-0.177762
0.03264	-0.178196
0.0316	-0.178452
0.03107	-0.178669
0.03027	-0.179004
0.03032	-0.179202
0.02946	-0.179438
0.02925	-0.179774
0.02907	-0.179793
0.02914	-0.179793
0.02931	-0.179793
0.02908	-0.179793
0.02936	-0.179793
0.02911	-0.179793
0.02895	-0.179793
0.02858	-0.179793
0.0289	-0.179793
0.0289	-0.179793
0.02908	-0.179793
0.02876	-0.179793
0.02925	-0.179793
0.02922	-0.179793
0.02864	-0.179793
0.02884	-0.179774
0.02875	-0.179774
0.02928	-0.179695
0.02924	-0.179478
0.02859	-0.179458
0.02907	-0.179419
0.02919	-0.179182
0.02907	-0.178906
0.02951	-0.178432
0.02979	-0.178413
0.03011	-0.178353
0.02969	-0.178255
0.02972	-0.178235
0.03059	-0.178097
0.03049	-0.178018
0.03055	-0.177939
0.03075	-0.177841
0.03094	-0.177801
0.03133	-0.177624
0.0322	-0.177407
0.0325	-0.17715
0.0327	-0.176716
0.03224	-0.176598
0.03076	-0.176361
0.0296	-0.175927
0.02884	-0.175789
0.02859	-0.175513
0.0285	-0.175276
0.02881	-0.175276
0.02861	-0.175276
0.0282	-0.175276
0.02837	-0.175276
0.02876	-0.175276
0.02853	-0.175296
0.02852	-0.175296
0.02876	-0.175296
0.02856	-0.175296
0.02859	-0.175296
0.02838	-0.175296
0.02858	-0.175276
0.0287	-0.175276
0.02911	-0.175158
0.02914	-0.174862
0.02989	-0.174645
0.03075	-0.174428
0.03162	-0.17427
0.0327	-0.173856
0.0323	-0.173521
0.03223	-0.173343
0.03198	-0.173047
0.03157	-0.17283
0.03108	-0.172613
0.03053	-0.17216
0.02998	-0.171943
0.02988	-0.171805
0.02901	-0.17145
0.02911	-0.171371
0.02907	-0.171252
0.02936	-0.171252
0.02921	-0.171252
0.02904	-0.171252
0.02911	-0.171252
0.0289	-0.171272
0.02917	-0.171272
0.02873	-0.171272
0.02893	-0.171272
0.02902	-0.171272
0.02924	-0.171272
0.02875	-0.171272
0.02856	-0.171252
0.0287	-0.171252
0.02927	-0.171252
0.02914	-0.171193
0.02966	-0.170878
0.03035	-0.170542
0.03107	-0.170266
0.0316	-0.169931
0.03192	-0.169832
0.03337	-0.169517
0.03346	-0.169004
0.03297	-0.168866
0.03149	-0.16855
0.03046	-0.168313
0.03056	-0.168254
0.02962	-0.167998
0.02921	-0.167899
0.02959	-0.167899
0.02939	-0.167899
0.02966	-0.167899
0.02989	-0.167899
0.02959	-0.167899
0.02933	-0.167899
0.02957	-0.167899
0.0296	-0.167899
0.0294	-0.167899
0.02916	-0.167899
0.02971	-0.167899
0.02945	-0.167899
0.02948	-0.167899
0.02945	-0.167899
0.0295	-0.167899
0.02913	-0.167761
0.02907	-0.167307
0.03032	-0.166834
0.03183	-0.166499
0.03424	-0.166085
0.03497	-0.165789
0.03487	-0.165591
0.03384	-0.165335
0.03363	-0.165256
0.033	-0.165059
0.03192	-0.164802
0.03087	-0.164625
0.03108	-0.164566
0.03075	-0.164467
0.03008	-0.164388
0.03004	-0.164368
0.03003	-0.164388
0.03033	-0.164388
0.03018	-0.164388
0.03043	-0.164388
0.03032	-0.164388
0.0302	-0.164388
0.03017	-0.164388
0.03026	-0.164388
0.03027	-0.164388
0.03029	-0.164388
0.03029	-0.164388
0.03024	-0.164388
0.03008	-0.16429
0.02927	-0.163639
0.02896	-0.163422
0.02933	-0.163382
0.02937	-0.163224
0.03023	-0.163106
0.03046	-0.163007
0.03181	-0.162751
0.03294	-0.162455
0.03348	-0.162278
0.03384	-0.162179
0.03378	-0.162021
0.03374	-0.161567
0.03326	-0.161291
0.03322	-0.161291
0.03288	-0.161291
0.03294	-0.161311
0.0327	-0.161331
0.0329	-0.161429
0.0327	-0.161429
0.03293	-0.161429
0.03304	-0.161429
0.0332	-0.161429
0.03271	-0.161429
0.03304	-0.161429
0.03291	-0.161272
0.03311	-0.161212
0.0329	-0.161074
0.03249	-0.160995
0.03285	-0.160956
0.03273	-0.160877
0.03229	-0.160778
0.03082	-0.160384
0.02895	-0.159773
0.0296	-0.15926
0.02983	-0.159023
0.03058	-0.158786
0.0318	-0.158628
0.03223	-0.158411
0.03351	-0.157978
0.03413	-0.157622
0.03392	-0.157563
0.03429	-0.157445
0.03456	-0.157406
0.03429	-0.157406
0.03464	-0.157406
0.03421	-0.157406
0.03429	-0.157425
0.03409	-0.157425
0.03452	-0.157445
0.03458	-0.157445
0.03435	-0.157445
0.03435	-0.157445
0.03412	-0.157445
0.0345	-0.157425
0.03418	-0.157406
0.03444	-0.157386
0.03406	-0.157327
0.03426	-0.15707
0.03232	-0.156695
0.03195	-0.156617
0.03143	-0.156557
0.02908	-0.155985
0.02946	-0.155394
0.02985	-0.155196
0.03328	-0.154545
0.03555	-0.154033
0.03694	-0.153855
0.03775	-0.153579
0.03778	-0.1535
0.03603	-0.153165
0.03343	-0.152514
0.03088	-0.152376
0.03058	-0.152316
0.03003	-0.152198
0.0298	-0.152178
0.0296	-0.152198
0.02962	-0.152198
0.02951	-0.152257
0.02899	-0.152336
0.02866	-0.152336
0.02881	-0.152336
0.02892	-0.152336
0.02879	-0.152336
0.02861	-0.152336
0.02864	-0.15204
0.02902	-0.151784
0.03029	-0.151212
0.03133	-0.151015
0.032	-0.150798
0.03616	-0.150285
0.03786	-0.150028
0.03908	-0.149871
0.03714	-0.149239
0.03438	-0.148924
0.03258	-0.148746
0.02971	-0.148352
0.02873	-0.148135
0.0287	-0.14778
0.03024	-0.147326
0.03085	-0.147247
0.03409	-0.146813
0.03471	-0.146734
0.03473	-0.146734
0.03548	-0.146754
0.03795	-0.146853
0.03807	-0.146833
0.03816	-0.146833
0.03841	-0.146833
0.03848	-0.146853
0.03833	-0.146833
0.03886	-0.146774
0.03845	-0.146695
0.03893	-0.146557
0.04262	-0.145886
0.0407	-0.145373
0.04048	-0.145314
0.03972	-0.145275
0.03947	-0.145235
0.03784	-0.145117
0.03079	-0.144446
0.02823	-0.143973
0.02943	-0.143815
0.03075	-0.143361
0.03403	-0.143006
0.03477	-0.142927
0.03751	-0.142691
0.04201	-0.142276
0.04385	-0.142099
0.0446	-0.141921
0.04407	-0.141566
0.04332	-0.141468
0.04352	-0.141468
0.04335	-0.141468
0.03761	-0.141566
0.03697	-0.141586
0.03763	-0.141586
0.03717	-0.141586
0.03679	-0.141586
0.03691	-0.141586
0.03677	-0.141507
0.03709	-0.141507
0.03554	-0.140896
0.02927	-0.140126
0.03064	-0.13989
0.03349	-0.139436
0.03929	-0.138982
0.0443	-0.13845
0.04312	-0.1377
0.0343	-0.137404
0.03026	-0.136931
0.03079	-0.136615
0.03101	-0.136615
0.03098	-0.136615
0.03098	-0.136615
0.03119	-0.136675
0.03085	-0.136714
0.03084	-0.136714
0.03101	-0.136714
0.03082	-0.136714
0.03075	-0.136714
0.03107	-0.136714
0.03082	-0.136714
0.03079	-0.136714
0.03087	-0.136714
0.03131	-0.136615
0.03156	-0.136615
0.03429	-0.136201
0.04062	-0.135649
0.04529	-0.135333
0.04863	-0.13488
0.04858	-0.134761
0.047	-0.134544
0.04489	-0.134189
0.04263	-0.133933
0.04041	-0.133795
0.03728	-0.133578
0.03542	-0.133459
0.03206	-0.133242
0.02939	-0.132947
0.03006	-0.13271
0.03188	-0.132552
0.03224	-0.132493
0.03415	-0.132374
0.03519	-0.132355
0.0359	-0.132374
0.03569	-0.132434
0.03609	-0.132453
0.03647	-0.132453
0.03653	-0.132453
0.0363	-0.132453
0.03609	-0.132453
0.03671	-0.132453
0.03665	-0.132453
0.03653	-0.132374
0.03665	-0.132374
0.03799	-0.132296
0.05234	-0.131625
0.05573	-0.131152
0.05296	-0.130796
0.04845	-0.13052
0.04712	-0.130461
0.04529	-0.130323
0.03909	-0.130067
0.03391	-0.129751
0.02997	-0.129455
0.02919	-0.129061
0.02945	-0.128962
0.03189	-0.128725
0.03596	-0.128528
0.03741	-0.128469
0.0419	-0.128291
0.04918	-0.128074
0.06042	-0.127779
0.06781	-0.127522
0.06772	-0.127522
0.06802	-0.127522
0.06721	-0.127581
0.06657	-0.127581
0.06657	-0.127581
0.0667	-0.127581
0.06686	-0.127581
0.06731	-0.127581
0.06735	-0.127581
0.06776	-0.127562
0.06747	-0.127522
0.06776	-0.127522
0.06773	-0.127522
0.06802	-0.127522
0.07701	-0.127108
0.07715	-0.12697
0.07799	-0.126812
0.07761	-0.126635
0.07727	-0.126575
0.07686	-0.126358
0.07376	-0.126141
0.06598	-0.125905
0.04614	-0.125451
0.03467	-0.124997
0.03468	-0.124938
0.04248	-0.124603
0.05043	-0.124327
0.05571	-0.124189
0.05981	-0.123972
0.06242	-0.123873
0.06494	-0.123636
0.06601	-0.123479
0.06633	-0.123459
0.06662	-0.123498
0.07002	-0.123557
0.0687	-0.123557
0.0687	-0.123557
0.06868	-0.123557
0.06857	-0.123557
0.06889	-0.123557
0.06905	-0.123557
0.06874	-0.123538
0.06876	-0.123538
0.06905	-0.123518
0.06952	-0.123518
0.07051	-0.123222
0.06955	-0.122768
0.0538	-0.122177
0.04182	-0.121881
0.03473	-0.121684
0.03314	-0.121605
0.03088	-0.121427
0.03064	-0.121269
0.03389	-0.121052
0.03827	-0.120776
0.04466	-0.120618
0.05338	-0.120441
0.06786	-0.120204
0.08627	-0.119948
0.09715	-0.119829
0.10217	-0.11977
0.10184	-0.11977
0.10155	-0.11977
0.10164	-0.11979
0.10097	-0.11979
0.10083	-0.11979
0.1006	-0.11979
0.10094	-0.11979
0.10088	-0.11979
0.10072	-0.11979
0.1012	-0.11979
0.10161	-0.11977
0.10172	-0.11977
0.10185	-0.11977
0.10258	-0.11977
0.10257	-0.11977
0.10283	-0.11977
0.10243	-0.11977
0.10747	-0.119534
0.11295	-0.119277
0.1098	-0.119119
0.10022	-0.118863
0.08421	-0.118606
0.06999	-0.118389
0.0533	-0.118133
0.04013	-0.117877
0.03223	-0.1176
0.03331	-0.117324
0.03897	-0.117107
0.04135	-0.116989
0.04836	-0.116693
0.06934	-0.116338
0.09477	-0.116042
0.10831	-0.115884
0.10919	-0.115884
0.10873	-0.115884
0.10876	-0.115904
0.11288	-0.115924
0.1115	-0.115924
0.11128	-0.115924
0.11195	-0.115924
0.11197	-0.115924
0.11215	-0.115924
0.1122	-0.115924
0.1125	-0.115904
0.11208	-0.115904
0.11308	-0.115904
0.12173	-0.115727
0.12363	-0.115293
0.12003	-0.115115
0.10608	-0.114859
0.08202	-0.114484
0.0704	-0.114306
0.06393	-0.114188
0.0627	-0.11407
0.06117	-0.113971
0.0544	-0.113636
0.0459	-0.113458
0.03896	-0.11336
0.03168	-0.112985
0.0372	-0.112768
0.04489	-0.11263
0.05751	-0.112472
0.06055	-0.112413
0.06009	-0.112413
0.06259	-0.112433
0.10153	-0.112551
0.10316	-0.112551
0.1033	-0.112551
0.10217	-0.112551
0.10187	-0.112551
0.10339	-0.112551
0.10378	-0.112531
0.10332	-0.112531
0.10498	-0.112531
0.10623	-0.112511
0.12022	-0.112314
0.15897	-0.111939
0.2113	-0.111584
0.22272	-0.111111
0.2077	-0.110914
0.18562	-0.110716
0.17134	-0.110539
0.1627	-0.110421
0.14771	-0.110204
0.11189	-0.109829
0.06	-0.109474
0.04973	-0.10906
0.15244	-0.108645
0.26704	-0.108369
0.32465	-0.108192
0.33446	-0.108172
0.33412	-0.108172
0.33124	-0.108192
0.32903	-0.108192
0.32663	-0.108192
0.32698	-0.108192
0.32726	-0.108192
0.32695	-0.108192
0.32846	-0.108192
0.33011	-0.108192
0.33061	-0.108172
0.33261	-0.108172
0.33298	-0.108172
0.33211	-0.108172
0.35818	-0.107955
0.37718	-0.107699
0.37769	-0.10762
0.37555	-0.107324
0.36327	-0.106988
0.33971	-0.106811
0.2959	-0.106574
0.20155	-0.106219
0.13933	-0.106022
0.10138	-0.105864
0.05792	-0.105608
0.04166	-0.105332
0.06886	-0.105154
0.11797	-0.104976
0.21497	-0.104759
0.33145	-0.104562
0.3826	-0.104503
0.38365	-0.104523
0.46227	-0.104543
0.53806	-0.104602
0.53464	-0.104602
0.53522	-0.104602
0.5365	-0.104602
0.53548	-0.104602
0.53752	-0.104602
0.5424	-0.104602
0.54378	-0.104582
0.54553	-0.104582
0.54756	-0.104582
0.68437	-0.104424
0.80756	-0.104069
0.84068	-0.10397
0.8701	-0.103852
0.87695	-0.103852
0.88275	-0.103852
0.89441	-0.103852
0.89119	-0.103852
0.89198	-0.103852
0.8878	-0.103872
0.88817	-0.103872
0.88943	-0.103872
0.89206	-0.103852
0.89832	-0.103852
0.91226	-0.103635
0.92024	-0.103024
0.23846	-0.102373
0.11566	-0.102116
0.22746	-0.101584
1.33241	-0.100992
1.53297	-0.100913
1.90216	-0.100755
2.04579	-0.100657
2.22084	-0.100519
2.5298	-0.1004
2.56058	-0.1004
2.96852	-0.10044
3.79214	-0.100479
3.6602	-0.100479
3.69783	-0.100479
3.67909	-0.100479
3.71973	-0.100479
3.79198	-0.100479
3.79362	-0.100479
3.78835	-0.100479
3.78738	-0.100459
3.76625	-0.100361
6.38394	-0.099947
11.03987	-0.099453
14.45145	-0.099118
16.02115	-0.098921
18.16113	-0.098664
20.19591	-0.098171
20.58925	-0.097718
20.46123	-0.09752
20.5079	-0.097363
20.51291	-0.097185
20.38997	-0.097086
20.06509	-0.096968
17.16304	-0.096574
14.901	-0.096258
10.85728	-0.095864
8.55203	-0.095725
8.45432	-0.095725
8.4086	-0.095745
6.68478	-0.095785
6.79654	-0.095785
6.80994	-0.095785
6.73967	-0.095785
6.75221	-0.095785
6.7231	-0.095785
6.62196	-0.095785
6.69147	-0.095765
6.77106	-0.095765
6.7404	-0.095765
4.52576	-0.09539
3.20741	-0.095134
1.87259	-0.094818
0.30026	-0.094345
0.08989	-0.094088
0.20735	-0.093713
0.61232	-0.09322
0.90001	-0.092846
1.04289	-0.09255
1.07492	-0.092412
1.08713	-0.092195
1.07715	-0.092096
1.04341	-0.091919
0.88786	-0.091563
0.69066	-0.091307
0.42184	-0.09107
0.37674	-0.090972
0.37416	-0.090972
0.37369	-0.090991
0.37622	-0.090991
0.37526	-0.090991
0.3685	-0.090991
0.37029	-0.090991
0.37431	-0.090991
0.37045	-0.090991
0.36473	-0.090991
0.36313	-0.090991
0.36182	-0.090991
0.36052	-0.090972
0.28174	-0.090696
0.1277	-0.090321
0.06326	-0.090084
0.10396	-0.089532
0.26309	-0.089137
0.31316	-0.08892
0.38318	-0.088506
0.39645	-0.088329
0.39043	-0.088092
0.34111	-0.087816
0.30272	-0.087658
0.25743	-0.08748
0.2402	-0.087382
0.20392	-0.087224
0.10916	-0.086829
0.04848	-0.086494
0.03818	-0.086257
0.03925	-0.086198
0.03951	-0.086198
0.03909	-0.086198
0.03899	-0.086198
0.03874	-0.086198
0.03857	-0.086198
0.03908	-0.086198
0.03918	-0.086198
0.03894	-0.086198
0.03931	-0.086198
0.04007	-0.086198
0.03981	-0.086198
0.04012	-0.086198
0.04102	-0.0861
0.07436	-0.085685
0.11713	-0.08535
0.14906	-0.085074
0.19044	-0.08466
0.20082	-0.084364
0.1821	-0.084068
0.14609	-0.083713
0.0963	-0.083358
0.05754	-0.082963
0.04036	-0.082687
0.03491	-0.08249
0.03421	-0.082391
0.03493	-0.082352
0.03644	-0.082194
0.04013	-0.082115
0.04054	-0.082115
0.04027	-0.082115
0.0396	-0.082115
0.03981	-0.082115
0.03958	-0.082115
0.03993	-0.082115
0.03996	-0.082115
0.04019	-0.082115
0.04022	-0.082115
0.04074	-0.082115
0.04085	-0.082115
0.04111	-0.082115
0.04123	-0.082115
0.06924	-0.081583
0.10135	-0.081129
0.10841	-0.080932
0.11652	-0.080537
0.1196	-0.080123
0.11133	-0.079827
0.0719	-0.079295
0.0361	-0.078821
0.03395	-0.078782
0.0332	-0.078506
0.03488	-0.078407
0.03529	-0.078387
0.03552	-0.078269
0.03569	-0.078229
0.03514	-0.078249
0.03773	-0.078289
0.03772	-0.078289
0.03777	-0.078289
0.03793	-0.078289
0.03735	-0.078289
0.03754	-0.078289
0.03796	-0.078289
0.03799	-0.078289
0.03806	-0.078289
0.03845	-0.078269
0.0383	-0.078269
0.03851	-0.078269
0.04405	-0.077914
0.04514	-0.077815
0.04651	-0.077677
0.04668	-0.077657
0.04712	-0.077598
0.04929	-0.077578
0.06963	-0.077243
0.08527	-0.07677
0.08873	-0.076651
0.09023	-0.076178
0.07535	-0.075547
0.05779	-0.075369
0.04608	-0.075014
0.04208	-0.074797
0.03377	-0.074462
0.03067	-0.074087
0.03691	-0.073811
0.04871	-0.073515
0.0544	-0.073456
0.0542	-0.073456
0.05762	-0.073495
0.0574	-0.073495
0.05757	-0.073515
0.05609	-0.073515
0.05629	-0.073515
0.05713	-0.073515
0.05713	-0.073495
0.05775	-0.073495
0.05762	-0.073495
0.05811	-0.073495
0.06117	-0.073476
0.07275	-0.072864
0.07236	-0.072706
0.06569	-0.07243
0.06073	-0.072154
0.05864	-0.072115
0.04501	-0.071779
0.03131	-0.071286
0.02946	-0.070951
0.02953	-0.070754
0.03088	-0.070379
0.04237	-0.069827
0.05743	-0.069432
0.05984	-0.069195
0.05972	-0.069116
0.05997	-0.069038
0.05876	-0.068919
0.05833	-0.068919
0.05824	-0.068939
0.058	-0.068939
0.05772	-0.068939
0.05864	-0.068939
0.05807	-0.068939
0.05788	-0.068939
0.05754	-0.068939
0.05858	-0.068939
0.05833	-0.068939
0.05827	-0.068939
0.05789	-0.068939
0.05861	-0.068939
0.05846	-0.068919
0.05794	-0.068919
0.04903	-0.068367
0.04532	-0.06813
0.04086	-0.067992
0.03654	-0.067736
0.03528	-0.067657
0.03159	-0.067381
0.03006	-0.066986
0.03061	-0.066592
0.03366	-0.066315
0.03723	-0.066079
0.04231	-0.065803
0.04434	-0.065743
0.04602	-0.065507
0.05157	-0.064935
0.05026	-0.064718
0.04909	-0.064343
0.04207	-0.063948
0.04062	-0.063909
0.04018	-0.063909
0.04039	-0.063929
0.0407	-0.063948
0.04063	-0.063948
0.04039	-0.063948
0.04068	-0.063948
0.04048	-0.063948
0.03986	-0.063948
0.04045	-0.063948
0.04005	-0.063948
0.03989	-0.063929
0.04015	-0.063929
0.04021	-0.063909
0.0378	-0.063751
0.03047	-0.063258
0.0295	-0.062962
0.03259	-0.062528
0.03625	-0.062252
0.04227	-0.061937
0.04713	-0.061562
0.04834	-0.061207
0.04503	-0.060773
0.03654	-0.06022
0.03285	-0.059885
0.03052	-0.059688
0.02879	-0.059372
0.02921	-0.059155
0.03085	-0.058741
0.03468	-0.05813
0.0347	-0.05811
0.03477	-0.05811
0.03452	-0.05809
0.03433	-0.05809
0.03442	-0.05809
0.03392	-0.05811
0.0338	-0.058169
0.03349	-0.058169
0.03362	-0.058169
0.03374	-0.058169
0.03369	-0.058169
0.0336	-0.058169
0.03358	-0.058169
0.03369	-0.05811
0.03403	-0.05811
0.03418	-0.05809
0.03516	-0.057952
0.03804	-0.057577
0.03841	-0.057558
0.04025	-0.057281
0.0415	-0.057045
0.04106	-0.056867
0.0363	-0.056137
0.03294	-0.055841
0.03134	-0.055486
0.03041	-0.055072
0.03084	-0.054954
0.0322	-0.054678
0.03362	-0.054461
0.03479	-0.054283
0.03773	-0.053948
0.03793	-0.05379
0.03729	-0.05379
0.03783	-0.05379
0.03741	-0.05381
0.03706	-0.053869
0.03735	-0.053869
0.03883	-0.053869
0.03842	-0.053869
0.03775	-0.053869
0.03816	-0.053869
0.03741	-0.05383
0.03775	-0.05379
0.03809	-0.05379
0.03825	-0.05379
0.03796	-0.05379
0.03798	-0.05377
0.03848	-0.053277
0.03673	-0.052804
0.03404	-0.05233
0.03181	-0.051956
0.03076	-0.051758
0.03044	-0.051561
0.02928	-0.051364
0.02921	-0.051107
0.02994	-0.050831
0.03091	-0.050496
0.03278	-0.0502
0.03442	-0.049963
0.03525	-0.049825
0.03563	-0.049746
0.03598	-0.049648
0.03613	-0.049648
0.03557	-0.049648
0.03534	-0.049668
0.03519	-0.049727
0.03609	-0.049727
0.03494	-0.049727
0.03596	-0.049727
0.03563	-0.049727
0.03554	-0.049727
0.03539	-0.049668
0.03596	-0.049648
0.03583	-0.049648
0.03564	-0.049648
0.03703	-0.049234
0.03522	-0.04874
0.03302	-0.048464
0.03122	-0.04809
0.03004	-0.047912
0.02977	-0.047754
0.0293	-0.047439
0.0287	-0.047024
0.03012	-0.046295
0.03229	-0.045782
0.03322	-0.045427
0.03366	-0.045111
0.03307	-0.045052
0.03308	-0.044874
0.03285	-0.044756
0.03252	-0.044717
0.03307	-0.044717
0.03224	-0.044736
0.03239	-0.044815
0.03233	-0.044815
0.03241	-0.044815
0.03265	-0.044815
0.03232	-0.044815
0.03238	-0.044815
0.03197	-0.044815
0.03218	-0.044756
0.03194	-0.044756
0.03177	-0.044736
0.03151	-0.044342
0.02988	-0.043888
0.02823	-0.043296
0.02861	-0.042902
0.02982	-0.042527
0.02985	-0.042369
0.03036	-0.042133
0.03078	-0.041935
0.0314	-0.041679
0.03175	-0.041304
0.03143	-0.04091
0.03139	-0.040732
0.03058	-0.040515
0.03012	-0.040436
0.0298	-0.040318
0.02975	-0.04016
0.02934	-0.040101
0.02905	-0.040081
0.02914	-0.040081
0.02921	-0.040121
0.02933	-0.040121
0.02957	-0.040121
0.02939	-0.040121
0.02924	-0.040121
0.02937	-0.040101
0.02939	-0.040101
0.02911	-0.040081
0.02919	-0.040042
0.02817	-0.039489
0.02832	-0.039233
0.02835	-0.039154
0.02916	-0.038858
0.02946	-0.0387
0.03009	-0.038424
0.03003	-0.038148
0.0302	-0.038089
0.03075	-0.037813
0.03035	-0.037418
0.02997	-0.036905
0.02934	-0.03657
0.02905	-0.036353
0.02805	-0.036097
0.02834	-0.03586
0.0278	-0.035761
0.0278	-0.035722
0.02782	-0.035722
0.02797	-0.035742
0.02766	-0.035781
0.02808	-0.035781
0.02832	-0.035781
0.02834	-0.035781
0.02838	-0.035781
0.02849	-0.035781
0.02837	-0.035761
0.02815	-0.035742
0.02853	-0.035722
0.02846	-0.035604
0.02846	-0.034992
0.02966	-0.03444
0.03009	-0.034006
0.03041	-0.03373
0.0302	-0.033414
0.02962	-0.033059
0.02917	-0.032822
0.02922	-0.032684
0.02893	-0.032507
0.02875	-0.03231
0.02858	-0.032053
0.02838	-0.031856
0.02795	-0.031659
0.02798	-0.031501
0.02795	-0.031304
0.02803	-0.031027
0.02815	-0.030949
0.02826	-0.030949
0.02815	-0.030968
0.02832	-0.031008
0.02808	-0.031008
0.02841	-0.031008
0.02856	-0.031008
0.02863	-0.031008
0.02869	-0.031008
0.02847	-0.030988
0.02834	-0.030988
0.02859	-0.030968
0.02849	-0.030968
0.02846	-0.030593
0.02873	-0.030258
0.02913	-0.029903
0.02902	-0.029351
0.02895	-0.028937
0.02876	-0.02872
0.02863	-0.02866
0.02893	-0.028522
0.02853	-0.02799
0.02812	-0.027398
0.02831	-0.027299
0.02818	-0.027023
0.02846	-0.026767
0.02855	-0.026708
0.02827	-0.026708
0.02795	-0.026708
0.02873	-0.026727
0.02847	-0.026767
0.02815	-0.026767
0.02814	-0.026767
0.02873	-0.026767
0.0284	-0.026767
0.02834	-0.026767
0.02824	-0.026747
0.02788	-0.026747
0.02794	-0.026727
0.02837	-0.026727
0.02846	-0.026727
0.02805	-0.026412
0.02856	-0.025899
0.02841	-0.025504
0.02855	-0.025189
0.0284	-0.02513
0.02824	-0.024913
0.02824	-0.024617
0.02786	-0.024341
0.02797	-0.023808
0.02769	-0.023532
0.028	-0.023157
0.02791	-0.023039
0.02829	-0.022842
0.02817	-0.022625
0.02815	-0.022546
0.02875	-0.022487
0.02852	-0.02227
0.02872	-0.02223
0.02852	-0.02223
0.0289	-0.02223
0.02873	-0.02225
0.0284	-0.02225
0.02838	-0.02225
0.02866	-0.02225
0.02858	-0.02225
0.02818	-0.02225
0.02831	-0.02225
0.02866	-0.02225
0.02863	-0.02225
0.02826	-0.02225
0.02837	-0.02225
0.02838	-0.02223
0.0284	-0.02223
0.02856	-0.021914
0.02803	-0.021599
0.02864	-0.021283
0.02815	-0.020731
0.02768	-0.020396
0.0276	-0.020041
0.02771	-0.019764
0.02789	-0.019607
0.02769	-0.01937
0.02792	-0.019074
0.02806	-0.018837
0.02809	-0.01864
0.02826	-0.018403
0.02817	-0.017969
0.02832	-0.017299
0.02782	-0.016806
0.02786	-0.016668
0.02805	-0.01651
0.02823	-0.01647
0.02797	-0.01647
0.02834	-0.01647
0.02814	-0.01647
0.02829	-0.01649
0.02811	-0.01649
0.0282	-0.01649
0.02774	-0.01649
0.02753	-0.01649
0.02777	-0.01647
0.02806	-0.01647
0.02797	-0.01647
0.02785	-0.016372
0.02823	-0.015504
0.02867	-0.014813
0.02892	-0.01438
0.02855	-0.013926
0.02846	-0.013551
0.02826	-0.013413
0.02783	-0.013255
0.02864	-0.01288
0.02757	-0.012644
0.02831	-0.012466
0.02803	-0.012387
0.02785	-0.01217
0.02818	-0.012032
0.02803	-0.011993
0.02808	-0.011993
0.02872	-0.011993
0.028	-0.011993
0.02788	-0.012013
0.02873	-0.012013
0.02806	-0.012013
0.02838	-0.012013
0.02792	-0.012013
0.02792	-0.012013
0.02776	-0.011993
0.02817	-0.011993
0.02838	-0.011993
0.02855	-0.011697
0.0289	-0.011164
0.02841	-0.010809
0.02849	-0.010691
0.02888	-0.010415
0.02864	-0.01002
0.02858	-0.009803
0.02872	-0.00933
0.02849	-0.008817
0.02855	-0.0086
0.02837	-0.008423
0.02815	-0.008383
0.02808	-0.008225
0.02831	-0.008008
0.02802	-0.00787
0.02797	-0.007535
0.02844	-0.007298
0.02805	-0.007279
0.02873	-0.007279
0.02853	-0.007279
0.02858	-0.007279
0.02869	-0.007298
0.02844	-0.007298
0.02831	-0.007298
0.02872	-0.007298
0.02859	-0.007298
0.02867	-0.007298
0.02847	-0.007298
0.0285	-0.007298
0.02856	-0.007279
0.0287	-0.007279
0.0289	-0.007081
0.02905	-0.006707
0.0289	-0.006312
0.02855	-0.005779
0.0289	-0.005365
0.02892	-0.005109
0.02838	-0.004695
0.02859	-0.00428
0.02864	-0.003965
0.02829	-0.003708
0.02846	-0.003452
0.02896	-0.003334
0.02835	-0.003235
0.02861	-0.003018
0.02875	-0.002643
0.02896	-0.002209
0.02843	-0.001756
0.02832	-0.001144
0.02879	-0.001085
0.02831	-0.001105
0.02841	-0.001124
0.02859	-0.001124
0.02866	-0.001124
0.0285	-0.001124
0.02823	-0.001124
0.02843	-0.001124
0.02844	-0.001124
0.02879	-0.001105
0.02841	-0.001105
0.02846	-0.001105
0.02824	-0.000532575
0.02811	-0.00027615
0.02832	-3.945e-05
0.02859	1.9725e-05
0.0284	1.9725e-05
0.02837	1.9725e-05
0.02827	1.9725e-05
0.02843	1.9725e-05
0.02844	1.9725e-05
0.02844	3.945e-05
0.02849	3.945e-05
0.02812	3.945e-05
0.02841	5.9175e-05
0.02815	5.9175e-05
0.02832	5.9175e-05
0.02826	5.9175e-05
0.0284	3.945e-05
0.02869	-4.3862750000000003e-17
0.02844	-1.9725e-05
0.02838	-1.9725e-05
0.02788	-1.9725e-05
0.02846	-1.9725e-05
0.02812	-1.9725e-05
0.02834	-1.9725e-05
0.02794	-1.9725e-05
0.02785	-1.9725e-05
0.02776	-1.9725e-05
0.02812	-1.9725e-05
0.02779	-1.9725e-05
0.02769	-1.9725e-05
0.02798	-1.9725e-05
0.02806	-1.9725e-05
0.02803	-1.9725e-05
0.02791	-1.9725e-05
0.02827	-1.9725e-05
0.02805	-1.9725e-05
0.02802	-1.9725e-05
0.02779	-1.9725e-05
0.02794	-1.9725e-05
0.02762	-1.9725e-05
0.02809	-1.9725e-05
0.02795	-1.9725e-05
0.02806	-1.9725e-05
0.02805	-1.9725e-05
0.02789	-1.9725e-05
0.02785	-1.9725e-05
0.02811	-1.9725e-05
0.02786	-1.9725e-05
0.028	-1.9725e-05
0.02795	-1.9725e-05
0.02779	-1.9725e-05
0.02791	-1.9725e-05
0.02789	-1.9725e-05
0.02789	-1.9725e-05
0.02763	-1.9725e-05
0.02808	-1.9725e-05
0.02736	-1.9725e-05
0.028	-1.9725e-05
0.02751	-1.9725e-05
0.02789	-1.9725e-05
0.02786	-1.9725e-05
0.02771	-1.9725e-05
0.02771	-1.9725e-05
0.02805	-1.9725e-05
0.02789	-1.9725e-05
0.02794	-1.9725e-05
0.02811	-1.9725e-05
0.02786	-1.9725e-05
0.028	-1.9725e-05
0.02817	-1.9725e-05
0.02806	-1.9725e-05
0.02791	-1.9725e-05
0.02826	-1.9725e-05
0.02794	-1.9725e-05
0.02791	-1.9725e-05
0.02788	-1.9725e-05
0.02811	-1.9725e-05
0.02831	-1.9725e-05
0.02812	-1.9725e-05
0.02823	-1.9725e-05
0.028	-1.9725e-05
0.02824	-1.9725e-05
0.02818	-1.9725e-05
0.02844	-1.9725e-05
0.0285	-1.9725e-05
0.02846	-1.9725e-05
0.02826	-1.9725e-05
0.02809	-1.9725e-05
0.02815	-1.9725e-05
0.02827	-1.9725e-05
0.02843	-1.9725e-05
