Light Intensity (% of scale max) Alessio_0.02_1.5_lampadina	Position (m) Alessio_0.02_1.5_lampadina
0.03751	0.0
0.03798	0.0
0.03821	0.0
0.03796	0.0
0.03819	0.0
0.03815	0.0
0.03786	0.0
0.03809	0.0
0.03816	0.0
0.03802	0.0
0.03798	0.0
0.03851	0.0
0.03812	0.0
0.03795	0.0
0.03763	0.0
0.03777	-1.9725e-05
0.03758	-1.9725e-05
0.03757	-1.9725e-05
0.03717	-1.9725e-05
0.03709	-1.9725e-05
0.03671	-1.9725e-05
0.03696	-1.9725e-05
0.03683	-1.9725e-05
0.03648	-3.945e-05
0.03667	-3.945e-05
0.03609	-3.945e-05
0.0363	-3.945e-05
0.03632	-3.945e-05
0.0358	-3.945e-05
0.03571	-3.945e-05
0.03513	-5.9175e-05
0.03543	-0.0001578
0.0352	-0.0009468
0.03561	-0.001026
0.03514	-0.001026
0.03535	-0.001144
0.03488	-0.001479
0.03529	-0.001992
0.0358	-0.002446
0.03581	-0.002485
0.03592	-0.002584
0.03589	-0.002702
0.03555	-0.002722
0.03575	-0.002978
0.03589	-0.003373
0.03581	-0.003807
0.03676	-0.004142
0.03685	-0.004339
0.03752	-0.004635
0.03816	-0.004931
0.0381	-0.005227
0.03772	-0.00574
0.03754	-0.005799
0.03773	-0.005779
0.03741	-0.00572
0.0378	-0.00572
0.03761	-0.00572
0.03793	-0.00572
0.0378	-0.00572
0.03772	-0.00572
0.03781	-0.00572
0.03741	-0.00572
0.03735	-0.00574
0.0372	-0.005779
0.03748	-0.005858
0.03732	-0.006115
0.03752	-0.006351
0.03778	-0.006746
0.0385	-0.007121
0.03958	-0.007456
0.04056	-0.007811
0.04066	-0.007831
0.04033	-0.007851
0.04077	-0.008028
0.04047	-0.008127
0.04053	-0.008324
0.04013	-0.008659
0.03998	-0.009093
0.03979	-0.009271
0.04013	-0.009488
0.04062	-0.009626
0.04253	-0.01006
0.04419	-0.01075
0.04329	-0.011105
0.04346	-0.011204
0.04335	-0.011184
0.04309	-0.011184
0.04378	-0.010947
0.04381	-0.010928
0.04375	-0.010928
0.04324	-0.010928
0.04338	-0.010928
0.04338	-0.010928
0.04367	-0.010928
0.04332	-0.010928
0.04385	-0.010947
0.04356	-0.010967
0.04305	-0.011184
0.04201	-0.011717
0.04185	-0.01219
0.04181	-0.012229
0.04208	-0.012387
0.04428	-0.012841
0.04671	-0.013235
0.04712	-0.013492
0.04671	-0.013886
0.0459	-0.014182
0.04504	-0.01434
0.04388	-0.014656
0.04453	-0.014833
0.04411	-0.014912
0.04416	-0.015188
0.04547	-0.015543
0.0459	-0.015602
0.04665	-0.015741
0.04747	-0.015918
0.04823	-0.016253
0.04878	-0.016766
0.04762	-0.017003
0.04752	-0.017003
0.04755	-0.016983
0.04811	-0.016806
0.04895	-0.016806
0.04871	-0.016806
0.04845	-0.016806
0.04861	-0.016806
0.04883	-0.016806
0.04848	-0.016806
0.04846	-0.016806
0.049	-0.016806
0.04903	-0.016806
0.04886	-0.016865
0.04883	-0.017003
0.04855	-0.017082
0.04695	-0.017476
0.04555	-0.017969
0.04555	-0.018147
0.04573	-0.018344
0.04727	-0.018877
0.04781	-0.019074
0.04802	-0.019192
0.04851	-0.019449
0.04872	-0.019607
0.04828	-0.019863
0.04672	-0.020179
0.04597	-0.020376
0.04462	-0.020731
0.04388	-0.021066
0.04398	-0.021283
0.04387	-0.021481
0.04382	-0.021678
0.04399	-0.021697
0.04396	-0.021697
0.04419	-0.021697
0.04395	-0.021678
0.04404	-0.021638
0.0442	-0.021658
0.04362	-0.021658
0.04353	-0.021658
0.04404	-0.021658
0.04385	-0.021638
0.04422	-0.021658
0.04379	-0.021658
0.04399	-0.021678
0.04453	-0.022072
0.04568	-0.022546
0.04538	-0.022565
0.04553	-0.022802
0.04466	-0.023137
0.04315	-0.023453
0.04185	-0.023867
0.04187	-0.024183
0.04091	-0.024498
0.04024	-0.024775
0.04024	-0.025051
0.04036	-0.025445
0.04027	-0.025781
0.04091	-0.025958
0.03999	-0.026136
0.04024	-0.026195
0.04002	-0.026215
0.03986	-0.026234
0.03944	-0.026471
0.03918	-0.026767
0.03908	-0.027004
0.03873	-0.027161
0.0383	-0.027398
0.03769	-0.027753
0.03769	-0.027891
0.03777	-0.027891
0.0376	-0.027871
0.0374	-0.027595
0.03757	-0.02724
0.03758	-0.02724
0.03784	-0.027299
0.03772	-0.027299
0.03767	-0.02728
0.03725	-0.02728
0.03725	-0.02728
0.03719	-0.027319
0.0369	-0.027418
0.03671	-0.027812
0.03635	-0.028562
0.0363	-0.028877
0.03615	-0.029075
0.03586	-0.029351
0.03606	-0.029528
0.03622	-0.029706
0.03603	-0.029903
0.03607	-0.03014
0.03613	-0.030357
0.03609	-0.030574
0.0359	-0.030751
0.03609	-0.031047
0.03621	-0.031481
0.03641	-0.031777
0.0365	-0.031836
0.03659	-0.032014
0.03682	-0.03231
0.03743	-0.032369
0.03714	-0.032388
0.03748	-0.032487
0.03775	-0.032586
0.03769	-0.032625
0.03766	-0.032625
0.03767	-0.032586
0.03755	-0.032388
0.03738	-0.03231
0.03777	-0.03231
0.03761	-0.032349
0.03755	-0.032329
0.03738	-0.03231
0.03732	-0.03231
0.03755	-0.03231
0.03738	-0.032349
0.03732	-0.032369
0.03775	-0.032467
0.03793	-0.032744
0.039	-0.033316
0.03979	-0.033592
0.04005	-0.033611
0.04018	-0.03373
0.04086	-0.034085
0.04112	-0.034243
0.04121	-0.03442
0.04155	-0.034815
0.04166	-0.034992
0.04187	-0.03517
0.04236	-0.035347
0.04218	-0.035406
0.04236	-0.035525
0.04225	-0.035643
0.04266	-0.035702
0.04314	-0.03588
0.04343	-0.035939
0.04384	-0.036018
0.04572	-0.036373
0.04575	-0.036412
0.04646	-0.036491
0.0482	-0.036767
0.04959	-0.036925
0.05058	-0.037044
0.05118	-0.037182
0.05331	-0.037399
0.05444	-0.037596
0.05521	-0.037694
0.0554	-0.037675
0.05507	-0.037596
0.05429	-0.0373
0.0535	-0.037261
0.05392	-0.037261
0.05365	-0.0373
0.05345	-0.037261
0.05284	-0.037261
0.05354	-0.037122
0.05446	-0.037122
0.05453	-0.037201
0.05446	-0.037221
0.05212	-0.037359
0.05377	-0.037616
0.05569	-0.038227
0.05539	-0.038641
0.05486	-0.03874
0.05443	-0.038996
0.05394	-0.039391
0.05377	-0.03945
0.05354	-0.039588
0.05461	-0.039845
0.05466	-0.039943
0.05556	-0.04018
0.05826	-0.040634
0.06073	-0.040811
0.06133	-0.04085
0.0631	-0.041048
0.06587	-0.041186
0.0676	-0.041304
0.06961	-0.041403
0.06949	-0.041442
0.07242	-0.041699
0.07605	-0.042054
0.07741	-0.042192
0.07767	-0.042428
0.07695	-0.042645
0.07671	-0.042665
0.07668	-0.042705
0.07642	-0.042705
0.07629	-0.042645
0.07623	-0.042586
0.07608	-0.04235
0.07668	-0.04235
0.07683	-0.04235
0.07709	-0.04235
0.07684	-0.04235
0.07677	-0.04235
0.07657	-0.04235
0.07675	-0.042389
0.07635	-0.042409
0.07607	-0.042488
0.07571	-0.042744
0.07301	-0.043277
0.07059	-0.043553
0.07048	-0.043612
0.06969	-0.043829
0.06857	-0.043967
0.06833	-0.044145
0.06841	-0.044559
0.06969	-0.044815
0.07103	-0.045072
0.07265	-0.045249
0.07469	-0.045387
0.0775	-0.045584
0.08206	-0.045841
0.08516	-0.045979
0.08913	-0.046235
0.09523	-0.046531
0.09695	-0.046709
0.09848	-0.046847
0.09846	-0.046946
0.09891	-0.047123
0.09863	-0.047261
0.09772	-0.047478
0.09616	-0.047675
0.09375	-0.047873
0.09189	-0.047971
0.09166	-0.047971
0.09102	-0.047892
0.09032	-0.047873
0.09102	-0.047774
0.09126	-0.047754
0.09174	-0.047754
0.09178	-0.047754
0.09174	-0.047754
0.09129	-0.047754
0.09171	-0.047754
0.0916	-0.047774
0.09169	-0.047853
0.09189	-0.047892
0.09039	-0.04809
0.0817	-0.048721
0.0777	-0.049096
0.07687	-0.049155
0.07614	-0.049431
0.07538	-0.04951
0.07555	-0.049628
0.07494	-0.049924
0.07558	-0.05022
0.07773	-0.050516
0.07973	-0.050733
0.08185	-0.050969
0.08434	-0.051167
0.0872	-0.051423
0.08934	-0.05164
0.09105	-0.051818
0.09164	-0.051995
0.09245	-0.052113
0.09224	-0.052252
0.09184	-0.05239
0.09151	-0.052469
0.09122	-0.052587
0.08972	-0.052745
0.08783	-0.052883
0.08522	-0.053119
0.08366	-0.053238
0.08255	-0.053277
0.08244	-0.053277
0.08092	-0.053218
0.08316	-0.053001
0.08621	-0.052764
0.08641	-0.052784
0.08623	-0.052824
0.08669	-0.052824
0.08612	-0.052784
0.08614	-0.052764
0.08675	-0.052764
0.0865	-0.052784
0.08708	-0.052824
0.08589	-0.052962
0.0827	-0.053258
0.07309	-0.053869
0.06836	-0.054244
0.06682	-0.054382
0.06253	-0.054737
0.06232	-0.054816
0.06119	-0.054934
0.05946	-0.05523
0.05907	-0.055329
0.05763	-0.055546
0.05634	-0.055841
0.05594	-0.05596
0.05606	-0.056177
0.05524	-0.056374
0.05522	-0.056512
0.05515	-0.056552
0.05466	-0.05665
0.05486	-0.056867
0.05476	-0.057025
0.05396	-0.057163
0.05373	-0.05738
0.0536	-0.057518
0.05327	-0.057794
0.05357	-0.05811
0.05196	-0.058169
0.05161	-0.058169
0.05183	-0.05811
0.05182	-0.058011
0.05209	-0.057676
0.05258	-0.057558
0.05246	-0.057636
0.05252	-0.057636
0.0524	-0.057617
0.05246	-0.057577
0.05264	-0.057558
0.0526	-0.057577
0.05254	-0.057558
0.05273	-0.057558
0.05238	-0.057597
0.05266	-0.057656
0.05281	-0.057676
0.05258	-0.057853
0.05112	-0.058169
0.04948	-0.058603
0.04662	-0.059057
0.04497	-0.059293
0.04332	-0.059609
0.04105	-0.059944
0.04001	-0.060082
0.03923	-0.06026
0.03757	-0.060615
0.03648	-0.060832
0.03627	-0.061049
0.03583	-0.061266
0.03589	-0.061483
0.03592	-0.061621
0.03607	-0.0617
0.03636	-0.061917
0.03658	-0.062351
0.03694	-0.062528
0.03732	-0.062587
0.03722	-0.062765
0.03772	-0.062903
0.03818	-0.063002
0.03871	-0.063159
0.03947	-0.063337
0.03934	-0.063396
0.04065	-0.063574
0.04097	-0.063771
0.0419	-0.06387
0.04225	-0.063948
0.04326	-0.064146
0.04431	-0.064284
0.04524	-0.064323
0.04514	-0.064323
0.04541	-0.064304
0.04433	-0.064067
0.04282	-0.06385
0.04254	-0.06385
0.04257	-0.06387
0.04216	-0.06387
0.04265	-0.06387
0.04338	-0.06387
0.04321	-0.06383
0.04358	-0.06387
0.04419	-0.06385
0.04443	-0.06385
0.0444	-0.06387
0.04457	-0.063909
0.04596	-0.064047
0.04858	-0.064422
0.05367	-0.064895
0.05713	-0.065171
0.06149	-0.065487
0.06599	-0.065763
0.06758	-0.065822
0.06976	-0.06596
0.0744	-0.066217
0.07855	-0.066434
0.08333	-0.06673
0.0894	-0.067045
0.09586	-0.06742
0.09909	-0.067598
0.10048	-0.067716
0.10246	-0.067854
0.10449	-0.068012
0.105	-0.068071
0.10605	-0.068189
0.1082	-0.068406
0.11018	-0.068584
0.11098	-0.068663
0.11263	-0.068821
0.1144	-0.068919
0.11456	-0.068919
0.11481	-0.068919
0.11717	-0.069116
0.11951	-0.069333
0.12039	-0.069412
0.12035	-0.069412
0.1205	-0.069412
0.12086	-0.069393
0.1203	-0.069333
0.11755	-0.069136
0.11772	-0.069116
0.1176	-0.069116
0.11746	-0.069116
0.11749	-0.069116
0.11752	-0.069116
0.117	-0.069116
0.11682	-0.069116
0.11684	-0.069116
0.11624	-0.069116
0.11618	-0.069116
0.11632	-0.069136
0.11534	-0.069195
0.11699	-0.069333
0.11742	-0.069412
0.12047	-0.069688
0.1216	-0.069748
0.1218	-0.069787
0.12474	-0.070004
0.12793	-0.070241
0.1304	-0.070359
0.13283	-0.070556
0.14174	-0.070892
0.1476	-0.071148
0.15073	-0.071306
0.15167	-0.071345
0.15399	-0.071405
0.15836	-0.071562
0.16212	-0.071681
0.16487	-0.071779
0.16803	-0.071858
0.17505	-0.072036
0.18658	-0.072332
0.19093	-0.07245
0.19272	-0.07247
0.19884	-0.072608
0.20213	-0.072687
0.20154	-0.072706
0.21182	-0.072943
0.23102	-0.073338
0.24072	-0.073495
0.24649	-0.073614
0.24918	-0.073633
0.25391	-0.073772
0.27338	-0.074067
0.2887	-0.074265
0.30623	-0.074501
0.32806	-0.074679
0.32857	-0.074679
0.32817	-0.074679
0.32896	-0.074659
0.3223	-0.074442
0.30905	-0.074186
0.29489	-0.073969
0.29111	-0.073949
0.29176	-0.073988
0.2921	-0.073988
0.29193	-0.073988
0.29008	-0.073969
0.29024	-0.073969
0.28983	-0.073949
0.28926	-0.073949
0.28882	-0.073969
0.28871	-0.073988
0.28912	-0.074225
0.29242	-0.074383
0.3295	-0.074975
0.4325	-0.075744
0.43623	-0.075823
0.43703	-0.075823
0.43709	-0.075843
0.43619	-0.075843
0.45309	-0.076
0.47112	-0.076139
0.47388	-0.076158
0.48918	-0.076296
0.51614	-0.076494
0.52971	-0.076572
0.54306	-0.076651
0.56628	-0.076809
0.59148	-0.077026
0.60588	-0.077184
0.60982	-0.077223
0.61461	-0.077283
0.64452	-0.077657
0.66351	-0.077874
0.66869	-0.077953
0.68094	-0.07817
0.7009	-0.078427
0.71458	-0.078624
0.72713	-0.078801
0.73328	-0.078861
0.73349	-0.078861
0.73466	-0.078861
0.73581	-0.078861
0.73521	-0.078841
0.72469	-0.078663
0.7173	-0.078506
0.71758	-0.078506
0.71724	-0.078525
0.718	-0.078525
0.71718	-0.078506
0.71744	-0.078506
0.71646	-0.078506
0.71616	-0.078506
0.71545	-0.078545
0.71758	-0.078624
0.73207	-0.078801
0.75069	-0.079137
0.75516	-0.079255
0.75731	-0.079275
0.7717	-0.079571
0.78252	-0.079867
0.78874	-0.080064
0.79445	-0.0803
0.79897	-0.080537
0.80241	-0.080754
0.80701	-0.080971
0.80995	-0.081089
0.8131	-0.081326
0.81665	-0.08174
0.81859	-0.081977
0.81914	-0.082076
0.82246	-0.082332
0.82507	-0.082628
0.82727	-0.082806
0.82881	-0.082924
0.82828	-0.082963
0.82913	-0.083082
0.82889	-0.083121
0.82896	-0.083141
0.82909	-0.083417
0.83429	-0.083693
0.83495	-0.083831
0.83604	-0.083831
0.83459	-0.083831
0.83504	-0.083831
0.83301	-0.083831
0.83298	-0.083555
0.82928	-0.083397
0.82983	-0.083397
0.82939	-0.083397
0.83017	-0.083397
0.83002	-0.083397
0.8288	-0.083397
0.82896	-0.083397
0.83038	-0.083397
0.83148	-0.083535
0.83316	-0.083634
0.83623	-0.08391
0.84158	-0.084679
0.84459	-0.085074
0.84473	-0.085153
0.84676	-0.08539
0.84967	-0.085646
0.85193	-0.085685
0.85217	-0.085745
0.85519	-0.086001
0.85773	-0.086317
0.85988	-0.086455
0.86327	-0.086612
0.86461	-0.086751
0.86578	-0.08681
0.86877	-0.086889
0.8707	-0.087007
0.87433	-0.087263
0.87804	-0.08748
0.8784	-0.0875
0.87808	-0.087579
0.88174	-0.087757
0.88408	-0.087875
0.88531	-0.087895
0.88588	-0.087895
0.88419	-0.087895
0.88472	-0.087835
0.88087	-0.087599
0.87814	-0.087559
0.87843	-0.08754
0.879	-0.08754
0.87903	-0.08754
0.8795	-0.08754
0.87888	-0.08754
0.87875	-0.08754
0.87857	-0.08754
0.87888	-0.08754
0.8795	-0.08754
0.87837	-0.08754
0.88025	-0.087579
0.88071	-0.087618
0.88043	-0.087678
0.88223	-0.087717
0.8822	-0.087796
0.88492	-0.087895
0.88863	-0.08823
0.89296	-0.088447
0.89359	-0.088506
0.89584	-0.088703
0.90309	-0.089157
0.90567	-0.089354
0.90771	-0.089473
0.91164	-0.089729
0.9153	-0.089926
0.91707	-0.089985
0.91927	-0.090124
0.92108	-0.090222
0.92149	-0.090321
0.92282	-0.090479
0.92427	-0.090715
0.92813	-0.090932
0.92943	-0.09111
0.93158	-0.091169
0.93678	-0.091346
0.93494	-0.091662
0.93817	-0.0918
0.94034	-0.091879
0.94337	-0.092017
0.94638	-0.092057
0.94534	-0.092057
0.94449	-0.092057
0.94348	-0.091997
0.93228	-0.091603
0.92993	-0.091425
0.92969	-0.091425
0.92883	-0.091425
0.92946	-0.091425
0.9303	-0.091425
0.93033	-0.091425
0.93192	-0.091425
0.93124	-0.091425
0.93091	-0.091425
0.93065	-0.091465
0.92886	-0.091524
0.92867	-0.091603
0.92944	-0.091741
0.93597	-0.09184
0.94196	-0.091997
0.95168	-0.092372
0.96347	-0.092786
0.9657	-0.093003
0.96819	-0.093181
0.9671	-0.09326
0.96738	-0.093319
0.96582	-0.093418
0.96249	-0.093575
0.95845	-0.093792
0.95609	-0.09393
0.95419	-0.094069
0.94846	-0.094325
0.94778	-0.094463
0.94812	-0.094542
0.95154	-0.0947
0.95256	-0.094739
0.95358	-0.094838
0.95293	-0.095035
0.95293	-0.095252
0.95343	-0.09537
0.95412	-0.095469
0.9547	-0.095725
0.95555	-0.095804
0.95648	-0.095864
0.95837	-0.096258
0.95934	-0.096436
0.95947	-0.096455
0.95947	-0.096475
0.95943	-0.096475
0.96002	-0.096455
0.95869	-0.096455
0.95801	-0.096219
0.95764	-0.096179
0.95718	-0.096179
0.95786	-0.096219
0.95758	-0.096219
0.95775	-0.096199
0.95697	-0.096199
0.95866	-0.096199
0.95914	-0.096179
0.95981	-0.096219
0.96037	-0.096219
0.96011	-0.096357
0.95921	-0.096396
0.95978	-0.096475
0.96207	-0.09685
0.96811	-0.097442
0.96939	-0.097461
0.96991	-0.09752
0.97072	-0.097658
0.97012	-0.097678
0.97054	-0.097797
0.97247	-0.097954
0.97508	-0.098152
0.98058	-0.098447
0.98145	-0.098507
0.98196	-0.098586
0.98689	-0.098941
0.98907	-0.099098
0.98991	-0.099197
0.99414	-0.099434
0.99667	-0.099592
1.00024	-0.099749
1.00227	-0.099809
1.00233	-0.099809
1.00159	-0.099809
1.00214	-0.099809
1.002	-0.099809
1.00008	-0.09971
0.99608	-0.099572
0.99763	-0.099572
0.99896	-0.099572
0.99927	-0.099572
0.99988	-0.099572
1.00006	-0.099572
0.99971	-0.099572
1.00035	-0.099572
1.00084	-0.099592
1.00154	-0.09967
1.00386	-0.09971
1.0054	-0.099789
1.00655	-0.099848
1.00972	-0.100025
1.01176	-0.100242
1.01331	-0.100321
1.01382	-0.100341
1.01479	-0.10044
1.01889	-0.100558
1.02248	-0.100736
1.02666	-0.100972
1.02902	-0.10117
1.03163	-0.101446
1.03421	-0.101682
1.03473	-0.101781
1.03586	-0.102037
1.03548	-0.102314
1.03641	-0.102452
1.03508	-0.102669
1.03421	-0.102826
1.03209	-0.102905
1.02867	-0.103103
1.02342	-0.10328
1.02278	-0.103339
1.01727	-0.103576
1.00502	-0.103773
0.99019	-0.104069
0.9722	-0.104365
0.96768	-0.104404
0.96713	-0.104404
0.9675	-0.104404
0.97522	-0.104187
0.98047	-0.104089
0.9819	-0.104069
0.98201	-0.104069
0.98138	-0.104069
0.98155	-0.104069
0.98059	-0.104069
0.97995	-0.104069
0.98003	-0.104069
0.97916	-0.104069
0.97922	-0.104069
0.98044	-0.104069
0.98041	-0.104089
0.9772	-0.104187
0.96452	-0.104385
0.9213	-0.104957
0.87306	-0.105391
0.84361	-0.105687
0.78218	-0.106061
0.76738	-0.106199
0.75989	-0.106259
0.75047	-0.106298
0.73367	-0.106436
0.70905	-0.106614
0.69031	-0.106752
0.66368	-0.106969
0.64914	-0.107067
0.63097	-0.107225
0.59804	-0.107482
0.58226	-0.10756
0.56708	-0.107718
0.53809	-0.107876
0.52942	-0.107975
0.52306	-0.108034
0.51772	-0.108073
0.51324	-0.108113
0.50153	-0.108231
0.47627	-0.108468
0.45871	-0.108645
0.44778	-0.108744
0.4444	-0.108764
0.44215	-0.108783
0.43916	-0.108803
0.4399	-0.108803
0.44008	-0.108803
0.43921	-0.108783
0.45682	-0.108547
0.45827	-0.108507
0.45804	-0.108527
0.45798	-0.108527
0.45761	-0.108527
0.45811	-0.108527
0.45624	-0.108507
0.45747	-0.108507
0.45773	-0.108507
0.45712	-0.108527
0.45741	-0.108547
0.45226	-0.108645
0.43225	-0.108843
0.39838	-0.109316
0.35965	-0.10977
0.342	-0.110046
0.32883	-0.110263
0.31808	-0.11046
0.30763	-0.110697
0.2948	-0.110933
0.28284	-0.111131
0.27304	-0.111427
0.26859	-0.111565
0.26685	-0.111624
0.26608	-0.111663
0.26427	-0.111722
0.26334	-0.111762
0.2581	-0.111939
0.25464	-0.112077
0.25322	-0.112156
0.25	-0.112275
0.24916	-0.112294
0.2491	-0.112294
0.24875	-0.112294
0.24854	-0.112294
0.24777	-0.112255
0.24893	-0.112176
0.24924	-0.112156
0.25008	-0.112117
0.25098	-0.112117
0.2505	-0.112097
0.25018	-0.112097
0.24982	-0.112097
0.2494	-0.112097
0.24995	-0.112097
0.25012	-0.112156
0.25041	-0.112156
0.24918	-0.112235
0.24567	-0.112452
0.24034	-0.112788
0.23734	-0.113024
0.23363	-0.113281
0.23254	-0.11334
0.23146	-0.113419
0.23019	-0.113596
0.22804	-0.113813
0.22577	-0.114109
0.22435	-0.114306
0.22182	-0.114504
0.21982	-0.114701
0.21648	-0.114918
0.21478	-0.115036
0.21339	-0.115076
0.21124	-0.115253
0.20589	-0.11547
0.20464	-0.115549
0.20233	-0.115667
0.19904	-0.115786
0.19247	-0.115924
0.18602	-0.116101
0.18414	-0.11618
0.18364	-0.1162
0.18033	-0.116239
0.17638	-0.116358
0.17583	-0.116358
0.1759	-0.116338
0.17741	-0.116239
0.17998	-0.116141
0.18211	-0.116101
0.1815	-0.116121
0.18153	-0.116121
0.18181	-0.116121
0.18164	-0.116101
0.18246	-0.116101
0.18283	-0.116121
0.18231	-0.116121
0.18323	-0.116161
0.1795	-0.116259
0.17558	-0.116358
0.15529	-0.116811
0.14061	-0.117186
0.13857	-0.117206
0.12872	-0.117443
0.12094	-0.11762
0.11551	-0.117758
0.10387	-0.118074
0.0965	-0.118271
0.09116	-0.118429
0.08705	-0.118547
0.08276	-0.118725
0.07677	-0.118942
0.07387	-0.11904
0.0713	-0.119198
0.06854	-0.119356
0.06433	-0.119612
0.06029	-0.119869
0.05766	-0.120145
0.05441	-0.120441
0.05293	-0.120579
0.05203	-0.120717
0.0513	-0.120796
0.05106	-0.120796
0.05136	-0.120776
0.05179	-0.120658
0.05338	-0.120441
0.05664	-0.120046
0.0601	-0.11981
0.06067	-0.119829
0.0605	-0.119829
0.06052	-0.119829
0.06029	-0.11981
0.06058	-0.11981
0.0605	-0.11981
0.06053	-0.119829
0.05986	-0.119908
0.05901	-0.120027
0.0555	-0.120362
0.05154	-0.120796
0.04842	-0.12123
0.04617	-0.121624
0.04507	-0.121881
0.04346	-0.122137
0.04288	-0.122275
0.04181	-0.122473
0.04027	-0.122828
0.03932	-0.123005
0.03931	-0.123202
0.03795	-0.123518
0.03754	-0.123676
0.03711	-0.123912
0.03674	-0.12407
0.0365	-0.124208
0.03633	-0.124425
0.0361	-0.124623
0.03601	-0.124682
0.03627	-0.124859
0.03636	-0.125096
0.03609	-0.125254
0.03644	-0.125471
0.03682	-0.125569
0.03647	-0.125569
0.03658	-0.12549
0.03659	-0.125195
0.03615	-0.12484
0.03606	-0.124761
0.03603	-0.1248
0.03603	-0.1248
0.03596	-0.1248
0.03604	-0.1248
0.03612	-0.12478
0.03578	-0.124761
0.03604	-0.1248
0.03568	-0.124938
0.03603	-0.125076
0.03627	-0.125471
0.03659	-0.125589
0.03709	-0.125826
0.03703	-0.126003
0.03752	-0.126161
0.03824	-0.126437
0.03911	-0.126733
0.03938	-0.126911
0.04036	-0.127147
0.04086	-0.127325
0.0414	-0.127502
0.04179	-0.12764
0.04208	-0.127719
0.04277	-0.127818
0.04416	-0.128015
0.04561	-0.128252
0.0464	-0.12839
0.04761	-0.128568
0.0495	-0.128804
0.0528	-0.1291
0.05441	-0.129317
0.05574	-0.129416
0.05771	-0.129613
0.05933	-0.12981
0.06033	-0.129889
0.06192	-0.130086
0.06256	-0.130205
0.06232	-0.130205
0.06226	-0.130205
0.06218	-0.130126
0.06218	-0.130007
0.06158	-0.130047
0.06149	-0.130027
0.06241	-0.130007
0.0618	-0.130007
0.06171	-0.130007
0.06169	-0.130007
0.06177	-0.130007
0.06163	-0.130007
0.06166	-0.130047
0.06137	-0.130067
0.06125	-0.130106
0.06186	-0.130165
0.06284	-0.130284
0.06467	-0.130718
0.06442	-0.131013
0.06401	-0.131309
0.06325	-0.131645
0.06317	-0.131921
0.06223	-0.132138
0.06244	-0.132256
0.0625	-0.132394
0.06232	-0.132552
0.06244	-0.13269
0.06314	-0.133065
0.06409	-0.133242
0.06454	-0.13338
0.06693	-0.133637
0.06834	-0.133795
0.06949	-0.133933
0.07292	-0.134189
0.07549	-0.134406
0.07913	-0.134643
0.08356	-0.134958
0.08617	-0.135136
0.08751	-0.135215
0.0869	-0.135215
0.08707	-0.135195
0.08667	-0.135136
0.08704	-0.135116
0.08762	-0.135136
0.08708	-0.135136
0.08704	-0.135136
0.08694	-0.135136
0.0871	-0.135116
0.0869	-0.135116
0.08742	-0.135116
0.08694	-0.135116
0.08719	-0.135195
0.08777	-0.135235
0.09164	-0.135708
0.09164	-0.135945
0.09093	-0.135964
0.08873	-0.13628
0.08595	-0.136556
0.08072	-0.136951
0.07588	-0.137404
0.07394	-0.13772
0.07301	-0.137957
0.07266	-0.138174
0.07265	-0.138213
0.0724	-0.138312
0.07294	-0.13843
0.07326	-0.138489
0.07297	-0.138588
0.07431	-0.138746
0.0741	-0.138805
0.07648	-0.13914
0.08	-0.139357
0.08061	-0.139377
0.08096	-0.139416
0.08139	-0.139436
0.08127	-0.139436
0.0813	-0.139436
0.08127	-0.139397
0.0813	-0.139377
0.08165	-0.139377
0.08124	-0.139377
0.0813	-0.139377
0.08118	-0.139377
0.08142	-0.139377
0.08199	-0.139377
0.08167	-0.139377
0.08151	-0.139357
0.08159	-0.139337
0.08154	-0.139377
0.08147	-0.139377
0.08186	-0.139416
0.08424	-0.139692
0.08975	-0.140245
0.09146	-0.140343
0.09128	-0.140442
0.09009	-0.140797
0.08592	-0.141152
0.07834	-0.141606
0.07198	-0.142059
0.0692	-0.142276
0.06778	-0.142434
0.06706	-0.142533
0.06673	-0.142572
0.06647	-0.14277
0.0659	-0.142927
0.06638	-0.142987
0.06645	-0.143144
0.06673	-0.143401
0.0675	-0.14348
0.06837	-0.143559
0.06969	-0.143835
0.07086	-0.144091
0.07355	-0.144446
0.07372	-0.144643
0.07388	-0.144643
0.07419	-0.144643
0.07416	-0.144466
0.07428	-0.144367
0.07408	-0.144387
0.07375	-0.144387
0.07414	-0.144387
0.07416	-0.144367
0.07414	-0.144367
0.0744	-0.144367
0.07413	-0.144348
0.0742	-0.144308
0.07426	-0.144367
0.0741	-0.144486
0.07436	-0.144565
0.07437	-0.144584
0.07407	-0.144801
0.07266	-0.145097
0.0712	-0.145255
0.06808	-0.145531
0.06148	-0.146004
0.05904	-0.146241
0.05626	-0.146498
0.05385	-0.146892
0.0533	-0.14707
0.05276	-0.147267
0.05264	-0.147405
0.05318	-0.147484
0.05302	-0.147701
0.05307	-0.147878
0.05359	-0.148016
0.05431	-0.148214
0.05426	-0.148411
0.05469	-0.148569
0.05464	-0.148707
0.05426	-0.148884
0.05313	-0.14918
0.05022	-0.149575
0.04668	-0.150068
0.04457	-0.150364
0.04407	-0.150462
0.04364	-0.150462
0.04416	-0.150462
0.04416	-0.150364
0.0448	-0.150009
0.04475	-0.149969
0.04462	-0.149989
0.04454	-0.149969
0.04503	-0.149969
0.04453	-0.149969
0.0453	-0.149969
0.04506	-0.149969
0.0451	-0.149989
0.04564	-0.150107
0.04524	-0.150147
0.0451	-0.150285
0.04401	-0.15062
0.04303	-0.150798
0.04181	-0.151133
0.04172	-0.151547
0.04144	-0.151764
0.04146	-0.151961
0.04126	-0.152277
0.04117	-0.152533
0.04099	-0.15275
0.04056	-0.152849
0.04021	-0.152987
0.03937	-0.153224
0.03937	-0.153342
0.03879	-0.153559
0.03804	-0.153993
0.03749	-0.154151
0.03746	-0.154269
0.03693	-0.154447
0.03699	-0.154486
0.03714	-0.154466
0.03671	-0.154388
0.03696	-0.154171
0.03732	-0.154072
0.03699	-0.154072
0.03679	-0.154072
0.03714	-0.154072
0.03674	-0.154072
0.03709	-0.154072
0.03654	-0.154052
0.03696	-0.154072
0.0368	-0.154072
0.03696	-0.15419
0.03709	-0.15425
0.03741	-0.154368
0.03676	-0.154703
0.03659	-0.1549
0.03671	-0.155058
0.03699	-0.155413
0.03682	-0.155788
0.03703	-0.156143
0.03697	-0.1564
0.03693	-0.156557
0.03696	-0.156755
0.03711	-0.15711
0.03719	-0.157287
0.03734	-0.157622
0.03743	-0.158017
0.03789	-0.158372
0.03856	-0.158628
0.03888	-0.158845
0.03918	-0.158865
0.03915	-0.158924
0.0392	-0.158984
0.03934	-0.159062
0.03943	-0.15926
0.03963	-0.159319
0.0394	-0.159398
0.03926	-0.159536
0.03938	-0.159556
0.03912	-0.159556
0.03928	-0.159556
0.03943	-0.159378
0.03941	-0.159319
0.039	-0.159319
0.03932	-0.159319
0.0394	-0.159319
0.03931	-0.159319
0.03903	-0.159319
0.03938	-0.159319
0.03937	-0.159319
0.03986	-0.159319
0.03986	-0.159398
0.03935	-0.159516
0.03969	-0.159851
0.04008	-0.160542
0.03992	-0.160759
0.04007	-0.160897
0.04051	-0.161252
0.04149	-0.161469
0.04164	-0.161784
0.04346	-0.162218
0.04453	-0.162495
0.04544	-0.162869
0.04578	-0.163362
0.04549	-0.163599
0.04533	-0.163658
0.04524	-0.163718
0.04535	-0.163796
0.04468	-0.164191
0.04631	-0.164625
0.04669	-0.164723
0.04753	-0.164921
0.04855	-0.165138
0.04877	-0.165197
0.04997	-0.165532
0.05116	-0.165868
0.05099	-0.165927
0.05104	-0.165986
0.05115	-0.166025
0.05115	-0.166025
0.05086	-0.166006
0.05103	-0.165868
0.05151	-0.16569
0.05124	-0.16569
0.05118	-0.16571
0.05148	-0.16571
0.05109	-0.16571
0.05074	-0.16571
0.05087	-0.16569
0.05107	-0.16569
0.05122	-0.16571
0.05156	-0.16571
0.05107	-0.165828
0.0507	-0.165927
0.05098	-0.166144
0.04927	-0.166814
0.04834	-0.167229
0.04836	-0.167347
0.04933	-0.167702
0.05164	-0.168136
0.05266	-0.168235
0.05305	-0.168313
0.05298	-0.168373
0.05336	-0.168432
0.05441	-0.168728
0.05368	-0.169083
0.05357	-0.169241
0.05319	-0.16928
0.05354	-0.1693
0.0531	-0.169319
0.05257	-0.169398
0.05261	-0.169418
0.05276	-0.169477
0.05238	-0.169576
0.05139	-0.169694
0.05109	-0.169872
0.05031	-0.17001
0.04993	-0.170108
0.05098	-0.170424
0.05258	-0.17074
0.05421	-0.171075
0.05489	-0.17145
0.05461	-0.171765
0.05373	-0.172002
0.05362	-0.172041
0.05385	-0.172022
0.0537	-0.171982
0.05359	-0.171746
0.05371	-0.171627
0.05363	-0.171627
0.05359	-0.171627
0.0536	-0.171627
0.05353	-0.171627
0.05368	-0.171627
0.05334	-0.171627
0.05373	-0.171627
0.05351	-0.171627
0.05336	-0.171627
0.0537	-0.171627
0.05382	-0.171746
0.05331	-0.171884
0.05325	-0.172022
0.05115	-0.172416
0.04979	-0.172752
0.04964	-0.173146
0.05226	-0.173896
0.05293	-0.17431
0.05244	-0.174487
0.05171	-0.174842
0.05089	-0.174882
0.05098	-0.174882
0.05086	-0.174902
0.05099	-0.174921
0.04892	-0.175217
0.04764	-0.175493
0.0475	-0.175612
0.0481	-0.176006
0.04851	-0.176558
0.04893	-0.176716
0.04869	-0.176973
0.04727	-0.177545
0.0464	-0.177722
0.04663	-0.177722
0.04636	-0.177703
0.04636	-0.177426
0.04665	-0.177407
0.04654	-0.177407
0.04648	-0.177407
0.04619	-0.177407
0.04651	-0.177407
0.04648	-0.177407
0.04666	-0.177407
0.04616	-0.177407
0.04678	-0.177407
0.04651	-0.177624
0.0459	-0.177998
0.04515	-0.178551
0.04553	-0.179261
0.04561	-0.179576
0.04532	-0.179793
0.04532	-0.179793
0.04544	-0.179793
0.04547	-0.179793
0.04514	-0.179793
0.04538	-0.179813
0.04533	-0.179813
0.04533	-0.179813
0.04543	-0.179813
0.04567	-0.179813
0.04561	-0.179813
0.04535	-0.179813
0.0452	-0.179813
0.04524	-0.179813
0.04562	-0.179793
0.04541	-0.179774
0.04535	-0.179774
0.04539	-0.179754
0.04541	-0.179695
0.04524	-0.179675
0.04587	-0.179438
0.04572	-0.179162
0.04573	-0.178649
0.0457	-0.177959
0.04504	-0.177643
0.04523	-0.177604
0.04553	-0.177446
0.04712	-0.176933
0.04947	-0.176223
0.04858	-0.17575
0.0481	-0.175375
0.04849	-0.174763
0.0497	-0.174586
0.04987	-0.174527
0.05223	-0.174053
0.05345	-0.173758
0.05322	-0.173738
0.05328	-0.173619
0.05305	-0.173343
0.05215	-0.173284
0.0522	-0.173284
0.05167	-0.173343
0.05141	-0.173383
0.0515	-0.173383
0.05153	-0.173383
0.05096	-0.173383
0.05148	-0.173383
0.05095	-0.173363
0.05162	-0.173383
0.05112	-0.173363
0.05142	-0.173343
0.05171	-0.173324
0.05167	-0.173264
0.05128	-0.173225
0.05106	-0.173107
0.0493	-0.172574
0.04941	-0.172041
0.05099	-0.171746
0.05228	-0.171568
0.05305	-0.17145
0.0535	-0.171371
0.05421	-0.171134
0.05476	-0.170858
0.05382	-0.170562
0.05185	-0.170128
0.05058	-0.169911
0.05037	-0.169891
0.0504	-0.169872
0.04994	-0.169655
0.04984	-0.169517
0.05037	-0.169339
0.05147	-0.169063
0.05162	-0.168925
0.05247	-0.168668
0.0531	-0.168609
0.05276	-0.16859
0.05322	-0.168511
0.05377	-0.168491
0.05345	-0.168491
0.05402	-0.168609
0.05322	-0.168629
0.05363	-0.168629
0.05347	-0.168629
0.05377	-0.168609
0.05406	-0.16859
0.05411	-0.16855
0.05396	-0.168471
0.05376	-0.168412
0.05397	-0.168116
0.05307	-0.167879
0.05344	-0.16782
0.05363	-0.167781
0.05241	-0.167603
0.05009	-0.167327
0.04918	-0.167012
0.04846	-0.166716
0.04803	-0.166518
0.04863	-0.166282
0.04961	-0.166104
0.04916	-0.166084
0.04922	-0.166006
0.04997	-0.165808
0.05089	-0.165651
0.05127	-0.165394
0.05092	-0.165118
0.05118	-0.165
0.05013	-0.164822
0.0498	-0.164645
0.04868	-0.164467
0.04716	-0.164211
0.04527	-0.163816
0.04472	-0.163501
0.04402	-0.163284
0.0446	-0.163165
0.04413	-0.163145
0.04433	-0.163205
0.04459	-0.163323
0.04449	-0.163323
0.04428	-0.163323
0.04448	-0.163323
0.04446	-0.163323
0.04472	-0.163323
0.04453	-0.163323
0.0446	-0.163323
0.04472	-0.163323
0.04483	-0.163185
0.04442	-0.163027
0.04472	-0.162672
0.04446	-0.162258
0.04308	-0.161824
0.0416	-0.161449
0.04091	-0.161252
0.04057	-0.161074
0.04054	-0.160877
0.03983	-0.160739
0.0394	-0.160483
0.03952	-0.160147
0.03951	-0.15997
0.03926	-0.159911
0.04005	-0.159792
0.03972	-0.159792
0.03947	-0.159792
0.03955	-0.159733
0.03979	-0.159556
0.03947	-0.159398
0.03922	-0.15924
0.03879	-0.159161
0.03932	-0.158944
0.03857	-0.158569
0.03801	-0.158293
0.03738	-0.158096
0.03716	-0.157958
0.03711	-0.157899
0.03734	-0.157879
0.03711	-0.157879
0.03696	-0.157938
0.03729	-0.157958
0.037	-0.157997
0.03683	-0.157997
0.0368	-0.157997
0.03694	-0.157997
0.03697	-0.157997
0.03673	-0.157997
0.03703	-0.157958
0.03712	-0.157938
0.037	-0.157682
0.03687	-0.157248
0.03709	-0.15711
0.03671	-0.157031
0.03671	-0.157011
0.03677	-0.156952
0.03677	-0.156636
0.03639	-0.156222
0.03642	-0.155847
0.03658	-0.155591
0.0369	-0.155315
0.03703	-0.155019
0.03674	-0.154624
0.03662	-0.154388
0.03702	-0.154249
0.03668	-0.154151
0.03691	-0.154052
0.03703	-0.153816
0.03714	-0.153618
0.03757	-0.153362
0.03868	-0.152908
0.03946	-0.152593
0.04051	-0.152356
0.04158	-0.15208
0.04178	-0.151843
0.04193	-0.151685
0.04187	-0.151527
0.04237	-0.151389
0.04231	-0.151389
0.04263	-0.151429
0.04219	-0.151567
0.04222	-0.151606
0.04227	-0.151606
0.04242	-0.151606
0.04242	-0.151606
0.04254	-0.151606
0.04269	-0.151606
0.043	-0.151606
0.04282	-0.151606
0.04288	-0.151606
0.04242	-0.151606
0.04262	-0.151547
0.04237	-0.151468
0.04272	-0.15133
0.04286	-0.150817
0.04311	-0.150541
0.04404	-0.150206
0.04529	-0.149949
0.04616	-0.149772
0.04648	-0.149515
0.04822	-0.149121
0.05215	-0.148628
0.05487	-0.148293
0.05582	-0.148095
0.056	-0.148036
0.05582	-0.147997
0.05598	-0.147859
0.05602	-0.147819
0.05582	-0.147819
0.05612	-0.147799
0.05592	-0.147661
0.0556	-0.147464
0.0546	-0.147109
0.05356	-0.146754
0.05377	-0.146596
0.05377	-0.146498
0.05402	-0.146221
0.05583	-0.145866
0.05818	-0.14561
0.05896	-0.14559
0.0591	-0.14559
0.05858	-0.14561
0.05887	-0.14563
0.05911	-0.14563
0.06044	-0.145649
0.05992	-0.145649
0.06036	-0.145649
0.06015	-0.145649
0.06021	-0.145649
0.06035	-0.145649
0.06044	-0.145649
0.06023	-0.145649
0.06046	-0.145649
0.06017	-0.14563
0.06136	-0.145511
0.06485	-0.145156
0.06993	-0.144762
0.07355	-0.144387
0.07486	-0.143953
0.07338	-0.143618
0.07185	-0.14342
0.06989	-0.143125
0.06754	-0.142868
0.06758	-0.142789
0.0663	-0.142533
0.06604	-0.142178
0.06604	-0.142099
0.06627	-0.142
0.0679	-0.141685
0.07011	-0.141448
0.07027	-0.141369
0.07167	-0.141251
0.07385	-0.141093
0.07594	-0.140935
0.07976	-0.140659
0.08276	-0.140462
0.08459	-0.140304
0.08604	-0.140146
0.0871	-0.140008
0.08815	-0.139791
0.08788	-0.139574
0.08704	-0.139436
0.08635	-0.139397
0.08649	-0.139397
0.08643	-0.139416
0.08627	-0.139436
0.08633	-0.139436
0.08621	-0.139436
0.08659	-0.139436
0.08626	-0.139436
0.08632	-0.139436
0.08629	-0.139436
0.08678	-0.139436
0.08656	-0.139436
0.08658	-0.139436
0.08638	-0.139436
0.08629	-0.139436
0.08629	-0.139397
0.08682	-0.139397
0.08673	-0.139397
0.08495	-0.139199
0.08142	-0.138903
0.07858	-0.138686
0.07562	-0.13843
0.07433	-0.138351
0.07361	-0.138272
0.07057	-0.137937
0.07019	-0.1377
0.06895	-0.137444
0.069	-0.137089
0.06889	-0.13701
0.06854	-0.13699
0.06908	-0.136872
0.06947	-0.136813
0.06978	-0.136714
0.0705	-0.136536
0.07137	-0.136418
0.07285	-0.13626
0.0744	-0.136083
0.0757	-0.135925
0.07806	-0.135728
0.07918	-0.135629
0.08008	-0.135471
0.08218	-0.135195
0.08237	-0.134958
0.08124	-0.134564
0.07664	-0.13411
0.07356	-0.133854
0.07327	-0.133775
0.07182	-0.133716
0.06963	-0.133558
0.0694	-0.133519
0.06927	-0.133519
0.06909	-0.133538
0.06935	-0.133578
0.06918	-0.133597
0.06927	-0.133597
0.06895	-0.133597
0.06938	-0.133597
0.06917	-0.133597
0.06906	-0.133597
0.06903	-0.133597
0.06932	-0.133597
0.06902	-0.133558
0.06921	-0.133519
0.06937	-0.133519
0.06934	-0.133519
0.06468	-0.133144
0.06319	-0.132986
0.06096	-0.132789
0.0584	-0.132394
0.05687	-0.132098
0.05634	-0.131941
0.05508	-0.131704
0.05458	-0.131467
0.05482	-0.131329
0.054	-0.131191
0.05424	-0.131053
0.05396	-0.130796
0.05411	-0.130658
0.05383	-0.130402
0.05354	-0.130126
0.05365	-0.129988
0.0533	-0.12985
0.05287	-0.129692
0.05315	-0.129574
0.05231	-0.129435
0.05144	-0.129238
0.05119	-0.12908
0.05032	-0.128923
0.04921	-0.128785
0.0488	-0.128666
0.04739	-0.128568
0.04642	-0.128331
0.04343	-0.127917
0.04202	-0.12764
0.04185	-0.12764
0.04152	-0.12764
0.04161	-0.1277
0.04135	-0.1277
0.04176	-0.1277
0.04129	-0.1277
0.04199	-0.1277
0.04218	-0.1277
0.04182	-0.1277
0.04158	-0.1277
0.04185	-0.12768
0.04189	-0.12764
0.04224	-0.12764
0.04141	-0.127601
0.03941	-0.127147
0.03857	-0.126753
0.03722	-0.126358
0.03648	-0.126122
0.03644	-0.126043
0.03609	-0.125826
0.03564	-0.12555
0.03566	-0.125254
0.03564	-0.124978
0.03558	-0.124859
0.03532	-0.124623
0.03568	-0.124386
0.03603	-0.124228
0.03624	-0.124051
0.03653	-0.123893
0.03706	-0.123735
0.03819	-0.123538
0.03891	-0.123242
0.041	-0.122946
0.04269	-0.122709
0.04445	-0.122551
0.04506	-0.122394
0.04686	-0.122157
0.04858	-0.121979
0.04857	-0.12196
0.04858	-0.12196
0.0486	-0.12196
0.04861	-0.12196
0.04846	-0.12196
0.04852	-0.122019
0.04871	-0.122019
0.0486	-0.122019
0.04836	-0.122019
0.04854	-0.122019
0.04868	-0.122019
0.0488	-0.122019
0.04836	-0.122019
0.0489	-0.122019
0.04831	-0.122019
0.04871	-0.121979
0.04877	-0.12196
0.04887	-0.12196
0.04895	-0.12196
0.04897	-0.12196
0.04892	-0.12196
0.05257	-0.121545
0.05466	-0.121269
0.0565	-0.120993
0.05818	-0.120717
0.05951	-0.120441
0.06181	-0.120125
0.06422	-0.11979
0.06592	-0.119573
0.06677	-0.119455
0.06779	-0.119336
0.069	-0.119238
0.07036	-0.11908
0.0735	-0.118804
0.07637	-0.118567
0.08046	-0.118291
0.08667	-0.117916
0.09525	-0.117522
0.10092	-0.117245
0.10526	-0.117088
0.10765	-0.117009
0.10875	-0.11695
0.10933	-0.11693
0.11122	-0.116871
0.11928	-0.116614
0.12346	-0.116496
0.13039	-0.116299
0.14369	-0.116003
0.15054	-0.115884
0.1508	-0.115884
0.15099	-0.115884
0.15012	-0.115884
0.15044	-0.115884
0.15086	-0.115884
0.1508	-0.115884
0.1505	-0.115884
0.15147	-0.115884
0.15077	-0.115884
0.15118	-0.115884
0.15054	-0.115884
0.15079	-0.115884
0.15082	-0.115884
0.15079	-0.115884
0.15132	-0.115884
0.15297	-0.115707
0.18141	-0.115233
0.20319	-0.115016
0.22194	-0.11474
0.24377	-0.114385
0.25235	-0.114227
0.26595	-0.11403
0.28789	-0.113636
0.3065	-0.113261
0.32068	-0.112886
0.3295	-0.11259
0.33286	-0.112432
0.33578	-0.112294
0.34131	-0.111939
0.3439	-0.111663
0.34641	-0.111328
0.34846	-0.110894
0.34959	-0.110618
0.35036	-0.11048
0.35152	-0.110223
0.35278	-0.109908
0.3558	-0.109572
0.35779	-0.109375
0.36191	-0.109198
0.36702	-0.108843
0.36899	-0.108704
0.37531	-0.108448
0.3837	-0.108073
0.39072	-0.107837
0.39592	-0.107659
0.39919	-0.10758
0.40355	-0.107422
0.40872	-0.107284
0.41022	-0.107225
0.41165	-0.107225
0.41139	-0.107225
0.41171	-0.107225
0.41101	-0.107245
0.40936	-0.107245
0.40887	-0.107245
0.40962	-0.107245
0.40891	-0.107245
0.40883	-0.107245
0.41057	-0.107245
0.41083	-0.107245
0.41083	-0.107245
0.41216	-0.107245
0.4119	-0.107245
0.41219	-0.107225
0.4126	-0.107225
0.41118	-0.107225
0.41167	-0.107225
0.41254	-0.107225
0.41209	-0.107225
0.42302	-0.10687
0.43185	-0.106673
0.45357	-0.106377
0.46904	-0.106042
0.48763	-0.105706
0.50912	-0.105331
0.52849	-0.105016
0.54836	-0.10472
0.57124	-0.104404
0.58965	-0.104207
0.59673	-0.104109
0.60469	-0.10397
0.62183	-0.103753
0.6357	-0.103576
0.66919	-0.10332
0.69542	-0.103043
0.70558	-0.102925
0.71077	-0.102866
0.71806	-0.102807
0.72798	-0.102688
0.73625	-0.102609
0.75174	-0.102452
0.76402	-0.102314
0.77095	-0.102235
0.78601	-0.102057
0.79434	-0.101978
0.79335	-0.101978
0.7915	-0.101978
0.7894	-0.101978
0.78842	-0.101998
0.78743	-0.101998
0.78755	-0.101998
0.78648	-0.101998
0.78767	-0.101998
0.78844	-0.101998
0.7874	-0.101998
0.78822	-0.101998
0.78928	-0.101998
0.78914	-0.101998
0.78891	-0.101998
0.78896	-0.101978
0.78926	-0.101978
0.79221	-0.101978
0.7914	-0.101978
0.7897	-0.101978
0.78984	-0.101959
0.82805	-0.101544
0.84998	-0.101288
0.88356	-0.100992
0.91138	-0.100775
0.93936	-0.100479
0.97163	-0.100144
1.00223	-0.099828
1.02162	-0.099631
1.03236	-0.099532
1.04251	-0.099394
1.05867	-0.099197
1.0744	-0.099019
1.09837	-0.098803
1.10269	-0.098743
1.10715	-0.098664
1.1142	-0.098526
1.13594	-0.098211
1.15678	-0.097895
1.17735	-0.09754
1.19923	-0.097106
1.22122	-0.096791
1.22362	-0.096751
1.23131	-0.096593
1.23799	-0.096396
1.24287	-0.096297
1.24971	-0.09612
1.25208	-0.09608
1.25307	-0.096061
1.25429	-0.096041
1.25443	-0.096002
1.26039	-0.095903
1.2608	-0.095883
1.26059	-0.095883
1.26004	-0.095883
1.25838	-0.095883
1.25603	-0.095883
1.25424	-0.095883
1.25307	-0.095903
1.2525	-0.095903
1.25452	-0.095903
1.25468	-0.095903
1.25459	-0.095903
1.25464	-0.095903
1.254	-0.095883
1.25375	-0.095883
1.25536	-0.095883
1.25667	-0.095883
1.25734	-0.095883
1.25847	-0.095883
1.26004	-0.095883
1.2599	-0.095883
1.26003	-0.095883
1.26678	-0.095686
1.27388	-0.09537
1.28116	-0.095134
1.29109	-0.094779
1.29471	-0.094443
1.30794	-0.094069
1.32344	-0.093812
1.3385	-0.093575
1.34576	-0.093299
1.34288	-0.093023
1.34088	-0.092727
1.326	-0.092431
1.32742	-0.092412
1.32419	-0.092234
1.31462	-0.091997
1.3091	-0.09184
1.3085	-0.091544
1.30261	-0.091307
1.29765	-0.09107
1.29424	-0.090893
1.29074	-0.090735
1.28534	-0.090518
1.27824	-0.090281
1.27151	-0.090104
1.26395	-0.089887
1.2565	-0.089788
1.25449	-0.089788
1.25256	-0.089808
1.2514	-0.089808
1.25153	-0.089808
1.25131	-0.089808
1.25104	-0.089808
1.25226	-0.089808
1.25229	-0.089808
1.25229	-0.089808
1.25328	-0.089808
1.25388	-0.089808
1.25562	-0.089808
1.25664	-0.089808
1.25739	-0.089788
1.25679	-0.089788
1.25627	-0.089709
1.24051	-0.089374
1.22795	-0.089078
1.21819	-0.088881
1.19942	-0.088605
1.18419	-0.08825
1.16173	-0.087855
1.13844	-0.0875
1.13133	-0.087382
1.11707	-0.087165
1.10477	-0.087027
1.08701	-0.08679
1.065	-0.086553
1.04985	-0.086455
1.03857	-0.086356
1.03107	-0.086257
1.02469	-0.086198
1.01956	-0.086139
1.01199	-0.086001
0.99818	-0.085823
0.99327	-0.085745
0.96727	-0.085488
0.9503	-0.085271
0.93941	-0.085153
0.92963	-0.085034
0.91887	-0.084936
0.90445	-0.084739
0.88408	-0.084502
0.86378	-0.084324
0.84828	-0.084206
0.83638	-0.084088
0.82887	-0.084028
0.813	-0.083851
0.78049	-0.083535
0.76489	-0.083417
0.76349	-0.083417
0.76485	-0.083417
0.76559	-0.083437
0.76425	-0.083437
0.76337	-0.083437
0.76213	-0.083437
0.761	-0.083437
0.75873	-0.083437
0.75885	-0.083437
0.75917	-0.083437
0.7605	-0.083437
0.76152	-0.083437
0.76109	-0.083437
0.76115	-0.083417
0.76122	-0.083417
0.76115	-0.083417
0.72902	-0.083023
0.7036	-0.082766
0.67307	-0.08249
0.65756	-0.082391
0.64482	-0.082293
0.63924	-0.082234
0.62537	-0.082095
0.60336	-0.081839
0.58264	-0.081602
0.55661	-0.081306
0.53659	-0.08105
0.51973	-0.080813
0.50177	-0.080537
0.48506	-0.08034
0.48038	-0.0803
0.47775	-0.080261
0.4583	-0.080064
0.44498	-0.079867
0.43198	-0.079689
0.42462	-0.07959
0.4202	-0.079511
0.41153	-0.079354
0.3979	-0.079097
0.38434	-0.078821
0.3755	-0.078663
0.37361	-0.078644
0.37285	-0.078644
0.37288	-0.078644
0.3732	-0.078644
0.37341	-0.078644
0.37425	-0.078663
0.37593	-0.078663
0.37436	-0.078663
0.37378	-0.078663
0.37424	-0.078663
0.37437	-0.078663
0.37399	-0.078663
0.37425	-0.078644
0.3748	-0.078644
0.3743	-0.078644
0.37463	-0.078644
0.3741	-0.078644
0.36909	-0.078505
0.35896	-0.078289
0.35565	-0.07819
0.35106	-0.078052
0.34772	-0.077933
0.34044	-0.077697
0.33281	-0.07746
0.32433	-0.077105
0.31329	-0.076691
0.30373	-0.076415
0.30048	-0.076316
0.29651	-0.076158
0.29225	-0.075961
0.29007	-0.075843
0.2874	-0.075724
0.28563	-0.075626
0.2832	-0.075428
0.28082	-0.075271
0.27908	-0.075113
0.27766	-0.074975
0.27628	-0.074837
0.27531	-0.074758
0.27461	-0.074679
0.27415	-0.0746
0.27379	-0.074363
0.27061	-0.074048
0.26645	-0.073673
0.26366	-0.073476
0.26201	-0.073357
0.2588	-0.07316
0.25671	-0.072982
0.25195	-0.072706
0.2464	-0.072588
0.24673	-0.072588
0.24681	-0.072588
0.24727	-0.072588
0.248	-0.072588
0.24818	-0.072608
0.24693	-0.072608
0.2471	-0.072608
0.24768	-0.072608
0.24815	-0.072608
0.24754	-0.072608
0.24802	-0.072608
0.248	-0.072608
0.24733	-0.072608
0.24747	-0.072588
0.24791	-0.072588
0.24733	-0.072588
0.24738	-0.072588
0.24753	-0.072588
0.23853	-0.072312
0.23807	-0.072292
0.23544	-0.072213
0.22627	-0.071977
0.22063	-0.071799
0.2061	-0.071444
0.18581	-0.07101
0.17516	-0.070813
0.158	-0.070438
0.14343	-0.070162
0.1338	-0.069945
0.12178	-0.069629
0.10951	-0.069294
0.10205	-0.069037
0.09254	-0.068761
0.0864	-0.068505
0.07909	-0.068209
0.07524	-0.068012
0.07141	-0.067775
0.06819	-0.067598
0.06641	-0.067459
0.06378	-0.067282
0.06183	-0.067104
0.05983	-0.066907
0.05746	-0.06671
0.0567	-0.066631
0.05579	-0.066513
0.05475	-0.066454
0.05457	-0.066375
0.05432	-0.066276
0.05347	-0.066217
0.05344	-0.066197
0.05377	-0.066197
0.05325	-0.066197
0.05363	-0.066217
0.05351	-0.066217
0.05354	-0.066217
0.05347	-0.066217
0.05363	-0.066217
0.05418	-0.066217
0.05341	-0.066217
0.05333	-0.066217
0.05383	-0.066217
0.05334	-0.066197
0.05313	-0.066197
0.05324	-0.066197
0.0533	-0.066197
0.05348	-0.066197
0.05325	-0.066197
0.05359	-0.066197
0.05121	-0.065822
0.04936	-0.065566
0.04771	-0.06527
0.04692	-0.065092
0.04562	-0.064915
0.04462	-0.064639
0.04373	-0.064382
0.04269	-0.064165
0.04158	-0.063889
0.04033	-0.063672
0.03947	-0.063475
0.0386	-0.063278
0.03812	-0.063081
0.03777	-0.062844
0.03709	-0.062489
0.03697	-0.062252
0.03645	-0.062075
0.03648	-0.061917
0.03665	-0.061779
0.03671	-0.061581
0.03677	-0.061404
0.03653	-0.061345
0.03665	-0.061286
0.03716	-0.061108
0.03722	-0.06097
0.03717	-0.060911
0.03745	-0.060911
0.03734	-0.060911
0.03741	-0.060911
0.03741	-0.06095
0.03748	-0.06095
0.03731	-0.06095
0.03732	-0.06095
0.03731	-0.06095
0.03741	-0.06095
0.03758	-0.06095
0.03732	-0.06095
0.03745	-0.060911
0.03705	-0.060911
0.03716	-0.060911
0.03702	-0.060911
0.0369	-0.060891
0.0374	-0.060891
0.03763	-0.060497
0.03819	-0.06022
0.03909	-0.059905
0.03937	-0.059648
0.04019	-0.059372
0.04091	-0.059155
0.04166	-0.058919
0.04315	-0.058662
0.04393	-0.058425
0.04459	-0.058208
0.04619	-0.057972
0.04823	-0.057715
0.04898	-0.057577
0.05118	-0.057321
0.05249	-0.057104
0.05458	-0.056926
0.05566	-0.056808
0.05638	-0.05669
0.05881	-0.056394
0.06015	-0.056177
0.06123	-0.056078
0.06177	-0.05596
0.0618	-0.055822
0.06274	-0.055684
0.06328	-0.055526
0.06293	-0.055269
0.06293	-0.055112
0.06261	-0.054934
0.06168	-0.054579
0.06076	-0.054244
0.06041	-0.054165
0.06062	-0.054145
0.06029	-0.053908
0.05991	-0.053652
0.06042	-0.053257
0.06041	-0.052981
0.0619	-0.052646
0.06273	-0.052449
0.06441	-0.052291
0.06557	-0.052035
0.06723	-0.051896
0.06743	-0.051877
0.0679	-0.051798
0.0676	-0.051798
0.06711	-0.051857
0.06731	-0.051857
0.06735	-0.051857
0.06717	-0.051857
0.06764	-0.051857
0.06714	-0.051857
0.06747	-0.051857
0.06813	-0.051857
0.06786	-0.051857
0.06831	-0.051798
0.06839	-0.051798
0.0681	-0.051798
0.0686	-0.051798
0.07486	-0.051265
0.08064	-0.050772
0.08342	-0.050417
0.08424	-0.050082
0.0834	-0.049865
0.08217	-0.049668
0.07832	-0.049352
0.07541	-0.049076
0.07182	-0.04874
0.06836	-0.048346
0.06718	-0.04807
0.06706	-0.047991
0.06644	-0.047873
0.06602	-0.047734
0.06583	-0.047596
0.06602	-0.04732
0.06708	-0.047044
0.06808	-0.046807
0.07007	-0.04659
0.07103	-0.046433
0.07207	-0.046314
0.07405	-0.046058
0.07619	-0.045801
0.07814	-0.045525
0.07808	-0.045249
0.07855	-0.045131
0.07796	-0.045072
0.07745	-0.045032
0.07639	-0.044855
0.07513	-0.044717
0.07365	-0.044578
0.06776	-0.044184
0.06279	-0.04375
0.06059	-0.043533
0.05847	-0.043277
0.05782	-0.043178
0.05699	-0.042902
0.05659	-0.042764
0.05661	-0.042744
0.05652	-0.042645
0.05673	-0.042626
0.05656	-0.042606
0.05673	-0.042606
0.05658	-0.042606
0.05589	-0.042606
0.05603	-0.042645
0.05602	-0.042645
0.05551	-0.042645
0.05652	-0.042645
0.05577	-0.042645
0.05591	-0.042645
0.05618	-0.042645
0.05614	-0.042645
0.05618	-0.042645
0.05629	-0.042606
0.05659	-0.042606
0.05606	-0.042606
0.0563	-0.042606
0.05643	-0.042488
0.05775	-0.041856
0.05937	-0.041442
0.06056	-0.041146
0.061	-0.040791
0.06052	-0.040515
0.05888	-0.04018
0.05672	-0.039904
0.05409	-0.039647
0.052	-0.03945
0.04979	-0.039194
0.04854	-0.038996
0.04799	-0.038799
0.04713	-0.038582
0.04666	-0.038424
0.04637	-0.038227
0.04596	-0.038109
0.04637	-0.038069
0.04562	-0.037872
0.04601	-0.037694
0.04613	-0.037497
0.04602	-0.03732
0.04631	-0.037162
0.04625	-0.036984
0.04626	-0.036866
0.0464	-0.036846
0.04668	-0.036787
0.04631	-0.036767
0.04611	-0.036669
0.04616	-0.036511
0.04579	-0.036393
0.04567	-0.036294
0.04559	-0.036215
0.04515	-0.036176
0.04523	-0.036116
0.04495	-0.036018
0.04437	-0.035899
0.04349	-0.035722
0.04259	-0.035584
0.04236	-0.035466
0.04207	-0.035347
0.04132	-0.035229
0.04156	-0.035209
0.04137	-0.03511
0.04059	-0.035051
0.0408	-0.035051
0.04082	-0.035051
0.04082	-0.035091
0.04126	-0.035091
0.04106	-0.03511
0.04115	-0.035091
0.04099	-0.035091
0.04131	-0.035091
0.04109	-0.035091
0.04138	-0.035091
0.04076	-0.035071
0.04103	-0.035051
0.04105	-0.035051
0.04068	-0.035051
0.0406	-0.035051
0.04068	-0.035051
0.04062	-0.035051
0.03973	-0.034795
0.03928	-0.034519
0.03844	-0.034045
0.03868	-0.033749
0.03873	-0.033532
0.03886	-0.033335
0.03899	-0.033217
0.0387	-0.033118
0.03842	-0.032941
0.03835	-0.032704
0.03775	-0.032329
0.03781	-0.032093
0.03787	-0.031954
0.03795	-0.031856
0.03735	-0.031797
0.0376	-0.031678
0.03731	-0.031501
0.0377	-0.031382
0.03777	-0.031284
0.03761	-0.031185
0.03741	-0.031008
0.03763	-0.030791
0.03703	-0.030653
0.0372	-0.030593
0.03735	-0.030455
0.03716	-0.030337
0.03691	-0.030258
0.03717	-0.030081
0.03734	-0.030041
0.03735	-0.030021
0.03732	-0.029962
0.03685	-0.029844
0.03717	-0.029726
0.0372	-0.029568
0.03703	-0.029548
0.03709	-0.029548
0.03697	-0.029548
0.03731	-0.029587
0.03656	-0.029587
0.03725	-0.029607
0.03732	-0.029587
0.03716	-0.029587
0.03723	-0.029587
0.03746	-0.029587
0.03702	-0.029587
0.03728	-0.029587
0.03735	-0.029587
0.03722	-0.029568
0.03751	-0.029568
0.03735	-0.029548
0.03798	-0.029548
0.03734	-0.029548
0.0374	-0.02943
0.03754	-0.029055
0.03751	-0.028739
0.03741	-0.0287
0.03741	-0.028542
0.03825	-0.028266
0.0379	-0.02799
0.03806	-0.027674
0.03781	-0.027378
0.03801	-0.027102
0.03806	-0.026925
0.03822	-0.026806
0.03825	-0.026688
0.03865	-0.02651
0.0386	-0.026372
0.03894	-0.026234
0.03883	-0.026096
0.03938	-0.025978
0.03986	-0.02584
0.03944	-0.025761
0.04001	-0.025623
0.04079	-0.025268
0.0405	-0.025228
0.04051	-0.025209
0.04066	-0.02507
0.04063	-0.025031
0.04048	-0.025011
0.04123	-0.024932
0.04109	-0.024853
0.04085	-0.024834
0.04089	-0.024755
0.04063	-0.024696
0.04108	-0.024696
0.04103	-0.024696
0.04077	-0.024696
0.04074	-0.024696
0.04103	-0.024696
0.04068	-0.024715
0.04057	-0.024715
0.04082	-0.024715
0.04092	-0.024715
0.04056	-0.024715
0.04013	-0.024715
0.04005	-0.024715
0.04045	-0.024696
0.04059	-0.024696
0.04048	-0.024696
0.04039	-0.024696
0.0406	-0.024696
0.04063	-0.024637
0.04045	-0.02438
0.04047	-0.024222
0.04031	-0.024104
0.04045	-0.023907
0.04033	-0.02367
0.04015	-0.023374
0.04121	-0.023275
0.04103	-0.023177
0.04132	-0.023098
0.04144	-0.023039
0.04199	-0.02294
0.04196	-0.022822
0.04263	-0.022625
0.04301	-0.022408
0.04337	-0.02225
0.04443	-0.022053
0.04483	-0.021954
0.04459	-0.021816
0.04413	-0.021737
0.04419	-0.021579
0.04359	-0.021283
0.04318	-0.021047
0.04283	-0.020987
0.04242	-0.020849
0.04283	-0.02077
0.04231	-0.020751
0.04242	-0.020731
0.04207	-0.020553
0.04291	-0.020396
0.04239	-0.020277
0.04277	-0.020139
0.04303	-0.020021
0.04312	-0.019981
0.04376	-0.019942
0.04359	-0.019922
0.0435	-0.019725
0.04457	-0.019469
0.04524	-0.01933
0.04585	-0.019074
0.04594	-0.018837
0.04611	-0.018818
0.04608	-0.018798
0.04637	-0.018601
0.04654	-0.018601
0.04611	-0.018601
0.04599	-0.018601
0.0462	-0.018601
0.04572	-0.018601
0.04604	-0.01862
0.04605	-0.01862
0.04549	-0.01862
0.0457	-0.01862
0.04567	-0.01862
0.04631	-0.01862
0.04623	-0.01862
0.04597	-0.018601
0.04596	-0.018601
0.04605	-0.018601
0.04623	-0.018601
0.04616	-0.018601
0.04532	-0.018344
0.04466	-0.018029
0.04437	-0.017792
0.04396	-0.017457
0.04378	-0.0172
0.04407	-0.017121
0.0441	-0.016963
0.04442	-0.016885
0.04503	-0.016707
0.04546	-0.01653
0.04601	-0.016352
0.04651	-0.015997
0.04683	-0.015563
0.04604	-0.015228
0.04575	-0.015109
0.04509	-0.014952
0.04456	-0.014892
0.04358	-0.014774
0.04327	-0.014675
0.04318	-0.014557
0.04268	-0.014439
0.04329	-0.01436
0.04289	-0.014182
0.04268	-0.013965
0.04343	-0.013748
0.0442	-0.013531
0.04449	-0.013512
0.04491	-0.013512
0.04462	-0.013472
0.04555	-0.013354
0.04544	-0.013078
0.04617	-0.012979
0.04565	-0.0129
0.04636	-0.012762
0.04541	-0.012565
0.04436	-0.01217
0.0435	-0.011973
0.04359	-0.011914
0.04317	-0.011736
0.04297	-0.011697
0.04311	-0.011697
0.04297	-0.011717
0.04306	-0.011717
0.04274	-0.011717
0.04277	-0.011717
0.04303	-0.011717
0.04321	-0.011717
0.04356	-0.011717
0.04335	-0.011717
0.04353	-0.011717
0.04315	-0.011717
0.04308	-0.011697
0.04303	-0.011697
0.04251	-0.011697
0.04279	-0.011697
0.04295	-0.011697
0.0432	-0.011638
0.04341	-0.011105
0.04382	-0.011026
0.04373	-0.01073
0.04346	-0.010612
0.04268	-0.010513
0.04318	-0.010099
0.04332	-0.009981
0.04367	-0.009803
0.04286	-0.009409
0.04202	-0.009014
0.04109	-0.008679
0.04085	-0.008501
0.04129	-0.008225
0.04131	-0.007831
0.04138	-0.007456
0.0414	-0.007417
0.04144	-0.007318
0.04143	-0.007279
0.04111	-0.00718
0.0417	-0.007062
0.04076	-0.006884
0.04068	-0.006509
0.03958	-0.005996
0.03969	-0.005444
0.03986	-0.005227
0.04012	-0.00505
0.03973	-0.004714
0.04008	-0.004576
0.03998	-0.004576
0.0397	-0.004458
0.03944	-0.004339
0.03973	-0.00432
0.0397	-0.004024
0.03891	-0.00359
0.03844	-0.003491
0.0392	-0.003491
0.03902	-0.003491
0.03882	-0.003491
0.03885	-0.003491
0.03877	-0.003491
0.03902	-0.003491
0.03874	-0.003491
0.03877	-0.003491
0.03882	-0.003491
0.03897	-0.003491
0.03842	-0.003491
0.03914	-0.003491
0.0392	-0.003491
0.03886	-0.003491
0.03857	-0.003491
0.03874	-0.003472
0.03874	-0.003314
0.03825	-0.003097
0.03845	-0.002702
0.03822	-0.002111
0.03854	-0.001578
0.03773	-0.001105
0.03836	-0.000690375
0.03801	-0.00043395
0.0379	-1.9725e-05
0.03773	2.751637e-16
0.03815	2.751637e-16
0.03795	2.751637e-16
0.03821	2.751637e-16
0.03807	2.751637e-16
0.03801	2.751637e-16
0.03838	2.751637e-16
0.03842	2.751637e-16
0.03848	2.751637e-16
0.03844	-1.9725e-05
0.03816	-1.9725e-05
0.03821	-1.9725e-05
0.03816	-1.9725e-05
0.03789	-1.9725e-05
0.03809	-1.9725e-05
0.03799	-1.9725e-05
0.03786	-1.9725e-05
0.03787	-1.9725e-05
0.03798	-1.9725e-05
0.03824	-1.9725e-05
0.03801	-1.9725e-05
0.03804	-1.9725e-05
0.03801	-1.9725e-05
0.03773	-1.9725e-05
0.03806	-1.9725e-05
0.03783	-1.9725e-05
0.03761	-1.9725e-05
0.03786	-1.9725e-05
0.03807	-1.9725e-05
0.03801	-1.9725e-05
0.0379	-1.9725e-05
0.03819	-1.9725e-05
0.03775	-1.9725e-05
0.03804	-1.9725e-05
0.03801	-1.9725e-05
0.03786	-1.9725e-05
0.03809	-1.9725e-05
0.03764	-1.9725e-05
0.03781	-1.9725e-05
0.0379	-1.9725e-05
0.03809	-1.9725e-05
0.0377	-1.9725e-05
0.03793	-1.9725e-05
0.03848	-1.9725e-05
0.03831	-1.9725e-05
0.03854	-1.9725e-05
0.0387	-1.9725e-05
0.03862	-1.9725e-05
0.03896	-1.9725e-05
0.0386	-1.9725e-05
0.039	-1.9725e-05
0.03922	-1.9725e-05
0.03915	-1.9725e-05
0.03883	-1.9725e-05
0.03899	-1.9725e-05
0.03883	-1.9725e-05
0.03905	-1.9725e-05
0.03894	-1.9725e-05
0.03891	-1.9725e-05
0.03873	-1.9725e-05
0.03844	-1.9725e-05
0.03851	-1.9725e-05
0.03841	-1.9725e-05
0.03838	-1.9725e-05
0.03838	-1.9725e-05
0.03854	-1.9725e-05
0.03831	-1.9725e-05
0.03802	-1.9725e-05
0.03833	-1.9725e-05
0.03831	-1.9725e-05
0.03844	-1.9725e-05
0.0385	-1.9725e-05
0.03857	-1.9725e-05
0.039	-1.9725e-05
0.03903	-1.9725e-05
0.03909	-1.9725e-05
0.03912	-1.9725e-05
0.03917	-1.9725e-05
0.0396	-1.9725e-05
0.03975	-1.9725e-05
0.04048	-1.9725e-05
0.04128	-1.9725e-05
0.04112	-1.9725e-05
0.04115	-1.9725e-05
0.04181	-1.9725e-05
0.04247	-1.9725e-05
0.04221	-1.9725e-05
0.04276	-1.9725e-05
0.04219	-1.9725e-05
0.04198	-1.9725e-05
0.04169	-1.9725e-05
0.04178	-1.9725e-05
0.04155	-1.9725e-05
0.04131	-1.9725e-05
0.04155	-1.9725e-05
0.04103	-1.9725e-05
0.04124	-1.9725e-05
0.04097	-1.9725e-05
0.04141	-1.9725e-05
0.04182	-1.9725e-05
0.04198	-1.9725e-05
0.0423	-1.9725e-05
0.04297	-1.9725e-05
0.04338	-1.9725e-05
0.04382	-1.9725e-05
0.04427	-1.9725e-05
0.04425	-1.9725e-05
0.04445	-1.9725e-05
0.04434	-1.9725e-05
0.04454	-1.9725e-05
0.0452	-1.9725e-05
0.04573	-1.9725e-05
0.04546	-1.9725e-05
0.04483	-1.9725e-05
0.0453	-1.9725e-05
0.04466	-1.9725e-05
0.04509	-1.9725e-05
0.04443	-1.9725e-05
0.04431	-1.9725e-05
0.04401	-1.9725e-05
0.04367	-1.9725e-05
0.04318	-1.9725e-05
0.04214	-1.9725e-05
0.04079	-1.9725e-05
0.04008	-1.9725e-05
0.03987	-1.9725e-05
0.03909	-1.9725e-05
0.03871	-1.9725e-05
0.03822	-1.9725e-05
0.03816	-1.9725e-05
0.03816	-1.9725e-05
0.03758	-1.9725e-05
0.03777	-1.9725e-05
0.03775	-1.9725e-05
0.03766	-1.9725e-05
0.0374	-1.9725e-05
0.03708	-1.9725e-05
0.03741	-1.9725e-05
0.03749	-1.9725e-05
0.03751	-1.9725e-05
0.0374	-1.9725e-05
0.03691	-1.9725e-05
0.03717	-1.9725e-05
0.03741	-1.9725e-05
0.0374	-1.9725e-05
0.03729	-1.9725e-05
0.03732	-1.9725e-05
0.03725	-1.9725e-05
0.03682	-1.9725e-05
0.037	-1.9725e-05
0.03754	-1.9725e-05
0.03787	-1.9725e-05
0.03749	-1.9725e-05
0.03795	-1.9725e-05
0.03778	-1.9725e-05
0.03746	-1.9725e-05
0.03764	-1.9725e-05
0.03755	-1.9725e-05
0.03745	-1.9725e-05
0.03745	-1.9725e-05
0.03757	-1.9725e-05
0.03767	-1.9725e-05
0.03769	-1.9725e-05
0.0376	-1.9725e-05
0.03767	-1.9725e-05
0.03743	-1.9725e-05
0.03764	-1.9725e-05
0.03743	-1.9725e-05
0.03761	-1.9725e-05
0.03719	-1.9725e-05
0.03745	-1.9725e-05
0.03769	-1.9725e-05
0.03767	-1.9725e-05
0.03722	-1.9725e-05
0.03766	-1.9725e-05
0.03726	-1.9725e-05
0.03764	-1.9725e-05
0.03728	-1.9725e-05
0.03743	-1.9725e-05
0.03778	-1.9725e-05
0.03787	-1.9725e-05
0.0376	-1.9725e-05
0.03758	-1.9725e-05
0.03761	-1.9725e-05
0.0378	-1.9725e-05
0.03772	-1.9725e-05
0.03745	-1.9725e-05
0.03801	-1.9725e-05
0.03754	-1.9725e-05
0.0381	-1.9725e-05
0.0377	-1.9725e-05
0.03769	-1.9725e-05
0.03787	-1.9725e-05
0.03773	-1.9725e-05
0.03758	-1.9725e-05
0.03764	-1.9725e-05
0.03751	-1.9725e-05
0.03793	-1.9725e-05
0.03757	-1.9725e-05
0.03722	-1.9725e-05
0.03731	-1.9725e-05
0.03758	-1.9725e-05
0.03722	-1.9725e-05
0.03777	-1.9725e-05
0.03746	-1.9725e-05
0.03755	-1.9725e-05
0.03746	-1.9725e-05
0.03731	-1.9725e-05
0.03783	-1.9725e-05
0.03745	-1.9725e-05
0.03769	-1.9725e-05
0.03766	-1.9725e-05
0.03706	-1.9725e-05
0.03781	-1.9725e-05
0.03781	-1.9725e-05
0.03751	-1.9725e-05
0.03777	-1.9725e-05
0.03758	-1.9725e-05
0.03773	-1.9725e-05
0.03729	-1.9725e-05
0.03755	-1.9725e-05
0.03754	-1.9725e-05
0.03731	-1.9725e-05
0.03758	-1.9725e-05
0.03754	-1.9725e-05
0.03743	-1.9725e-05
0.03709	-1.9725e-05
0.03764	-1.9725e-05
0.03752	-1.9725e-05
0.03738	-1.9725e-05
0.03755	-1.9725e-05
