Light Intensity (% of scale max) Alessio_0.04_1.0_lampada	Position (m) Alessio_0.04_1.0_lampada
0.03233	0.0
0.03224	-1.9725e-05
0.03195	-1.9725e-05
0.03194	-1.9725e-05
0.03194	-1.9725e-05
0.03207	-1.9725e-05
0.03201	-1.9725e-05
0.03218	-1.9725e-05
0.03247	-1.9725e-05
0.03186	-1.9725e-05
0.03229	-1.9725e-05
0.03246	-3.945e-05
0.03207	-3.945e-05
0.03178	-3.945e-05
0.0318	-3.945e-05
0.03175	-3.945e-05
0.0321	-3.945e-05
0.03175	-3.945e-05
0.03217	-3.945e-05
0.03194	-0.000216975
0.03197	-0.000335325
0.03198	-0.00035505
0.03177	-0.000611475
0.03189	-0.00090735
0.03192	-0.001085
0.03188	-0.00146
0.0316	-0.00215
0.03204	-0.002426
0.03197	-0.002466
0.03189	-0.002643
0.03178	-0.002939
0.03212	-0.003452
0.03223	-0.003748
0.03215	-0.004103
0.03242	-0.004556
0.03247	-0.004813
0.03242	-0.004833
0.03241	-0.004813
0.03273	-0.004813
0.03236	-0.004813
0.03262	-0.004813
0.03246	-0.004813
0.03244	-0.004813
0.03252	-0.004813
0.03239	-0.004813
0.03206	-0.004813
0.03218	-0.004833
0.03252	-0.005128
0.03261	-0.005957
0.0327	-0.006036
0.03284	-0.006154
0.03278	-0.006233
0.03294	-0.006371
0.03357	-0.006785
0.03337	-0.00718
0.03369	-0.00718
0.03326	-0.007476
0.03346	-0.007831
0.03307	-0.008206
0.03337	-0.008699
0.03418	-0.009231
0.03435	-0.009271
0.03439	-0.009271
0.03436	-0.009271
0.03458	-0.009271
0.03462	-0.009271
0.03458	-0.009271
0.03439	-0.009271
0.03435	-0.009271
0.03447	-0.009271
0.03448	-0.009271
0.03419	-0.009271
0.03406	-0.009271
0.03412	-0.00933
0.03418	-0.009527
0.03462	-0.009567
0.03453	-0.009606
0.03413	-0.009823
0.034	-0.010454
0.03343	-0.01073
0.03334	-0.010849
0.03296	-0.011204
0.0329	-0.011401
0.0334	-0.011638
0.0336	-0.011934
0.03333	-0.012091
0.03375	-0.012111
0.03311	-0.012111
0.03384	-0.01221
0.03331	-0.012348
0.03348	-0.012446
0.03322	-0.0129
0.0331	-0.013196
0.03297	-0.013216
0.03284	-0.013216
0.03314	-0.013216
0.03304	-0.013216
0.03304	-0.013216
0.03304	-0.013216
0.03271	-0.013216
0.03317	-0.013216
0.03326	-0.013216
0.03288	-0.013216
0.03291	-0.013235
0.03288	-0.013847
0.03232	-0.014596
0.03238	-0.014695
0.0323	-0.014932
0.0321	-0.015129
0.03209	-0.015464
0.03188	-0.015741
0.03174	-0.015859
0.03192	-0.016293
0.0316	-0.016806
0.03137	-0.017082
0.03119	-0.017299
0.03134	-0.017575
0.03163	-0.018147
0.03152	-0.018325
0.03175	-0.018325
0.0316	-0.018305
0.03116	-0.018305
0.03159	-0.018305
0.03157	-0.018305
0.03152	-0.018305
0.03125	-0.018305
0.03152	-0.018305
0.03171	-0.018305
0.03178	-0.018325
0.03198	-0.019035
0.03206	-0.019903
0.03195	-0.020317
0.03221	-0.020553
0.03226	-0.020948
0.03241	-0.021185
0.03333	-0.021481
0.03348	-0.021993
0.03362	-0.022348
0.03339	-0.022447
0.03333	-0.022625
0.0332	-0.02294
0.03325	-0.023374
0.03349	-0.023729
0.03328	-0.023867
0.03308	-0.023848
0.03333	-0.023848
0.03308	-0.023848
0.03342	-0.023848
0.03316	-0.023848
0.03278	-0.023848
0.0334	-0.023848
0.03273	-0.023848
0.03284	-0.023848
0.03287	-0.023848
0.0332	-0.023848
0.03241	-0.023887
0.03297	-0.024104
0.03354	-0.024597
0.03426	-0.024992
0.03447	-0.025268
0.03426	-0.025504
0.03418	-0.025978
0.03293	-0.02651
0.03302	-0.026925
0.03284	-0.02726
0.03226	-0.027378
0.03311	-0.027576
0.03288	-0.027674
0.03307	-0.027891
0.03329	-0.028148
0.03333	-0.028226
0.03333	-0.028562
0.03305	-0.028739
0.03372	-0.028739
0.03343	-0.0287
0.03316	-0.0287
0.03336	-0.0287
0.0332	-0.0287
0.03374	-0.0287
0.03339	-0.0287
0.03319	-0.0287
0.03329	-0.028739
0.0336	-0.028739
0.03352	-0.028739
0.03314	-0.028739
0.03351	-0.028956
0.03304	-0.029647
0.03218	-0.029962
0.03197	-0.030278
0.03169	-0.030653
0.03165	-0.030909
0.03143	-0.031343
0.03134	-0.031422
0.0311	-0.031481
0.03091	-0.031816
0.0307	-0.031994
0.03088	-0.03231
0.03061	-0.032586
0.03065	-0.032704
0.03062	-0.032724
0.03041	-0.032724
0.03064	-0.032724
0.03107	-0.032684
0.03081	-0.032684
0.03058	-0.032684
0.03073	-0.032684
0.03099	-0.032684
0.03075	-0.032684
0.03107	-0.032684
0.03096	-0.032724
0.03117	-0.032724
0.03116	-0.032724
0.0311	-0.032941
0.03151	-0.033335
0.03156	-0.03373
0.03194	-0.033888
0.03128	-0.034282
0.03189	-0.034696
0.03156	-0.034775
0.03223	-0.035091
0.03241	-0.035623
0.03343	-0.036097
0.03386	-0.036669
0.03404	-0.037103
0.03429	-0.037142
0.03427	-0.037221
0.03448	-0.0373
0.03458	-0.0373
0.03471	-0.03728
0.03458	-0.037261
0.03459	-0.03728
0.03452	-0.03728
0.03458	-0.03728
0.03448	-0.037261
0.03462	-0.037261
0.03458	-0.03728
0.03439	-0.0373
0.03484	-0.0373
0.03448	-0.037399
0.03452	-0.03799
0.0343	-0.038227
0.03464	-0.038385
0.03461	-0.038917
0.03587	-0.039233
0.0374	-0.039785
0.03868	-0.04016
0.03862	-0.04018
0.03961	-0.040456
0.0397	-0.040811
0.04031	-0.040929
0.03979	-0.041245
0.03944	-0.041442
0.03931	-0.041462
0.03926	-0.041482
0.03922	-0.041482
0.03897	-0.041442
0.03877	-0.041442
0.03897	-0.041442
0.03909	-0.041442
0.03873	-0.041442
0.03912	-0.041442
0.03926	-0.041442
0.03879	-0.041442
0.03929	-0.041482
0.039	-0.041482
0.03864	-0.041699
0.03658	-0.042547
0.03551	-0.04302
0.03568	-0.043217
0.03545	-0.043513
0.03543	-0.043671
0.03558	-0.043967
0.03537	-0.044421
0.03519	-0.044717
0.03557	-0.044953
0.03534	-0.045091
0.03531	-0.045249
0.03471	-0.045565
0.03419	-0.045782
0.034	-0.045821
0.03418	-0.045821
0.03398	-0.045742
0.03453	-0.045742
0.03436	-0.045742
0.03448	-0.045742
0.03429	-0.045742
0.03438	-0.045742
0.0345	-0.045742
0.03418	-0.045742
0.03412	-0.045801
0.03398	-0.045801
0.03412	-0.045821
0.03412	-0.045841
0.03331	-0.046275
0.03284	-0.046709
0.0321	-0.046788
0.03212	-0.047044
0.03159	-0.047301
0.0313	-0.047596
0.03136	-0.047991
0.03134	-0.048129
0.03131	-0.048366
0.03111	-0.04878
0.03137	-0.048918
0.03146	-0.049155
0.03172	-0.04951
0.03235	-0.049707
0.03322	-0.050042
0.03329	-0.050161
0.0336	-0.050161
0.03358	-0.050141
0.0336	-0.050082
0.03368	-0.050082
0.03372	-0.050082
0.0336	-0.050082
0.03322	-0.050082
0.03339	-0.050082
0.03378	-0.050082
0.0336	-0.050141
0.03391	-0.050141
0.03383	-0.050161
0.03513	-0.050535
0.03729	-0.051167
0.03784	-0.051324
0.03783	-0.051443
0.03864	-0.05164
0.03932	-0.051936
0.03995	-0.052311
0.0397	-0.052429
0.03976	-0.052666
0.04034	-0.05306
0.04073	-0.053159
0.04092	-0.053553
0.04147	-0.053968
0.0426	-0.054283
0.0442	-0.054619
0.04517	-0.054717
0.04463	-0.054717
0.04457	-0.054638
0.04434	-0.054638
0.0442	-0.054638
0.0444	-0.054638
0.04436	-0.054638
0.04445	-0.054638
0.04462	-0.054638
0.04486	-0.054697
0.04483	-0.054697
0.04419	-0.054717
0.04572	-0.054914
0.04936	-0.055684
0.05231	-0.05598
0.05428	-0.056078
0.05678	-0.056414
0.05716	-0.056532
0.05803	-0.056788
0.05856	-0.057005
0.05943	-0.057222
0.05841	-0.057538
0.05719	-0.057932
0.05569	-0.058208
0.05409	-0.058445
0.05348	-0.058564
0.05324	-0.058583
0.05214	-0.058741
0.05127	-0.058859
0.04996	-0.058997
0.04773	-0.059313
0.04726	-0.059431
0.04694	-0.059431
0.04628	-0.059372
0.04604	-0.059372
0.04628	-0.059372
0.04626	-0.059372
0.04625	-0.059372
0.04686	-0.059372
0.04733	-0.059412
0.04701	-0.059431
0.04695	-0.059431
0.04721	-0.059431
0.04581	-0.059609
0.04321	-0.060003
0.04248	-0.060181
0.04073	-0.060497
0.03931	-0.060812
0.03853	-0.061049
0.03687	-0.061364
0.03653	-0.061641
0.03564	-0.061818
0.03497	-0.062134
0.03499	-0.062213
0.03394	-0.06239
0.03307	-0.062765
0.03273	-0.062942
0.03172	-0.063258
0.03154	-0.063416
0.03143	-0.063416
0.03148	-0.063396
0.03113	-0.063376
0.03156	-0.063357
0.0311	-0.063376
0.03117	-0.063376
0.03117	-0.063376
0.03114	-0.063376
0.03162	-0.063376
0.03113	-0.063376
0.03131	-0.063396
0.03105	-0.063396
0.03154	-0.063416
0.03148	-0.063613
0.03145	-0.064185
0.03139	-0.064442
0.03255	-0.064639
0.03357	-0.064915
0.03558	-0.065309
0.03719	-0.065586
0.03835	-0.065704
0.04056	-0.06598
0.04239	-0.066276
0.04413	-0.066473
0.04637	-0.066651
0.04718	-0.066789
0.04929	-0.067065
0.05176	-0.067282
0.05258	-0.067302
0.05235	-0.067302
0.05183	-0.067302
0.05199	-0.067302
0.0513	-0.067302
0.05231	-0.067302
0.05225	-0.067302
0.05217	-0.067302
0.0519	-0.067302
0.05211	-0.067302
0.05266	-0.067302
0.05269	-0.067302
0.05284	-0.067302
0.05255	-0.067321
0.05501	-0.067558
0.05734	-0.067795
0.05756	-0.067854
0.05998	-0.06811
0.06107	-0.068308
0.06332	-0.068544
0.06868	-0.068998
0.07249	-0.069333
0.07784	-0.069787
0.0797	-0.069827
0.08174	-0.070004
0.08568	-0.07032
0.0869	-0.070379
0.08888	-0.070556
0.09248	-0.070832
0.09402	-0.070892
0.09608	-0.071049
0.09511	-0.071049
0.09476	-0.07103
0.09453	-0.07103
0.09418	-0.07101
0.09233	-0.07101
0.09341	-0.07101
0.0937	-0.07101
0.09421	-0.07101
0.09442	-0.07101
0.09491	-0.07101
0.0943	-0.07101
0.0936	-0.07103
0.09373	-0.07103
0.09375	-0.071049
0.09583	-0.071227
0.09975	-0.071582
0.10094	-0.071602
0.10269	-0.07172
0.10669	-0.071957
0.11023	-0.072233
0.1181	-0.072766
0.12341	-0.073101
0.12541	-0.073199
0.12872	-0.073535
0.13029	-0.073633
0.13074	-0.073831
0.13162	-0.074205
0.13237	-0.074383
0.12993	-0.074837
0.12131	-0.075468
0.12068	-0.075547
0.12064	-0.075547
0.12077	-0.075527
0.11984	-0.075527
0.1179	-0.075527
0.11928	-0.075527
0.12	-0.075527
0.1199	-0.075527
0.12009	-0.075527
0.11926	-0.075527
0.11938	-0.075527
0.11874	-0.075527
0.11946	-0.075547
0.11009	-0.075902
0.09961	-0.076296
0.09854	-0.076336
0.09731	-0.076395
0.09268	-0.076553
0.08247	-0.076849
0.0733	-0.077164
0.06876	-0.077322
0.05739	-0.077815
0.04684	-0.078328
0.04045	-0.078663
0.03546	-0.079156
0.03459	-0.079354
0.03488	-0.07963
0.03732	-0.079945
0.03752	-0.079965
0.04114	-0.080202
0.04207	-0.0803
0.04233	-0.080281
0.04236	-0.080281
0.04292	-0.080281
0.04268	-0.080281
0.04291	-0.080281
0.04227	-0.080281
0.0426	-0.080281
0.04239	-0.080281
0.04216	-0.080281
0.04219	-0.080281
0.04214	-0.080281
0.04301	-0.08032
0.04732	-0.080498
0.05991	-0.080932
0.06836	-0.081247
0.07172	-0.081306
0.09149	-0.081602
0.11687	-0.082076
0.12643	-0.082194
0.16101	-0.082569
0.19847	-0.083062
0.20938	-0.08318
0.25906	-0.083634
0.31113	-0.084127
0.35039	-0.084403
0.37193	-0.084522
0.37112	-0.084522
0.36937	-0.084522
0.3717	-0.084502
0.37393	-0.084502
0.36711	-0.084502
0.37231	-0.084502
0.37483	-0.084502
0.3774	-0.084502
0.37521	-0.084502
0.37256	-0.084502
0.36916	-0.084502
0.37033	-0.084522
0.3725	-0.084541
0.37807	-0.08462
0.43265	-0.084975
0.44603	-0.085113
0.46742	-0.085251
0.56952	-0.085981
0.6091	-0.086179
0.62718	-0.086257
0.68138	-0.086534
0.72488	-0.08677
0.79214	-0.087145
0.86073	-0.0875
0.94463	-0.088033
1.05118	-0.088368
1.06107	-0.088407
1.07068	-0.088447
1.0661	-0.088447
1.06651	-0.088447
1.07135	-0.088427
1.08044	-0.088407
1.06389	-0.088407
1.08255	-0.088407
1.07819	-0.088407
1.07709	-0.088407
1.07324	-0.088407
1.06483	-0.088407
1.06273	-0.088407
1.06375	-0.088427
1.07286	-0.088506
1.14899	-0.089098
1.37973	-0.089847
1.40204	-0.089907
1.4278	-0.089985
1.46687	-0.090163
1.5361	-0.090538
1.60568	-0.090893
1.65715	-0.091149
1.67604	-0.091228
1.69443	-0.091268
1.74562	-0.091504
1.78447	-0.091721
1.82809	-0.092076
1.89603	-0.09253
1.94142	-0.092668
1.95227	-0.092668
1.93423	-0.092668
1.92207	-0.092648
1.92093	-0.092648
1.91734	-0.092648
1.9252	-0.092648
1.93266	-0.092648
1.92187	-0.092648
1.92154	-0.092648
1.90765	-0.092668
1.90108	-0.092668
1.90938	-0.092865
1.96024	-0.093299
1.98157	-0.093496
2.02322	-0.094029
2.04088	-0.094207
2.05321	-0.094364
2.06839	-0.0947
2.08102	-0.094759
2.08345	-0.094956
2.12688	-0.095272
2.12364	-0.095528
2.12326	-0.095883
2.11955	-0.096258
2.11066	-0.096514
2.09715	-0.096909
2.08484	-0.097185
2.07779	-0.097323
2.07375	-0.097343
2.07146	-0.097343
2.06747	-0.097343
2.0705	-0.097323
2.06781	-0.097323
2.06967	-0.097323
2.07602	-0.097323
2.07613	-0.097323
2.07306	-0.097323
2.06363	-0.097323
2.0865	-0.097323
2.08743	-0.097343
2.05672	-0.097402
2.00436	-0.097895
1.9866	-0.09823
1.98898	-0.098309
1.9314	-0.098881
1.85747	-0.099592
1.78342	-0.100045
1.74733	-0.100459
1.7242	-0.100676
1.69412	-0.100913
1.68211	-0.100972
1.66756	-0.100972
1.67862	-0.100972
1.67224	-0.101031
1.65092	-0.10115
1.59645	-0.101485
1.55109	-0.10182
1.55281	-0.10182
1.54375	-0.101801
1.54832	-0.101801
1.55272	-0.101801
1.5592	-0.101801
1.56352	-0.101801
1.53763	-0.101801
1.53229	-0.101801
1.54019	-0.10182
1.55287	-0.10186
1.4622	-0.102432
1.29878	-0.103024
1.26328	-0.103201
1.14394	-0.103576
1.12537	-0.103675
1.07071	-0.103852
0.96191	-0.104247
0.94179	-0.104345
0.89645	-0.104523
0.81859	-0.104819
0.76781	-0.104996
0.70335	-0.105253
0.58356	-0.105568
0.54572	-0.105746
0.5434	-0.105765
0.54189	-0.105746
0.53844	-0.105746
0.53583	-0.105726
0.53667	-0.105687
0.53972	-0.105687
0.53711	-0.105687
0.53543	-0.105687
0.53967	-0.105687
0.53943	-0.105706
0.54321	-0.105726
0.53986	-0.105765
0.42348	-0.10616
0.29787	-0.106811
0.27371	-0.106949
0.21844	-0.107304
0.18353	-0.10756
0.13879	-0.107955
0.09789	-0.108448
0.08344	-0.108626
0.07684	-0.108704
0.06105	-0.109
0.05331	-0.109158
0.04878	-0.109316
0.0416	-0.109533
0.0414	-0.109553
0.0415	-0.109553
0.04207	-0.109533
0.04329	-0.109237
0.04257	-0.109217
0.04193	-0.109257
0.04227	-0.109217
0.04225	-0.109217
0.04237	-0.109217
0.04321	-0.109276
0.04358	-0.109296
0.0442	-0.109336
0.04254	-0.109513
0.03589	-0.109789
0.03098	-0.11048
0.03165	-0.110776
0.03575	-0.11117
0.04701	-0.11186
0.05183	-0.112117
0.05891	-0.112373
0.06812	-0.112728
0.07338	-0.112886
0.08623	-0.113221
0.09956	-0.113557
0.11133	-0.113813
0.1321	-0.114267
0.14273	-0.114523
0.14243	-0.114523
0.14084	-0.114484
0.1395	-0.114484
0.1422	-0.114287
0.14316	-0.114287
0.14372	-0.114287
0.14236	-0.114287
0.14148	-0.114287
0.14043	-0.114287
0.13748	-0.114346
0.13527	-0.114385
0.1368	-0.114484
0.14983	-0.11476
0.17372	-0.115233
0.17577	-0.115273
0.18799	-0.115648
0.19997	-0.116022
0.20273	-0.116417
0.19679	-0.117048
0.18585	-0.117383
0.17578	-0.117758
0.15033	-0.118449
0.13898	-0.118744
0.1313	-0.118961
0.12178	-0.119356
0.1176	-0.119494
0.11781	-0.119514
0.1149	-0.119514
0.11459	-0.119494
0.11501	-0.119494
0.1143	-0.119494
0.11453	-0.119494
0.11424	-0.119494
0.11476	-0.119494
0.11436	-0.119494
0.11403	-0.119514
0.11484	-0.119514
0.11398	-0.119514
0.1131	-0.119514
0.11147	-0.119612
0.101	-0.120224
0.09425	-0.120756
0.09122	-0.120954
0.08873	-0.121171
0.08475	-0.121467
0.08029	-0.121802
0.07993	-0.12192
0.07568	-0.122236
0.0708	-0.12265
0.06564	-0.122966
0.06036	-0.123301
0.0545	-0.123636
0.05167	-0.123774
0.05101	-0.123774
0.05154	-0.123774
0.05092	-0.123715
0.05115	-0.123715
0.05081	-0.123715
0.05078	-0.123715
0.05074	-0.123715
0.05089	-0.123715
0.05099	-0.123715
0.05171	-0.123774
0.05196	-0.123774
0.05138	-0.123774
0.04893	-0.123912
0.04134	-0.124465
0.03868	-0.124642
0.03525	-0.125056
0.03264	-0.125668
0.03217	-0.125905
0.03198	-0.126141
0.033	-0.126654
0.03374	-0.126911
0.03662	-0.127345
0.03934	-0.127719
0.04095	-0.127936
0.04509	-0.128291
0.0481	-0.128548
0.05005	-0.128646
0.05048	-0.128666
0.05037	-0.128646
0.05049	-0.128587
0.05043	-0.128528
0.05061	-0.128469
0.05043	-0.128469
0.05055	-0.128469
0.0508	-0.128469
0.05069	-0.128548
0.05016	-0.128568
0.05392	-0.128765
0.06508	-0.129534
0.06967	-0.129869
0.0728	-0.130146
0.07423	-0.13052
0.07433	-0.130599
0.07336	-0.131033
0.07291	-0.131132
0.07124	-0.131507
0.06975	-0.13196
0.06905	-0.132118
0.06923	-0.132434
0.06999	-0.132631
0.07138	-0.133045
0.07448	-0.133499
0.07726	-0.133775
0.0777	-0.133814
0.077	-0.133814
0.07712	-0.133735
0.07822	-0.133479
0.07599	-0.133223
0.07648	-0.133242
0.07692	-0.133223
0.07689	-0.133223
0.07741	-0.133223
0.07701	-0.133282
0.07729	-0.133321
0.07477	-0.133459
0.07541	-0.133637
0.07892	-0.13413
0.08229	-0.134446
0.08463	-0.134702
0.08678	-0.134939
0.08635	-0.135156
0.08275	-0.13553
0.08148	-0.13559
0.07611	-0.135984
0.06541	-0.136438
0.06206	-0.136615
0.05571	-0.137168
0.04852	-0.137799
0.04622	-0.138055
0.04489	-0.13843
0.04326	-0.138608
0.0434	-0.138608
0.04344	-0.138608
0.04323	-0.138568
0.04314	-0.138548
0.04317	-0.138489
0.04309	-0.138469
0.04272	-0.138469
0.04257	-0.138469
0.04291	-0.138469
0.04282	-0.138469
0.04295	-0.138529
0.04305	-0.138548
0.04259	-0.138686
0.04063	-0.13918
0.03925	-0.139535
0.03731	-0.139909
0.03494	-0.140383
0.03409	-0.140718
0.03314	-0.141034
0.03267	-0.141487
0.03278	-0.141862
0.03308	-0.142178
0.03386	-0.142592
0.03467	-0.142927
0.03566	-0.143164
0.0365	-0.143302
0.03638	-0.143302
0.03642	-0.143263
0.03664	-0.143026
0.03679	-0.143006
0.03629	-0.143046
0.03664	-0.143026
0.0369	-0.143006
0.03656	-0.143006
0.03668	-0.143006
0.03633	-0.143026
0.03667	-0.143046
0.03596	-0.143203
0.03696	-0.14344
0.04172	-0.14419
0.04448	-0.144663
0.0463	-0.145097
0.04602	-0.145393
0.04581	-0.145827
0.0468	-0.146379
0.04736	-0.146517
0.04968	-0.146951
0.05269	-0.147326
0.05313	-0.147346
0.05347	-0.147346
0.05342	-0.147346
0.05324	-0.147326
0.05348	-0.147287
0.05391	-0.147168
0.05362	-0.147168
0.05347	-0.147168
0.05354	-0.147168
0.05379	-0.147168
0.05444	-0.147168
0.05354	-0.147168
0.05299	-0.147188
0.05254	-0.147267
0.05252	-0.147365
0.05449	-0.147582
0.0607	-0.148312
0.06158	-0.14851
0.06097	-0.148746
0.05803	-0.149141
0.0524	-0.149654
0.04993	-0.150028
0.04913	-0.150285
0.0484	-0.150364
0.04797	-0.15062
0.05014	-0.151271
0.05096	-0.151666
0.05156	-0.151725
0.05081	-0.151725
0.05092	-0.151705
0.05092	-0.151705
0.05113	-0.151685
0.05101	-0.151685
0.05049	-0.151685
0.05052	-0.151685
0.05092	-0.151685
0.05014	-0.151685
0.05063	-0.151685
0.04997	-0.151685
0.05006	-0.151705
0.05	-0.151725
0.04984	-0.15204
0.04451	-0.15281
0.04301	-0.152888
0.04117	-0.153105
0.03723	-0.153599
0.03554	-0.153993
0.03517	-0.154151
0.03487	-0.154506
0.034	-0.154683
0.03368	-0.154822
0.03352	-0.155157
0.03328	-0.155236
0.03284	-0.155413
0.03149	-0.156005
0.0311	-0.1564
0.0312	-0.1564
0.03093	-0.1564
0.03142	-0.15638
0.03125	-0.15638
0.03105	-0.156281
0.0313	-0.156281
0.03093	-0.156281
0.0313	-0.156281
0.03151	-0.156281
0.03143	-0.156301
0.03142	-0.156321
0.03134	-0.15634
0.03143	-0.156538
0.03104	-0.15707
0.0311	-0.157248
0.0314	-0.157425
0.03148	-0.15782
0.03252	-0.158372
0.03377	-0.158865
0.03481	-0.159279
0.03534	-0.159556
0.03522	-0.159772
0.03526	-0.160049
0.03537	-0.160404
0.03571	-0.160404
0.03564	-0.160404
0.0359	-0.160285
0.03548	-0.160285
0.03589	-0.160285
0.03563	-0.160285
0.03586	-0.160285
0.03545	-0.160285
0.03539	-0.160285
0.03558	-0.160285
0.03534	-0.160364
0.03543	-0.160483
0.03548	-0.160581
0.03662	-0.160818
0.03911	-0.161232
0.04286	-0.161804
0.04376	-0.162001
0.04474	-0.162278
0.04431	-0.162495
0.04332	-0.162672
0.04266	-0.162988
0.0417	-0.163106
0.04158	-0.163501
0.0412	-0.163737
0.04099	-0.163757
0.04086	-0.163757
0.04108	-0.163757
0.04108	-0.163757
0.04115	-0.163737
0.04105	-0.163717
0.04073	-0.163717
0.04124	-0.163717
0.04132	-0.163717
0.041	-0.163717
0.04106	-0.163717
0.04109	-0.163717
0.04132	-0.163717
0.04123	-0.163757
0.04091	-0.163836
0.04257	-0.16429
0.04625	-0.164881
0.04634	-0.164921
0.0466	-0.16498
0.04739	-0.165138
0.0457	-0.16567
0.04198	-0.166183
0.04027	-0.166301
0.03925	-0.166775
0.03888	-0.16709
0.03902	-0.167209
0.0396	-0.167446
0.03979	-0.167781
0.03975	-0.167958
0.03908	-0.168254
0.03891	-0.168313
0.03897	-0.168313
0.03902	-0.168313
0.03888	-0.168294
0.03766	-0.167939
0.03807	-0.167939
0.03793	-0.167939
0.03821	-0.167939
0.03825	-0.167939
0.0381	-0.167939
0.03815	-0.168057
0.0386	-0.168254
0.03851	-0.168412
0.03606	-0.169004
0.03427	-0.1693
0.03305	-0.169832
0.03268	-0.170404
0.03235	-0.170523
0.03224	-0.170799
0.03136	-0.17141
0.03102	-0.171785
0.03096	-0.171963
0.03114	-0.172357
0.03116	-0.172495
0.03151	-0.17283
0.03134	-0.172969
0.03162	-0.172969
0.03142	-0.172969
0.03131	-0.172949
0.03143	-0.17289
0.03136	-0.17289
0.03181	-0.17289
0.03159	-0.17289
0.03165	-0.17289
0.03146	-0.172909
0.03149	-0.172949
0.03151	-0.173008
0.03156	-0.173264
0.03212	-0.173639
0.03181	-0.173718
0.03247	-0.174231
0.03259	-0.174902
0.03325	-0.175197
0.03542	-0.175947
0.03606	-0.176302
0.03738	-0.176637
0.03751	-0.176894
0.03712	-0.177012
0.03682	-0.177288
0.03662	-0.177801
0.03708	-0.177959
0.03719	-0.177959
0.03743	-0.177959
0.0374	-0.177959
0.03783	-0.177821
0.03818	-0.177821
0.03815	-0.177821
0.03844	-0.177821
0.03902	-0.177821
0.03853	-0.177821
0.03883	-0.177821
0.03905	-0.177821
0.03867	-0.177939
0.03909	-0.178077
0.04221	-0.178689
0.04329	-0.179241
0.04189	-0.179774
0.04181	-0.179793
0.04164	-0.179793
0.04158	-0.179793
0.04156	-0.179793
0.04169	-0.179813
0.04143	-0.179813
0.04164	-0.179813
0.04181	-0.179813
0.04144	-0.179793
0.04149	-0.179793
0.04086	-0.179793
0.04115	-0.179793
0.04099	-0.179793
0.04147	-0.179793
0.04128	-0.179774
0.04124	-0.179655
0.04054	-0.179478
0.04066	-0.179399
0.04124	-0.179064
0.04256	-0.178768
0.04379	-0.17857
0.04422	-0.178334
0.04416	-0.178117
0.04343	-0.17788
0.04158	-0.177663
0.0412	-0.177505
0.03949	-0.177032
0.03918	-0.176558
0.03888	-0.17646
0.0394	-0.175809
0.03766	-0.175375
0.03717	-0.175316
0.03622	-0.175
0.03613	-0.174902
0.03593	-0.174902
0.03612	-0.174902
0.0359	-0.174921
0.03532	-0.175099
0.03522	-0.175099
0.03485	-0.175099
0.03528	-0.175099
0.03514	-0.175119
0.03519	-0.175119
0.03488	-0.175099
0.0356	-0.174961
0.03511	-0.174882
0.03476	-0.174586
0.03452	-0.174527
0.03421	-0.174408
0.03349	-0.173698
0.03299	-0.173146
0.03249	-0.172673
0.03186	-0.171864
0.0321	-0.171391
0.03204	-0.171312
0.03209	-0.170996
0.03316	-0.170424
0.03346	-0.170108
0.03369	-0.16999
0.03375	-0.169832
0.03381	-0.169793
0.03395	-0.169793
0.03406	-0.169793
0.03366	-0.169793
0.03366	-0.169793
0.03381	-0.169793
0.03409	-0.169793
0.03394	-0.169793
0.0338	-0.169793
0.03372	-0.169793
0.0343	-0.169793
0.03377	-0.169753
0.03419	-0.169536
0.03517	-0.169063
0.0358	-0.168688
0.03714	-0.168432
0.03987	-0.167939
0.04164	-0.167603
0.04166	-0.167229
0.04048	-0.166617
0.04091	-0.166262
0.04114	-0.165986
0.04306	-0.16567
0.04433	-0.165473
0.04451	-0.165453
0.04465	-0.165453
0.04443	-0.165453
0.04471	-0.165572
0.04533	-0.165572
0.04494	-0.165572
0.04539	-0.165572
0.04524	-0.165572
0.04549	-0.165572
0.04507	-0.165414
0.04597	-0.165177
0.04735	-0.164921
0.04922	-0.164368
0.04623	-0.163875
0.04437	-0.163501
0.04332	-0.162928
0.04451	-0.162376
0.04529	-0.16212
0.0463	-0.161942
0.04686	-0.161567
0.04517	-0.161232
0.04495	-0.161193
0.04449	-0.161153
0.04471	-0.161153
0.04456	-0.161153
0.04469	-0.161193
0.04428	-0.161232
0.0443	-0.161232
0.0441	-0.161232
0.04422	-0.161232
0.0439	-0.161232
0.04413	-0.161212
0.04428	-0.161114
0.04288	-0.160877
0.04036	-0.160384
0.03857	-0.160049
0.03804	-0.159694
0.03778	-0.158924
0.0369	-0.158392
0.03502	-0.157938
0.03416	-0.157405
0.03378	-0.157346
0.03369	-0.15711
0.03314	-0.156932
0.03334	-0.156873
0.03291	-0.156774
0.03261	-0.156715
0.03305	-0.156715
0.03268	-0.156715
0.03281	-0.156833
0.03247	-0.156833
0.03316	-0.156833
0.0331	-0.156833
0.0329	-0.156833
0.03276	-0.156833
0.03242	-0.156814
0.0329	-0.156735
0.03275	-0.156616
0.03281	-0.155946
0.03368	-0.155394
0.03429	-0.155058
0.03531	-0.154605
0.03571	-0.154526
0.03607	-0.154368
0.03653	-0.153993
0.03659	-0.153914
0.03658	-0.153835
0.0377	-0.1535
0.03822	-0.153342
0.03862	-0.153125
0.04204	-0.152593
0.04309	-0.152435
0.04422	-0.152336
0.04684	-0.15206
0.04784	-0.152021
0.04773	-0.152021
0.0477	-0.152021
0.04826	-0.15208
0.04898	-0.152099
0.04858	-0.152099
0.04825	-0.152099
0.0488	-0.152099
0.04863	-0.15208
0.04935	-0.151882
0.05174	-0.151606
0.0528	-0.151172
0.05289	-0.151113
0.05215	-0.150758
0.04984	-0.14989
0.05035	-0.149614
0.05112	-0.149377
0.05345	-0.148904
0.05435	-0.148845
0.05487	-0.148805
0.0563	-0.148648
0.05952	-0.148352
0.06285	-0.147957
0.06348	-0.14774
0.06302	-0.147484
0.06194	-0.147326
0.06157	-0.147326
0.06177	-0.147326
0.06215	-0.147326
0.06158	-0.147365
0.06136	-0.147365
0.06113	-0.147365
0.061	-0.147365
0.06071	-0.147365
0.06128	-0.147346
0.06107	-0.147346
0.06146	-0.147267
0.06096	-0.147188
0.05791	-0.146853
0.05569	-0.146636
0.05548	-0.146596
0.05151	-0.146221
0.0495	-0.145866
0.04807	-0.145669
0.04713	-0.145275
0.04674	-0.144939
0.04704	-0.144703
0.04713	-0.144387
0.04666	-0.144288
0.04626	-0.144249
0.04613	-0.14419
0.04642	-0.14419
0.04648	-0.14419
0.04575	-0.144288
0.04427	-0.144486
0.04387	-0.144486
0.04366	-0.144486
0.04379	-0.144486
0.04411	-0.144486
0.04327	-0.144348
0.04283	-0.143973
0.03954	-0.14344
0.03932	-0.143282
0.03705	-0.142967
0.03525	-0.142553
0.03462	-0.142237
0.03293	-0.141764
0.03244	-0.141369
0.03174	-0.141152
0.03201	-0.140915
0.03191	-0.140817
0.03207	-0.140659
0.03207	-0.140659
0.03214	-0.140679
0.03217	-0.140679
0.0327	-0.140915
0.03275	-0.140915
0.03302	-0.140915
0.03288	-0.140915
0.03299	-0.140915
0.03337	-0.140896
0.0334	-0.140738
0.03389	-0.140324
0.03474	-0.139949
0.0363	-0.139692
0.03716	-0.139535
0.0376	-0.139337
0.03847	-0.13914
0.04012	-0.138923
0.04164	-0.138627
0.04379	-0.138095
0.04573	-0.137759
0.04663	-0.137562
0.04701	-0.137503
0.04706	-0.137503
0.04683	-0.137503
0.04707	-0.137503
0.04907	-0.137602
0.04893	-0.137621
0.04901	-0.137621
0.04912	-0.137621
0.04936	-0.137621
0.04953	-0.137602
0.04939	-0.137562
0.0498	-0.137562
0.05208	-0.137247
0.06198	-0.136576
0.06367	-0.136398
0.0657	-0.136162
0.0696	-0.135866
0.07465	-0.135629
0.08438	-0.135215
0.08698	-0.13488
0.08652	-0.134801
0.08536	-0.134544
0.08533	-0.134465
0.08423	-0.134406
0.08269	-0.134229
0.08252	-0.134209
0.0826	-0.134209
0.08209	-0.134248
0.08176	-0.134288
0.0817	-0.134288
0.08163	-0.134288
0.08109	-0.134288
0.08148	-0.134288
0.08064	-0.134288
0.08038	-0.134229
0.08047	-0.134229
0.08061	-0.134169
0.07545	-0.133519
0.07115	-0.133065
0.06973	-0.132651
0.0692	-0.132177
0.0695	-0.132039
0.07001	-0.131783
0.07082	-0.131645
0.07147	-0.131447
0.07335	-0.131152
0.07317	-0.131092
0.07344	-0.131092
0.07314	-0.131132
0.07327	-0.131132
0.07281	-0.131132
0.07314	-0.131132
0.07295	-0.131132
0.07338	-0.131132
0.07332	-0.131112
0.07301	-0.131092
0.07423	-0.130599
0.07364	-0.130146
0.06947	-0.12979
0.06639	-0.129593
0.06146	-0.129238
0.05688	-0.129061
0.05508	-0.128903
0.05162	-0.128706
0.04889	-0.128528
0.04623	-0.128311
0.04478	-0.128232
0.04431	-0.128232
0.04425	-0.128291
0.04472	-0.128311
0.04489	-0.128311
0.04494	-0.128311
0.04462	-0.128311
0.04398	-0.128311
0.04436	-0.128291
0.04408	-0.128232
0.04404	-0.128232
0.04094	-0.127779
0.03741	-0.127325
0.03569	-0.12697
0.03503	-0.126634
0.03442	-0.126141
0.03352	-0.125313
0.04144	-0.124504
0.04646	-0.124169
0.0509	-0.123932
0.05261	-0.123794
0.0536	-0.123735
0.05389	-0.123715
0.05353	-0.123715
0.05345	-0.123755
0.05481	-0.123794
0.0537	-0.123794
0.05437	-0.123794
0.05426	-0.123794
0.05432	-0.123794
0.05461	-0.123774
0.05458	-0.123735
0.0545	-0.123735
0.05499	-0.123735
0.05641	-0.1234
0.05978	-0.123025
0.06523	-0.12265
0.07452	-0.122177
0.08134	-0.121782
0.0872	-0.121368
0.09355	-0.120914
0.09767	-0.120618
0.10176	-0.120342
0.10904	-0.119908
0.1151	-0.119632
0.1176	-0.119553
0.11627	-0.119553
0.11629	-0.119573
0.11664	-0.119573
0.1162	-0.119573
0.11537	-0.119573
0.11491	-0.119573
0.11545	-0.119573
0.11531	-0.119573
0.11543	-0.119553
0.11566	-0.119553
0.12097	-0.119455
0.13297	-0.118942
0.14178	-0.118646
0.15387	-0.118291
0.166	-0.117936
0.17981	-0.117522
0.19194	-0.117107
0.19388	-0.11693
0.1987	-0.116654
0.20222	-0.116259
0.19679	-0.115865
0.18855	-0.115667
0.18761	-0.115687
0.18723	-0.115687
0.18759	-0.115687
0.18628	-0.115687
0.18713	-0.115687
0.18645	-0.115687
0.18697	-0.115687
0.18755	-0.115687
0.18831	-0.115687
0.18878	-0.115687
0.17564	-0.115253
0.15169	-0.11474
0.13367	-0.114385
0.12245	-0.114129
0.12117	-0.113813
0.11252	-0.113419
0.09084	-0.112886
0.07355	-0.112413
0.06018	-0.111979
0.04695	-0.111466
0.03423	-0.110835
0.03372	-0.110776
0.03387	-0.110795
0.03394	-0.110815
0.03419	-0.110835
0.03392	-0.110835
0.03387	-0.110835
0.03371	-0.110835
0.0338	-0.110835
0.03374	-0.110795
0.03397	-0.110795
0.03381	-0.110795
0.03384	-0.110716
0.03413	-0.110164
0.03908	-0.10975
0.05273	-0.109237
0.09108	-0.108566
0.12994	-0.108093
0.16617	-0.107777
0.18008	-0.107659
0.20383	-0.107422
0.23296	-0.107205
0.26791	-0.106969
0.30803	-0.106771
0.3094	-0.106771
0.31302	-0.106791
0.31596	-0.106791
0.31468	-0.106791
0.31429	-0.106791
0.31358	-0.106791
0.31906	-0.106791
0.31857	-0.106791
0.32024	-0.106791
0.32167	-0.106791
0.32471	-0.106791
0.33022	-0.106732
0.446	-0.10614
0.59071	-0.105529
0.76779	-0.104878
0.92403	-0.104385
1.02754	-0.10397
1.11823	-0.103438
1.3474	-0.102491
1.45724	-0.102254
1.46007	-0.102195
1.45287	-0.102195
1.44467	-0.102195
1.44255	-0.102195
1.4422	-0.102215
1.42931	-0.102215
1.42931	-0.102215
1.42892	-0.102215
1.42946	-0.102215
1.4323	-0.102215
1.43094	-0.102215
1.44778	-0.102195
1.4534	-0.102195
1.53316	-0.10186
1.6584	-0.10117
1.7654	-0.100459
1.82419	-0.100025
1.88617	-0.099532
1.91263	-0.099118
1.96069	-0.098645
2.01501	-0.097994
2.03964	-0.097599
2.0441	-0.097441
2.05415	-0.097165
2.08308	-0.096988
2.06511	-0.097008
2.02065	-0.097067
2.01675	-0.097067
2.00897	-0.097067
2.01445	-0.097067
2.03043	-0.097067
2.02794	-0.097067
2.03874	-0.097067
2.03696	-0.097067
2.0513	-0.097047
2.07138	-0.096889
2.10324	-0.096652
2.12267	-0.096593
2.12968	-0.09614
2.12796	-0.095627
2.08699	-0.095272
2.06424	-0.094739
2.04338	-0.094325
2.00471	-0.094207
1.96504	-0.094207
1.96292	-0.094207
1.96733	-0.094226
1.95541	-0.094226
1.95462	-0.094226
1.93889	-0.094226
1.92187	-0.094226
1.90765	-0.094226
1.89639	-0.094226
1.91158	-0.094226
1.95042	-0.094226
1.97835	-0.094207
1.91393	-0.093556
1.86516	-0.092964
1.80026	-0.092431
1.76608	-0.092195
1.75012	-0.091859
1.71506	-0.091563
1.6852	-0.091386
1.49475	-0.090636
1.43814	-0.090143
1.35934	-0.089887
1.34647	-0.089887
1.30524	-0.089907
1.30774	-0.089907
1.3029	-0.089907
1.31241	-0.089907
1.31628	-0.089907
1.29486	-0.089907
1.30827	-0.089907
1.33766	-0.089907
1.3226	-0.089749
1.23773	-0.089354
1.16498	-0.088999
1.10512	-0.088644
1.03967	-0.088289
0.96452	-0.087816
0.85159	-0.087303
0.7346	-0.086849
0.55472	-0.08606
0.5175	-0.085764
0.50807	-0.085666
0.50235	-0.085666
0.49995	-0.085666
0.49559	-0.085685
0.4928	-0.085685
0.49141	-0.085685
0.48555	-0.085685
0.48436	-0.085685
0.48116	-0.085685
0.4868	-0.085666
0.49557	-0.085666
0.47694	-0.085508
0.40373	-0.084956
0.32095	-0.084285
0.2979	-0.084147
0.27248	-0.083871
0.21532	-0.083378
0.1904	-0.083161
0.18359	-0.083121
0.18127	-0.083121
0.17899	-0.083121
0.18103	-0.083141
0.18001	-0.083141
0.18057	-0.083141
0.1804	-0.083141
0.17772	-0.083141
0.17645	-0.083121
0.18176	-0.083121
0.15656	-0.082608
0.10826	-0.081938
0.06834	-0.081109
0.05634	-0.080656
0.05191	-0.08034
0.04243	-0.079847
0.0349	-0.079235
0.03825	-0.078801
0.04317	-0.078505
0.04588	-0.078407
0.04582	-0.078407
0.04546	-0.078407
0.04509	-0.078427
0.04532	-0.078427
0.04532	-0.078427
0.04497	-0.078427
0.04596	-0.078427
0.04572	-0.078427
0.04613	-0.078427
0.04599	-0.078407
0.04613	-0.078407
0.04639	-0.078407
0.04668	-0.078407
0.04761	-0.078229
0.04916	-0.078072
0.05269	-0.077815
0.0553	-0.077638
0.05676	-0.077519
0.07452	-0.076829
0.086	-0.076494
0.08871	-0.076355
0.11211	-0.075527
0.11659	-0.075054
0.12025	-0.0746
0.1214	-0.074205
0.12137	-0.073949
0.11551	-0.073338
0.11346	-0.073298
0.11455	-0.073298
0.11349	-0.073318
0.11418	-0.073318
0.11368	-0.073318
0.1133	-0.073318
0.11319	-0.073318
0.11421	-0.073318
0.11282	-0.073318
0.11305	-0.073318
0.11398	-0.073298
0.11389	-0.073298
0.10976	-0.072844
0.10561	-0.07243
0.10127	-0.072193
0.09431	-0.07172
0.08521	-0.07101
0.08211	-0.070635
0.07646	-0.070162
0.06868	-0.069629
0.06425	-0.069156
0.05756	-0.068446
0.05249	-0.067834
0.05124	-0.067696
0.05046	-0.067696
0.05116	-0.067696
0.05142	-0.067716
0.05074	-0.067716
0.05058	-0.067716
0.05069	-0.067716
0.05103	-0.067716
0.05045	-0.067716
0.05054	-0.067716
0.05128	-0.067696
0.05153	-0.067696
0.04836	-0.067223
0.04237	-0.066493
0.03841	-0.065941
0.03468	-0.06525
0.03299	-0.064639
0.0323	-0.064284
0.03273	-0.06381
0.0332	-0.063376
0.03477	-0.062765
0.03555	-0.062232
0.03615	-0.062134
0.03581	-0.062134
0.03575	-0.062153
0.03572	-0.062153
0.03561	-0.062153
0.03607	-0.062153
0.03603	-0.062153
0.03609	-0.062153
0.03601	-0.062153
0.03633	-0.062153
0.03629	-0.062134
0.03668	-0.062134
0.03799	-0.061443
0.0396	-0.060931
0.04105	-0.060536
0.04359	-0.059925
0.04619	-0.059491
0.04893	-0.058938
0.054	-0.058149
0.05521	-0.057755
0.05617	-0.057459
0.0573	-0.057064
0.05711	-0.056926
0.05646	-0.056887
0.0563	-0.056887
0.05516	-0.056986
0.05504	-0.056986
0.05542	-0.056986
0.05518	-0.056986
0.05521	-0.056986
0.05472	-0.056986
0.05489	-0.056986
0.05524	-0.056926
0.05623	-0.056907
0.05637	-0.056907
0.05655	-0.05665
0.05014	-0.055802
0.04716	-0.055289
0.0446	-0.054875
0.04367	-0.05452
0.04199	-0.053968
0.04085	-0.053297
0.0403	-0.052705
0.03944	-0.051995
0.03918	-0.051679
0.03831	-0.051443
0.03859	-0.051246
0.03745	-0.051246
0.03755	-0.051246
0.03735	-0.051305
0.03717	-0.051305
0.03763	-0.051305
0.03746	-0.051305
0.03716	-0.051305
0.03748	-0.051285
0.03716	-0.051246
0.0379	-0.051246
0.03764	-0.051246
0.03656	-0.050693
0.03516	-0.050279
0.03445	-0.049983
0.03423	-0.049707
0.03348	-0.049253
0.03288	-0.048859
0.03294	-0.048504
0.0327	-0.04807
0.03325	-0.047794
0.03337	-0.047241
0.03371	-0.046433
0.03511	-0.045801
0.0354	-0.045801
0.03543	-0.045801
0.03532	-0.045861
0.03528	-0.04588
0.03555	-0.04588
0.03514	-0.04588
0.03497	-0.04588
0.03493	-0.04588
0.03491	-0.04588
0.03529	-0.045801
0.03516	-0.045801
0.03537	-0.045801
0.03613	-0.045151
0.03615	-0.044401
0.03645	-0.043474
0.03732	-0.042922
0.03712	-0.042705
0.03773	-0.04233
0.03816	-0.042093
0.03867	-0.041955
0.03967	-0.041383
0.04001	-0.040949
0.03979	-0.040732
0.03947	-0.040614
0.03958	-0.040614
0.03964	-0.040633
0.03992	-0.040653
0.03954	-0.040653
0.03984	-0.040653
0.03961	-0.040653
0.03986	-0.040653
0.03989	-0.040633
0.03984	-0.040614
0.04012	-0.040614
0.0388	-0.040061
0.03716	-0.03943
0.03632	-0.038779
0.03575	-0.038345
0.0356	-0.037872
0.03572	-0.037221
0.03529	-0.036807
0.03493	-0.03655
0.03481	-0.036274
0.03421	-0.036156
0.03391	-0.035939
0.03339	-0.035702
0.03357	-0.035702
0.03362	-0.035702
0.0338	-0.035761
0.0334	-0.035761
0.03348	-0.035761
0.03387	-0.035761
0.03343	-0.035761
0.03383	-0.035761
0.03403	-0.035702
0.03372	-0.035702
0.03366	-0.035446
0.03319	-0.034637
0.0327	-0.034105
0.03281	-0.033631
0.03255	-0.033217
0.03256	-0.032783
0.03296	-0.032349
0.03282	-0.031876
0.03281	-0.031501
0.03313	-0.031264
0.03314	-0.031225
0.03325	-0.031225
0.03313	-0.031225
0.03333	-0.031244
0.03325	-0.031264
0.03331	-0.031264
0.03314	-0.031264
0.033	-0.031264
0.03297	-0.031264
0.0332	-0.031225
0.03339	-0.031225
0.03308	-0.031225
0.03331	-0.030889
0.03358	-0.030238
0.03418	-0.029726
0.03447	-0.029469
0.03485	-0.029035
0.03499	-0.028582
0.03502	-0.028187
0.03442	-0.027516
0.03467	-0.026984
0.03505	-0.026668
0.03502	-0.026629
0.03513	-0.026629
0.0351	-0.026629
0.03499	-0.026648
0.0347	-0.026648
0.035	-0.026648
0.03525	-0.026648
0.03494	-0.026648
0.03511	-0.026648
0.03514	-0.026629
0.03491	-0.026629
0.03569	-0.026629
0.03575	-0.026116
0.03679	-0.025544
0.03664	-0.025209
0.03665	-0.024992
0.03638	-0.024715
0.03566	-0.024104
0.03526	-0.023335
0.03526	-0.023098
0.03523	-0.022881
0.03499	-0.022703
0.0356	-0.022506
0.03506	-0.021993
0.03465	-0.021757
0.0351	-0.021678
0.03471	-0.021678
0.03506	-0.021678
0.03491	-0.021697
0.03493	-0.021697
0.03484	-0.021697
0.03474	-0.021697
0.03467	-0.021697
0.03448	-0.021697
0.03493	-0.021678
0.03444	-0.021678
0.03426	-0.021678
0.03415	-0.021678
0.03383	-0.021165
0.03331	-0.020534
0.03316	-0.019686
0.03244	-0.019094
0.03255	-0.018601
0.03262	-0.018167
0.03268	-0.017397
0.03224	-0.016885
0.03287	-0.016628
0.03271	-0.016273
0.03314	-0.015977
0.03322	-0.015977
0.03349	-0.015977
0.03328	-0.015997
0.03337	-0.015997
0.0331	-0.015997
0.03346	-0.015997
0.03357	-0.015997
0.03372	-0.015997
0.03342	-0.015997
0.03365	-0.015977
0.03316	-0.015977
0.0336	-0.015977
0.03342	-0.015977
0.03328	-0.0158
0.03363	-0.015247
0.0338	-0.014873
0.03398	-0.014458
0.03368	-0.013847
0.03438	-0.013452
0.03452	-0.013078
0.03459	-0.012604
0.03481	-0.012111
0.03467	-0.011559
0.03481	-0.011066
0.03441	-0.011007
0.03453	-0.011007
0.03465	-0.011007
0.03479	-0.011007
0.03477	-0.011026
0.03522	-0.011026
0.03477	-0.011007
0.03435	-0.011007
0.03481	-0.011007
0.03461	-0.011007
0.03514	-0.010435
0.03607	-0.009922
0.03558	-0.009646
0.03519	-0.009172
0.03511	-0.008679
0.03474	-0.008166
0.03517	-0.007555
0.03485	-0.007219
0.03502	-0.006825
0.03468	-0.006312
0.03394	-0.005977
0.03378	-0.00574
0.03424	-0.005701
0.03383	-0.00572
0.03404	-0.00572
0.03394	-0.00572
0.034	-0.00572
0.03394	-0.00572
0.03387	-0.00572
0.0341	-0.00572
0.034	-0.00572
0.03403	-0.005444
0.03389	-0.004359
0.03319	-0.003353
0.03319	-0.0029
0.03326	-0.002229
0.03307	-0.001677
0.03337	-0.00098625
0.03325	-0.000216975
0.03352	-1.9725e-05
0.0336	2.469474e-16
0.03348	2.469474e-16
0.03397	1.9725e-05
0.03415	1.9725e-05
0.03413	1.9725e-05
0.03407	1.9725e-05
0.03407	1.9725e-05
0.03403	2.469474e-16
0.03413	2.469474e-16
0.03421	2.469474e-16
0.03403	2.469474e-16
0.03438	2.469474e-16
0.03438	2.469474e-16
0.03465	2.469474e-16
0.03415	2.469474e-16
0.03427	2.469474e-16
0.03464	2.469474e-16
0.0345	2.469474e-16
0.03423	2.469474e-16
0.03426	2.469474e-16
0.03436	2.469474e-16
0.03461	2.469474e-16
0.03412	2.469474e-16
0.03395	2.469474e-16
0.03427	2.469474e-16
0.034	2.469474e-16
0.03398	2.469474e-16
0.03398	2.469474e-16
0.03419	2.469474e-16
0.03426	2.469474e-16
0.03436	2.469474e-16
0.03404	2.469474e-16
0.03395	2.469474e-16
0.03369	2.469474e-16
0.03363	2.469474e-16
0.03421	2.469474e-16
0.03387	2.469474e-16
0.03406	2.469474e-16
0.03375	2.469474e-16
0.03395	2.469474e-16
0.0341	2.469474e-16
0.0341	2.469474e-16
0.03429	2.469474e-16
0.03458	2.469474e-16
0.03397	2.469474e-16
0.03415	2.469474e-16
0.03412	2.469474e-16
0.03421	2.469474e-16
0.03419	2.469474e-16
0.03436	2.469474e-16
0.03403	2.469474e-16
0.03421	2.469474e-16
0.03395	2.469474e-16
0.03407	2.469474e-16
0.03426	2.469474e-16
0.03412	2.469474e-16
0.03439	2.469474e-16
0.03429	2.469474e-16
0.03413	2.469474e-16
0.03429	2.469474e-16
0.03423	2.469474e-16
0.03423	2.469474e-16
0.034	2.469474e-16
0.03392	2.469474e-16
0.03441	2.469474e-16
0.03426	2.469474e-16
0.03418	2.469474e-16
0.03403	2.469474e-16
0.03429	2.469474e-16
0.03389	2.469474e-16
0.0343	2.469474e-16
0.03418	2.469474e-16
0.0336	2.469474e-16
0.03426	2.469474e-16
0.03383	2.469474e-16
0.03387	2.469474e-16
0.03415	2.469474e-16
0.03409	2.469474e-16
0.03391	2.469474e-16
0.03416	2.469474e-16
0.03419	2.469474e-16
0.03386	2.469474e-16
0.03423	2.469474e-16
0.03418	2.469474e-16
0.03427	2.469474e-16
0.03421	2.469474e-16
0.03375	2.469474e-16
0.03375	2.469474e-16
0.03409	2.469474e-16
0.03349	2.469474e-16
0.03363	2.469474e-16
0.03358	2.469474e-16
0.03334	2.469474e-16
