Light Intensity (% of scale max) Alessio_doubleslit_0.08_0.5_1.5_lampadina	Position (m) Alessio_doubleslit_0.08_0.5_1.5_lampadina
0.03732	0.0
0.03714	0.0
0.03702	0.0
0.03743	0.0
0.0374	0.0
0.03711	0.0
0.03734	0.0
0.0372	0.0
0.03764	0.0
0.03738	0.0
0.03719	0.0
0.03703	0.0
0.03754	0.0
0.03729	-1.9725e-05
0.03651	-1.9725e-05
0.03719	-1.9725e-05
0.03714	-1.9725e-05
0.03685	-3.945e-05
0.03735	-3.945e-05
0.03705	-3.945e-05
0.03702	-3.945e-05
0.03709	-0.000256425
0.03667	-0.000611475
0.03644	-0.000887625
0.03668	-0.001144
0.0386	-0.001854
0.03859	-0.002367
0.03804	-0.002446
0.03769	-0.002466
0.03798	-0.002446
0.03801	-0.002446
0.03764	-0.002446
0.03804	-0.002446
0.03831	-0.002446
0.03862	-0.002446
0.03781	-0.002446
0.03835	-0.002446
0.03802	-0.002446
0.03821	-0.002446
0.03822	-0.002446
0.03792	-0.002446
0.0416	-0.002722
0.04437	-0.003452
0.04848	-0.004024
0.04941	-0.004063
0.05269	-0.004221
0.05298	-0.004359
0.05035	-0.004537
0.04204	-0.004912
0.04332	-0.005188
0.04541	-0.005306
0.0453	-0.005326
0.04605	-0.005306
0.04654	-0.005306
0.04646	-0.005306
0.04694	-0.005306
0.04645	-0.005306
0.04591	-0.005306
0.04547	-0.005306
0.04561	-0.005306
0.04521	-0.005306
0.04536	-0.005306
0.04567	-0.005365
0.04785	-0.005937
0.04472	-0.006036
0.04266	-0.006194
0.04123	-0.006391
0.04173	-0.006923
0.03828	-0.007673
0.03708	-0.007831
0.03687	-0.007851
0.03694	-0.007929
0.03697	-0.007929
0.037	-0.007929
0.03656	-0.00791
0.03682	-0.00791
0.03693	-0.00791
0.03656	-0.00791
0.03702	-0.00791
0.03702	-0.00791
0.03709	-0.00791
0.03728	-0.00791
0.03667	-0.007929
0.03683	-0.007949
0.03679	-0.008028
0.03645	-0.008423
0.03824	-0.008857
0.03954	-0.009212
0.04004	-0.009389
0.04008	-0.009547
0.04089	-0.010178
0.04939	-0.010691
0.05009	-0.010868
0.04976	-0.010888
0.0499	-0.010868
0.04959	-0.010868
0.0499	-0.010868
0.04965	-0.010868
0.0493	-0.010868
0.0498	-0.010868
0.04947	-0.010868
0.04955	-0.010868
0.04994	-0.010868
0.04961	-0.010868
0.04973	-0.010888
0.04704	-0.011125
0.05603	-0.011618
0.06088	-0.011914
0.0564	-0.012229
0.04773	-0.012644
0.05257	-0.013235
0.0461	-0.013847
0.04626	-0.014241
0.04677	-0.014399
0.04675	-0.014399
0.04678	-0.014399
0.04703	-0.014399
0.04707	-0.01438
0.04687	-0.01438
0.04681	-0.01438
0.04703	-0.01438
0.047	-0.01438
0.04707	-0.01438
0.04724	-0.01438
0.04681	-0.01438
0.0471	-0.014399
0.0468	-0.014399
0.04727	-0.014636
0.04283	-0.01507
0.04167	-0.015149
0.0377	-0.015642
0.03711	-0.015741
0.03659	-0.015859
0.03691	-0.01649
0.04089	-0.017003
0.04213	-0.017299
0.04214	-0.017378
0.04184	-0.017358
0.04204	-0.017358
0.04218	-0.017358
0.04163	-0.017358
0.04224	-0.017358
0.04208	-0.017358
0.04196	-0.017358
0.04189	-0.017358
0.04225	-0.017358
0.04182	-0.017358
0.04172	-0.017358
0.04213	-0.017358
0.0421	-0.017378
0.04309	-0.017812
0.05084	-0.018384
0.05167	-0.018423
0.04926	-0.018837
0.04918	-0.019054
0.0504	-0.019114
0.06615	-0.019607
0.06346	-0.02006
0.06279	-0.0201
0.06294	-0.0201
0.06245	-0.0201
0.06227	-0.0201
0.06232	-0.0201
0.06265	-0.0201
0.06233	-0.0201
0.06267	-0.0201
0.06268	-0.0201
0.06256	-0.0201
0.06267	-0.0201
0.06229	-0.0201
0.06236	-0.0201
0.06038	-0.020258
0.06317	-0.02081
0.06015	-0.021303
0.05321	-0.021579
0.04712	-0.022053
0.04587	-0.022368
0.04503	-0.022605
0.04132	-0.023019
0.04106	-0.023098
0.04086	-0.023098
0.04054	-0.023098
0.04115	-0.023098
0.041	-0.023098
0.04039	-0.023098
0.04051	-0.023098
0.04094	-0.023098
0.04074	-0.023098
0.04102	-0.023098
0.04074	-0.023098
0.04132	-0.023098
0.04088	-0.023098
0.04092	-0.023137
0.03862	-0.023611
0.03789	-0.024064
0.03784	-0.02442
0.03922	-0.024814
0.03995	-0.025189
0.04337	-0.025485
0.05359	-0.025781
0.05557	-0.02584
0.05556	-0.02582
0.05528	-0.02582
0.05591	-0.0258
0.05579	-0.0258
0.05597	-0.0258
0.05606	-0.0258
0.0562	-0.0258
0.05566	-0.0258
0.05606	-0.0258
0.05569	-0.0258
0.05566	-0.0258
0.05594	-0.02582
0.05591	-0.02582
0.05588	-0.02584
0.05933	-0.026136
0.05914	-0.026648
0.06198	-0.026727
0.06458	-0.026846
0.07564	-0.02726
0.0762	-0.027536
0.07039	-0.027852
0.06783	-0.028029
0.06721	-0.028029
0.06746	-0.028009
0.06741	-0.028009
0.06711	-0.028009
0.0672	-0.028009
0.06767	-0.028009
0.06711	-0.028009
0.06706	-0.028009
0.06729	-0.028009
0.06721	-0.028009
0.06734	-0.028009
0.06718	-0.028009
0.06679	-0.028029
0.06746	-0.028128
0.06761	-0.028562
0.06403	-0.028976
0.0631	-0.029311
0.06361	-0.029765
0.05972	-0.03014
0.05768	-0.030298
0.05713	-0.030298
0.05733	-0.030298
0.05698	-0.030258
0.05716	-0.030258
0.05707	-0.030258
0.05746	-0.030258
0.05725	-0.030258
0.05742	-0.030258
0.05725	-0.030298
0.05702	-0.030298
0.05733	-0.030337
0.047	-0.031027
0.03972	-0.031323
0.03914	-0.031738
0.03975	-0.032152
0.04156	-0.032428
0.04359	-0.032882
0.04993	-0.033079
0.05617	-0.033197
0.0573	-0.033197
0.05736	-0.033197
0.05768	-0.033138
0.05676	-0.033138
0.05681	-0.033138
0.05733	-0.033138
0.05714	-0.033138
0.0573	-0.033138
0.05725	-0.033197
0.05746	-0.033197
0.05685	-0.033197
0.05695	-0.033237
0.06589	-0.033572
0.06898	-0.034065
0.07028	-0.034341
0.0791	-0.034736
0.08043	-0.035032
0.07622	-0.035466
0.0811	-0.03588
0.08362	-0.036077
0.08342	-0.036077
0.08308	-0.036077
0.08328	-0.036038
0.08281	-0.036018
0.08302	-0.036018
0.08325	-0.036018
0.08339	-0.036018
0.08295	-0.036018
0.08319	-0.036018
0.08325	-0.036077
0.08371	-0.036077
0.08211	-0.036255
0.08214	-0.036984
0.08176	-0.03732
0.07172	-0.037773
0.06998	-0.037852
0.06862	-0.03805
0.05312	-0.038523
0.04535	-0.038779
0.04237	-0.039154
0.04073	-0.039391
0.0406	-0.039391
0.04033	-0.039351
0.04044	-0.039351
0.04063	-0.039351
0.04054	-0.039351
0.04028	-0.039351
0.04044	-0.039351
0.04031	-0.039351
0.04048	-0.039371
0.04016	-0.039391
0.04077	-0.039391
0.04013	-0.03943
0.04131	-0.039844
0.04623	-0.040456
0.06189	-0.040791
0.08147	-0.041127
0.08298	-0.041324
0.08534	-0.041659
0.10689	-0.042073
0.11356	-0.042211
0.11441	-0.042251
0.11453	-0.042251
0.11441	-0.042211
0.11433	-0.042192
0.11447	-0.042192
0.11552	-0.042192
0.11598	-0.042192
0.11517	-0.042192
0.11493	-0.042211
0.11444	-0.042251
0.1147	-0.042251
0.11516	-0.04229
0.11201	-0.042645
0.10669	-0.04306
0.10873	-0.043454
0.09848	-0.043809
0.08994	-0.044125
0.0914	-0.044519
0.0891	-0.044934
0.07719	-0.045289
0.0735	-0.045486
0.07396	-0.045486
0.07384	-0.045486
0.07376	-0.045407
0.07382	-0.045407
0.07364	-0.045407
0.07356	-0.045407
0.07359	-0.045407
0.0737	-0.045407
0.07361	-0.045486
0.07382	-0.045486
0.07388	-0.045584
0.05875	-0.046235
0.04959	-0.046433
0.04695	-0.046827
0.04521	-0.047202
0.04367	-0.047636
0.04468	-0.048149
0.0598	-0.048543
0.06462	-0.048602
0.06497	-0.048602
0.06516	-0.048523
0.06477	-0.048523
0.06468	-0.048523
0.06485	-0.048523
0.06532	-0.048523
0.06497	-0.048523
0.06526	-0.048523
0.0641	-0.048602
0.06398	-0.048602
0.06488	-0.048622
0.07202	-0.049194
0.11322	-0.049806
0.13937	-0.050042
0.13908	-0.050279
0.13611	-0.050318
0.13811	-0.050457
0.1524	-0.050674
0.15848	-0.050733
0.1617	-0.050752
0.16255	-0.050752
0.16171	-0.050713
0.15984	-0.050674
0.16078	-0.050674
0.16069	-0.050674
0.16116	-0.050674
0.16135	-0.050674
0.15997	-0.050752
0.15955	-0.050752
0.15892	-0.050752
0.18307	-0.051127
0.15794	-0.05162
0.15952	-0.051956
0.11714	-0.052547
0.09486	-0.052863
0.09026	-0.053257
0.07777	-0.053553
0.07713	-0.053573
0.07738	-0.053573
0.07751	-0.053494
0.07768	-0.053494
0.07756	-0.053494
0.07741	-0.053494
0.07729	-0.053494
0.07742	-0.053494
0.0775	-0.053494
0.07806	-0.053494
0.07834	-0.053494
0.07797	-0.053514
0.07834	-0.053553
0.07816	-0.053573
0.07817	-0.053573
0.06151	-0.05379
0.04994	-0.054185
0.04927	-0.054342
0.04889	-0.05452
0.04916	-0.05452
0.04913	-0.05452
0.04904	-0.05454
0.04788	-0.054796
0.04782	-0.055013
0.04776	-0.055092
0.04803	-0.055112
0.04787	-0.055112
0.04895	-0.055329
0.04964	-0.055506
0.05009	-0.055506
0.05032	-0.055506
0.05009	-0.055427
0.05028	-0.055427
0.05017	-0.055427
0.0504	-0.055427
0.05029	-0.055427
0.05013	-0.055427
0.05	-0.055486
0.0498	-0.055506
0.05194	-0.055526
0.07024	-0.055822
0.10463	-0.056177
0.11856	-0.056473
0.11908	-0.056552
0.12862	-0.056946
0.16566	-0.057281
0.18755	-0.057518
0.18671	-0.057696
0.17772	-0.057873
0.1718	-0.05807
0.17651	-0.058228
0.17683	-0.058228
0.17685	-0.058208
0.1778	-0.058149
0.17813	-0.058149
0.17844	-0.058149
0.17778	-0.058149
0.17998	-0.058149
0.1805	-0.058149
0.17874	-0.058149
0.17825	-0.058208
0.17769	-0.058208
0.17867	-0.058228
0.19473	-0.058445
0.17123	-0.059096
0.15935	-0.059333
0.1703	-0.059648
0.1767	-0.059826
0.16809	-0.060023
0.12709	-0.060457
0.12433	-0.060773
0.12277	-0.061108
0.10286	-0.061325
0.0975	-0.061345
0.09743	-0.061345
0.09732	-0.061305
0.09651	-0.061305
0.09641	-0.061305
0.09712	-0.061305
0.09642	-0.061305
0.09547	-0.061305
0.09543	-0.061305
0.0952	-0.061305
0.09584	-0.061325
0.09636	-0.061345
0.09579	-0.061345
0.08565	-0.061522
0.07579	-0.062134
0.07152	-0.062331
0.06558	-0.062666
0.06621	-0.062923
0.06682	-0.063041
0.07629	-0.063376
0.11299	-0.063712
0.15045	-0.064047
0.15347	-0.064264
0.15242	-0.064303
0.15234	-0.064303
0.15205	-0.064303
0.15205	-0.064264
0.15189	-0.064264
0.15161	-0.064264
0.15123	-0.064264
0.1515	-0.064264
0.15215	-0.064264
0.15213	-0.064264
0.1519	-0.064264
0.15182	-0.064303
0.15115	-0.064303
0.15178	-0.064303
0.15982	-0.064442
0.24963	-0.065053
0.25563	-0.065211
0.24919	-0.065329
0.23471	-0.065665
0.27055	-0.06598
0.31343	-0.066315
0.28859	-0.066611
0.25977	-0.066828
0.26328	-0.067045
0.29175	-0.067262
0.29478	-0.067262
0.29596	-0.067262
0.29536	-0.067243
0.29544	-0.067243
0.29489	-0.067243
0.29535	-0.067243
0.29591	-0.067243
0.29582	-0.067243
0.29567	-0.067243
0.29546	-0.067243
0.29482	-0.067243
0.29477	-0.067262
0.29556	-0.067262
0.29695	-0.067282
0.28354	-0.067657
0.22571	-0.067972
0.21564	-0.06811
0.22165	-0.068505
0.21628	-0.068682
0.13792	-0.069274
0.10809	-0.06957
0.10786	-0.06961
0.10335	-0.069807
0.09924	-0.069846
0.09848	-0.069846
0.09979	-0.069846
0.09947	-0.069826
0.09976	-0.069826
0.0983	-0.069807
0.09846	-0.069807
0.09685	-0.069807
0.0976	-0.069807
0.09746	-0.069807
0.09947	-0.069807
0.09956	-0.069826
0.09857	-0.069826
0.09787	-0.069846
0.08914	-0.069925
0.05904	-0.070615
0.06781	-0.070832
0.12399	-0.071089
0.17445	-0.071326
0.20567	-0.071464
0.22372	-0.07172
0.22302	-0.07174
0.22855	-0.071977
0.34758	-0.072351
0.4554	-0.072608
0.47404	-0.073042
0.45961	-0.073101
0.4592	-0.073101
0.45808	-0.073081
0.45796	-0.073081
0.45848	-0.073081
0.45758	-0.073081
0.4583	-0.073081
0.45872	-0.073081
0.45869	-0.073081
0.45822	-0.073081
0.45877	-0.073081
0.45857	-0.073081
0.45796	-0.073081
0.45816	-0.073121
0.49521	-0.073298
0.59993	-0.073614
0.62267	-0.073693
0.63449	-0.073988
0.59152	-0.074146
0.54837	-0.074639
0.59834	-0.075152
0.45369	-0.075566
0.40967	-0.075764
0.42261	-0.075961
0.42165	-0.07606
0.40369	-0.076237
0.39618	-0.076237
0.39639	-0.076237
0.39426	-0.076237
0.39211	-0.076237
0.39474	-0.076217
0.39287	-0.076217
0.39215	-0.076217
0.39368	-0.076217
0.39488	-0.076237
0.39307	-0.076237
0.39032	-0.076237
0.38887	-0.076237
0.37279	-0.076277
0.25261	-0.076553
0.1945	-0.076888
0.1944	-0.076947
0.1801	-0.077243
0.09012	-0.077914
0.09123	-0.078387
0.16856	-0.078722
0.2766	-0.079018
0.29388	-0.079078
0.31047	-0.079235
0.3114	-0.079275
0.3114	-0.079275
0.31091	-0.079275
0.31026	-0.079275
0.31001	-0.079275
0.31038	-0.079275
0.31133	-0.079275
0.31067	-0.079275
0.30978	-0.079275
0.30978	-0.079275
0.3096	-0.079275
0.30971	-0.079275
0.31015	-0.079275
0.31133	-0.079334
0.54742	-0.079788
0.84796	-0.080064
1.00873	-0.0803
1.00078	-0.080498
1.00597	-0.080833
1.5508	-0.081149
1.87527	-0.081326
1.70145	-0.08174
1.82912	-0.082056
2.13422	-0.082273
2.10909	-0.082648
2.0667	-0.082667
2.07254	-0.082648
2.07651	-0.082648
2.05322	-0.082648
2.04266	-0.082648
2.0766	-0.082648
2.0558	-0.082648
2.06508	-0.082648
2.05284	-0.082648
2.06609	-0.082648
2.05653	-0.082648
2.06161	-0.082648
2.06183	-0.082648
2.02959	-0.082687
1.85403	-0.082924
1.76767	-0.083318
1.77744	-0.083338
1.68401	-0.083614
0.89287	-0.084088
0.82736	-0.084167
0.78325	-0.084541
0.72089	-0.084739
0.67125	-0.084857
0.50467	-0.084975
0.49892	-0.084995
0.36093	-0.085113
0.23239	-0.08537
0.23615	-0.08535
0.23018	-0.08535
0.22681	-0.08535
0.22925	-0.08535
0.22696	-0.08535
0.22536	-0.08535
0.22328	-0.08535
0.22621	-0.08535
0.22705	-0.08535
0.2253	-0.08535
0.22473	-0.08535
0.22939	-0.085488
0.91521	-0.086119
1.52724	-0.086415
1.70596	-0.086612
1.71552	-0.086672
1.72353	-0.086711
2.08611	-0.087106
5.35059	-0.087421
6.51537	-0.087776
6.31538	-0.088052
6.31848	-0.088052
6.32121	-0.088052
6.29491	-0.088052
6.33727	-0.088052
6.33763	-0.088052
6.34738	-0.088052
6.34111	-0.088052
6.34857	-0.088052
6.33597	-0.088052
6.33623	-0.088052
6.34354	-0.088052
6.34572	-0.088052
6.33406	-0.088052
6.33572	-0.088052
6.33353	-0.088052
6.68243	-0.08819
8.15115	-0.088407
10.48674	-0.088585
14.09543	-0.08892
13.58571	-0.089256
14.06921	-0.089413
18.25966	-0.089709
24.31781	-0.089985
24.60782	-0.090084
23.91435	-0.090222
23.98705	-0.090222
24.01627	-0.090202
23.90068	-0.090202
23.68753	-0.090202
23.75397	-0.090202
23.74287	-0.090202
23.74992	-0.090202
23.80957	-0.090202
23.90543	-0.090202
23.97516	-0.090202
23.92163	-0.090202
23.84825	-0.090202
23.73637	-0.090222
23.25282	-0.090281
21.86736	-0.090636
29.09602	-0.090972
30.91847	-0.091031
32.6851	-0.091129
33.15878	-0.091169
30.84949	-0.091445
28.12349	-0.091859
32.5914	-0.092116
36.56949	-0.092274
38.23373	-0.092352
38.40167	-0.092352
38.4828	-0.092333
38.57875	-0.092333
38.59195	-0.092333
38.40526	-0.092333
38.44456	-0.092333
38.46042	-0.092333
38.37341	-0.092333
38.28264	-0.092333
38.29868	-0.092333
38.35219	-0.092333
38.35394	-0.092333
38.49585	-0.092392
30.22112	-0.092964
30.1429	-0.093141
31.02885	-0.09324
36.14093	-0.093516
38.26315	-0.093595
38.43356	-0.093773
35.46956	-0.09395
33.16803	-0.09399
27.71315	-0.094424
28.81667	-0.094581
29.21892	-0.094601
30.42358	-0.09468
30.49428	-0.09468
30.45576	-0.09468
30.56798	-0.09468
30.71983	-0.09468
30.92993	-0.09468
31.01131	-0.09468
30.61703	-0.09468
30.7334	-0.09468
30.80461	-0.09468
30.89355	-0.09468
30.74191	-0.09468
30.68246	-0.09468
30.77399	-0.09468
30.81142	-0.09468
30.8219	-0.09468
30.87364	-0.09468
30.78847	-0.09468
30.78915	-0.09468
30.69528	-0.09468
30.78897	-0.0947
31.25542	-0.094759
31.68555	-0.094798
32.22917	-0.094858
27.69113	-0.095232
21.10564	-0.095647
20.94478	-0.095706
22.12677	-0.095962
17.14804	-0.096495
13.85349	-0.096731
13.35638	-0.097106
13.9901	-0.097244
13.98134	-0.097244
14.0121	-0.097244
14.03885	-0.097244
14.04733	-0.097244
14.04648	-0.097244
14.06152	-0.097244
14.07004	-0.097244
14.07069	-0.097244
14.04883	-0.097244
14.04994	-0.097244
14.02577	-0.097244
14.0619	-0.097244
14.0657	-0.097244
13.93799	-0.097382
9.67401	-0.097797
8.50459	-0.097856
7.02083	-0.097954
6.20302	-0.098112
6.1194	-0.098566
4.93228	-0.098822
3.29102	-0.099079
1.72183	-0.099335
1.6562	-0.099572
1.31842	-0.099927
1.11613	-0.100025
0.89407	-0.100104
0.90446	-0.100104
0.89377	-0.100085
0.85886	-0.100085
0.87192	-0.100085
0.86389	-0.100085
0.85762	-0.100085
0.84322	-0.100085
0.83752	-0.100085
0.85516	-0.100085
0.84358	-0.100085
0.84358	-0.100085
0.60155	-0.100164
0.18616	-0.100913
0.21449	-0.101071
0.2486	-0.10115
0.35226	-0.101288
0.42816	-0.101406
0.54373	-0.101959
0.96019	-0.102392
1.43716	-0.102708
1.4718	-0.103043
1.42444	-0.103181
1.45279	-0.1033
1.45216	-0.10328
1.46255	-0.10328
1.46503	-0.10328
1.46423	-0.10328
1.46884	-0.10328
1.46739	-0.10328
1.46764	-0.10328
1.4556	-0.10328
1.4528	-0.10328
1.45309	-0.10328
1.45738	-0.10328
1.46727	-0.1033
1.92015	-0.103596
2.15308	-0.103852
2.14062	-0.10397
1.86433	-0.104247
1.79562	-0.104306
1.83858	-0.104641
1.88388	-0.105115
1.57936	-0.105351
1.19228	-0.105706
1.14671	-0.105805
1.14296	-0.105805
1.14413	-0.105805
1.14343	-0.105805
1.14377	-0.105785
1.14291	-0.105785
1.14447	-0.105785
1.14612	-0.105785
1.14699	-0.105785
1.14793	-0.105785
1.14577	-0.105785
1.14368	-0.105785
1.14401	-0.105785
1.14465	-0.105805
1.15875	-0.105963
0.3942	-0.106831
0.3694	-0.106969
0.36346	-0.107067
0.34657	-0.107265
0.33694	-0.107304
0.2619	-0.107501
0.19008	-0.107639
0.13397	-0.107777
0.07231	-0.108054
0.06714	-0.108073
0.06422	-0.108093
0.06421	-0.108093
0.06436	-0.108093
0.06381	-0.108054
0.0639	-0.108054
0.06404	-0.108054
0.06432	-0.108054
0.06357	-0.108054
0.06372	-0.108054
0.06424	-0.108054
0.0645	-0.108093
0.06453	-0.108093
0.06259	-0.108132
0.17694	-0.108902
0.2475	-0.109158
0.25377	-0.109316
0.26503	-0.109592
0.2789	-0.109651
0.37869	-0.109967
0.51717	-0.110184
0.56898	-0.110302
0.53513	-0.110657
0.53625	-0.110815
0.54556	-0.110874
0.54333	-0.110874
0.54678	-0.110854
0.54968	-0.110815
0.54799	-0.110815
0.55049	-0.110815
0.55367	-0.110815
0.55612	-0.110815
0.55472	-0.110815
0.55873	-0.110815
0.55893	-0.110815
0.55829	-0.110815
0.55482	-0.110815
0.55458	-0.110815
0.55011	-0.110854
0.5497	-0.110874
0.55246	-0.110894
0.73248	-0.111505
0.60176	-0.111979
0.64922	-0.112531
0.53659	-0.112985
0.44321	-0.113182
0.43716	-0.11334
0.44559	-0.113478
0.4511	-0.113498
0.45476	-0.113596
0.45013	-0.113655
0.45143	-0.113655
0.44958	-0.113655
0.44881	-0.113636
0.45053	-0.113636
0.45055	-0.113636
0.45039	-0.113636
0.45036	-0.113636
0.45108	-0.113636
0.45216	-0.113655
0.45169	-0.113655
0.44675	-0.113715
0.2701	-0.114227
0.21657	-0.114405
0.20685	-0.114523
0.20544	-0.114799
0.19183	-0.114957
0.14221	-0.115194
0.08539	-0.11547
0.06058	-0.115963
0.06532	-0.116437
0.06995	-0.116614
0.07259	-0.116634
0.07428	-0.116713
0.07422	-0.116831
0.07516	-0.116831
0.07536	-0.116811
0.07538	-0.116792
0.07501	-0.116792
0.07497	-0.116792
0.07498	-0.116792
0.07533	-0.116792
0.07536	-0.116792
0.07515	-0.116811
0.07538	-0.116831
0.07532	-0.116831
0.09787	-0.117383
0.25037	-0.117896
0.25645	-0.118015
0.2558	-0.118232
0.2562	-0.118251
0.29926	-0.118429
0.40935	-0.118823
0.42935	-0.118981
0.39886	-0.119257
0.37085	-0.119455
0.37666	-0.119593
0.41399	-0.11981
0.43314	-0.119948
0.43532	-0.119948
0.43388	-0.119948
0.43449	-0.119928
0.43398	-0.119928
0.43362	-0.119928
0.43347	-0.119928
0.43431	-0.119928
0.43423	-0.119928
0.43478	-0.119928
0.43291	-0.119948
0.43251	-0.119948
0.43185	-0.119948
0.43378	-0.119987
0.27681	-0.120559
0.27614	-0.120954
0.25386	-0.121269
0.16684	-0.121624
0.14468	-0.121743
0.1207	-0.122157
0.11391	-0.122433
0.09882	-0.122571
0.05745	-0.122946
0.05098	-0.123084
0.05072	-0.123084
0.05048	-0.123064
0.0508	-0.123025
0.05045	-0.123025
0.0513	-0.123025
0.0513	-0.123025
0.05054	-0.123025
0.05127	-0.123025
0.05138	-0.123025
0.05116	-0.123025
0.05084	-0.123045
0.05087	-0.123064
0.0507	-0.123084
0.04732	-0.123439
0.05449	-0.12409
0.05496	-0.124149
0.0563	-0.124504
0.06128	-0.124721
0.09717	-0.125017
0.13901	-0.125352
0.14603	-0.125451
0.14787	-0.125727
0.15823	-0.126003
0.17574	-0.126102
0.19919	-0.126201
0.21593	-0.126279
0.214	-0.126279
0.21548	-0.126279
0.21529	-0.12622
0.2121	-0.12622
0.21596	-0.12622
0.21449	-0.12622
0.21391	-0.12622
0.2122	-0.12622
0.21385	-0.126279
0.21272	-0.126279
0.21443	-0.126279
0.22269	-0.126299
0.24252	-0.126851
0.25035	-0.127364
0.26147	-0.127483
0.2704	-0.12766
0.26192	-0.127779
0.23091	-0.127996
0.17197	-0.128449
0.17484	-0.128607
0.17677	-0.128804
0.13362	-0.129159
0.13261	-0.129159
0.13153	-0.129159
0.12895	-0.12914
0.12857	-0.12908
0.13174	-0.12908
0.13008	-0.12908
0.13103	-0.12908
0.13016	-0.12908
0.12975	-0.12908
0.12932	-0.12914
0.12997	-0.129159
0.12788	-0.129159
0.09245	-0.129357
0.08427	-0.12983
0.07426	-0.130126
0.04869	-0.130481
0.04341	-0.130856
0.04256	-0.131013
0.04247	-0.13129
0.04419	-0.131526
0.0468	-0.131763
0.04971	-0.132118
0.05005	-0.132217
0.05089	-0.132236
0.05159	-0.132236
0.05157	-0.132217
0.05156	-0.132157
0.05133	-0.132157
0.05174	-0.132157
0.05142	-0.132157
0.05159	-0.132157
0.0517	-0.132217
0.05138	-0.132236
0.05132	-0.132236
0.05737	-0.132572
0.11452	-0.133163
0.11139	-0.133321
0.12144	-0.133597
0.145	-0.133893
0.14851	-0.133933
0.15445	-0.13411
0.15202	-0.134189
0.13306	-0.134446
0.12738	-0.134741
0.13361	-0.134899
0.14357	-0.135195
0.14326	-0.135274
0.14288	-0.135274
0.14305	-0.135274
0.1432	-0.135195
0.14359	-0.135175
0.14337	-0.135175
0.14352	-0.135175
0.14398	-0.135175
0.1436	-0.135175
0.1436	-0.135254
0.14381	-0.135274
0.1438	-0.135274
0.14313	-0.135294
0.10991	-0.135767
0.10547	-0.136221
0.1059	-0.136536
0.0927	-0.136793
0.07555	-0.137148
0.07442	-0.137444
0.06371	-0.137937
0.05023	-0.138233
0.04558	-0.138627
0.04532	-0.138943
0.04507	-0.139042
0.04483	-0.139081
0.0453	-0.139081
0.04524	-0.139061
0.04446	-0.139022
0.04503	-0.139022
0.04482	-0.139022
0.04474	-0.139022
0.04504	-0.139022
0.04495	-0.139022
0.0451	-0.139022
0.04488	-0.139061
0.04474	-0.139081
0.04532	-0.13918
0.05156	-0.140087
0.06683	-0.14058
0.0681	-0.140994
0.08691	-0.141468
0.10132	-0.141724
0.10071	-0.142198
0.10103	-0.142336
0.10175	-0.142336
0.10167	-0.142336
0.10175	-0.142296
0.10187	-0.142296
0.10228	-0.142296
0.10223	-0.142296
0.1019	-0.142296
0.10136	-0.142296
0.10165	-0.142316
0.10071	-0.142336
0.10095	-0.142336
0.10107	-0.142336
0.10233	-0.142414
0.1151	-0.142691
0.13977	-0.143026
0.13759	-0.143223
0.12572	-0.143637
0.1312	-0.143914
0.1254	-0.144249
0.07964	-0.144801
0.07253	-0.145058
0.06955	-0.145334
0.04628	-0.145886
0.04057	-0.146044
0.04034	-0.146044
0.04028	-0.146044
0.04048	-0.146024
0.04044	-0.146024
0.04057	-0.146024
0.04039	-0.146024
0.04015	-0.146024
0.04031	-0.146024
0.04005	-0.146024
0.03998	-0.146024
0.04034	-0.146024
0.04034	-0.146044
0.04039	-0.146044
0.04051	-0.146044
0.04059	-0.146261
0.0406	-0.146793
0.04048	-0.146853
0.04121	-0.146912
0.04166	-0.14701
0.04207	-0.14705
0.04321	-0.147464
0.04826	-0.147661
0.0583	-0.147878
0.07173	-0.14851
0.07693	-0.148865
0.08916	-0.149338
0.08376	-0.149535
0.08493	-0.149535
0.08545	-0.149535
0.08495	-0.149516
0.08424	-0.149516
0.08493	-0.149516
0.08488	-0.149516
0.08473	-0.149516
0.08421	-0.149516
0.08485	-0.149516
0.08478	-0.149535
0.08513	-0.149535
0.08395	-0.149555
0.0842	-0.150088
0.09009	-0.150305
0.09439	-0.150521
0.09416	-0.1506
0.09344	-0.15062
0.08635	-0.151133
0.09361	-0.151449
0.09579	-0.151626
0.07863	-0.15206
0.07353	-0.152277
0.07228	-0.152494
0.07278	-0.152593
0.07292	-0.152593
0.07268	-0.152593
0.07271	-0.152593
0.07268	-0.152573
0.0726	-0.152533
0.07291	-0.152533
0.0726	-0.152533
0.07234	-0.152533
0.07245	-0.152533
0.07268	-0.152533
0.07251	-0.152553
0.07208	-0.152612
0.06267	-0.152888
0.04153	-0.153342
0.03719	-0.154072
0.0359	-0.154565
0.03561	-0.154841
0.03798	-0.155137
0.04211	-0.155275
0.05154	-0.155512
0.05804	-0.155788
0.05867	-0.156025
0.0592	-0.156064
0.05954	-0.156064
0.05951	-0.156064
0.05916	-0.156044
0.06018	-0.155887
0.06053	-0.155906
0.06035	-0.155887
0.06084	-0.155887
0.061	-0.155887
0.06085	-0.155926
0.0605	-0.155966
0.06062	-0.156163
0.07355	-0.156794
0.06775	-0.157425
0.07712	-0.158096
0.0751	-0.158411
0.07358	-0.158826
0.07965	-0.15924
0.07715	-0.159339
0.07289	-0.159615
0.06351	-0.159891
0.06297	-0.15993
0.06291	-0.15995
0.06271	-0.15995
0.06268	-0.15993
0.06285	-0.15993
0.06284	-0.15993
0.06273	-0.15993
0.06306	-0.15993
0.06259	-0.15993
0.06287	-0.15993
0.0625	-0.15993
0.06262	-0.15993
0.06317	-0.15993
0.06273	-0.15995
0.06281	-0.160009
0.06158	-0.160206
0.04448	-0.16066
0.0396	-0.160976
0.03947	-0.16139
0.03693	-0.161844
0.03624	-0.1621
0.03673	-0.162396
0.03873	-0.162633
0.04065	-0.162672
0.04355	-0.162889
0.04675	-0.162968
0.04692	-0.162968
0.04713	-0.162968
0.04721	-0.162948
0.04732	-0.162909
0.04767	-0.162909
0.04747	-0.162909
0.04791	-0.162909
0.04788	-0.162909
0.0477	-0.162909
0.04807	-0.162928
0.0475	-0.162948
0.04846	-0.163027
0.04942	-0.163441
0.05469	-0.163915
0.06169	-0.16427
0.062	-0.16496
0.07097	-0.165217
0.08273	-0.16569
0.07907	-0.166163
0.07899	-0.166163
0.07906	-0.166183
0.0795	-0.166183
0.07938	-0.166163
0.0795	-0.166124
0.08131	-0.166006
0.08115	-0.166006
0.08127	-0.166006
0.08136	-0.166006
0.08072	-0.166025
0.08107	-0.166045
0.08101	-0.166144
0.08147	-0.166578
0.06204	-0.16709
0.05354	-0.167544
0.04964	-0.167998
0.04578	-0.168195
0.04141	-0.16853
0.04095	-0.168668
0.04088	-0.168688
0.04065	-0.168807
0.04079	-0.168846
0.04053	-0.168846
0.04066	-0.168846
0.04068	-0.168807
0.04059	-0.168807
0.04044	-0.168807
0.03993	-0.168807
0.04008	-0.168807
0.04036	-0.168807
0.04073	-0.168807
0.04007	-0.168826
0.03996	-0.168925
0.03804	-0.169221
0.03648	-0.169517
0.03699	-0.16997
0.04088	-0.170365
0.0425	-0.1707
0.04448	-0.171252
0.05383	-0.171627
0.06349	-0.171963
0.06477	-0.172081
0.06487	-0.172081
0.06432	-0.172061
0.06447	-0.172061
0.06479	-0.172061
0.06445	-0.172061
0.06435	-0.172061
0.06435	-0.172061
0.06473	-0.172061
0.06436	-0.172061
0.06442	-0.172061
0.06386	-0.17212
0.06752	-0.172613
0.06876	-0.173067
0.06061	-0.173442
0.05827	-0.17358
0.06107	-0.173896
0.05687	-0.174763
0.05653	-0.175059
0.04565	-0.175651
0.03932	-0.176065
0.03909	-0.176065
0.03899	-0.176065
0.03918	-0.176065
0.03902	-0.176065
0.03893	-0.176046
0.03917	-0.176026
0.03865	-0.176026
0.03851	-0.176026
0.03871	-0.176026
0.03867	-0.176026
0.03867	-0.176026
0.03891	-0.176026
0.03856	-0.176046
0.03807	-0.176105
0.03752	-0.176223
0.03673	-0.176657
0.03604	-0.176795
0.035	-0.176992
0.03409	-0.177091
0.03394	-0.177505
0.03641	-0.177919
0.03859	-0.178156
0.04041	-0.178511
0.04073	-0.178847
0.04559	-0.179162
0.05453	-0.179557
0.05556	-0.179695
0.05565	-0.179695
0.05542	-0.179695
0.05583	-0.179695
0.05513	-0.179675
0.05554	-0.179675
0.05563	-0.179675
0.05582	-0.179675
0.05547	-0.179675
0.05591	-0.179675
0.05585	-0.179675
0.05588	-0.179675
0.05617	-0.179695
0.05632	-0.179695
0.05666	-0.179714
0.05664	-0.179714
0.05681	-0.179714
0.05693	-0.179734
0.05681	-0.179734
0.05727	-0.179734
0.05716	-0.179734
0.05716	-0.179714
0.05716	-0.179714
0.0573	-0.179695
0.05716	-0.179695
0.05722	-0.179695
0.05711	-0.179695
0.05763	-0.179616
0.05754	-0.179379
0.05772	-0.17932
0.05704	-0.179083
0.04546	-0.178294
0.04233	-0.177998
0.04254	-0.177781
0.04199	-0.177703
0.04276	-0.177683
0.04002	-0.177367
0.03831	-0.17717
0.03606	-0.176677
0.03716	-0.176164
0.03798	-0.176046
0.03801	-0.176046
0.03795	-0.176046
0.03796	-0.176046
0.03821	-0.176046
0.03775	-0.176046
0.0381	-0.176046
0.03836	-0.176046
0.03842	-0.176046
0.03856	-0.176046
0.03802	-0.176046
0.03839	-0.176046
0.03844	-0.176026
0.03911	-0.175789
0.03931	-0.175513
0.04662	-0.17498
0.05025	-0.174921
0.05038	-0.174902
0.05688	-0.174606
0.05731	-0.174606
0.05814	-0.174389
0.0575	-0.174231
0.0582	-0.174093
0.0639	-0.173481
0.0593	-0.172909
0.06007	-0.172811
0.0696	-0.172337
0.06477	-0.171864
0.06429	-0.171864
0.06425	-0.171884
0.06371	-0.171884
0.06425	-0.171903
0.06351	-0.171903
0.06355	-0.171903
0.0638	-0.171903
0.06354	-0.171903
0.0631	-0.171903
0.06349	-0.171884
0.06401	-0.171824
0.06442	-0.171391
0.06104	-0.171174
0.05397	-0.170858
0.04294	-0.169852
0.03801	-0.169635
0.03706	-0.169319
0.03851	-0.168629
0.0392	-0.16859
0.03999	-0.168432
0.04099	-0.168215
0.04155	-0.167899
0.04323	-0.167623
0.04779	-0.167446
0.04765	-0.167446
0.04765	-0.167446
0.04758	-0.167465
0.04776	-0.167465
0.04749	-0.167465
0.04764	-0.167465
0.04807	-0.167465
0.04866	-0.167465
0.04831	-0.167465
0.04823	-0.167446
0.05183	-0.167209
0.06531	-0.166341
0.08138	-0.165789
0.07822	-0.165414
0.08022	-0.165236
0.08157	-0.165157
0.08257	-0.165098
0.0826	-0.165059
0.07965	-0.164763
0.0607	-0.164112
0.05934	-0.16352
0.04868	-0.162988
0.04846	-0.162909
0.04831	-0.162909
0.04796	-0.162928
0.04762	-0.162928
0.048	-0.162948
0.04735	-0.162988
0.04778	-0.162988
0.04753	-0.162988
0.04697	-0.162988
0.04732	-0.162988
0.04718	-0.162968
0.04703	-0.162928
0.04687	-0.162889
0.0459	-0.162633
0.04356	-0.162396
0.03693	-0.16208
0.03505	-0.161725
0.0349	-0.161587
0.03455	-0.161429
0.03476	-0.161331
0.03525	-0.161193
0.03557	-0.161074
0.03619	-0.160956
0.03654	-0.160877
0.03708	-0.160838
0.03706	-0.160778
0.03812	-0.160404
0.03955	-0.160147
0.04352	-0.159989
0.05746	-0.159595
0.06111	-0.15922
0.06216	-0.159003
0.07353	-0.15853
0.0777	-0.15849
0.07809	-0.15849
0.07791	-0.15851
0.07765	-0.15851
0.07848	-0.15855
0.07941	-0.15855
0.07968	-0.15855
0.07942	-0.15855
0.08008	-0.15853
0.07979	-0.158471
0.07901	-0.158234
0.073	-0.1578
0.07545	-0.157524
0.07904	-0.157366
0.07901	-0.157327
0.07588	-0.157011
0.06683	-0.156676
0.06743	-0.156518
0.07315	-0.156044
0.06093	-0.155571
0.05865	-0.155275
0.05763	-0.15492
0.04831	-0.154624
0.04657	-0.154585
0.04663	-0.154585
0.04692	-0.154605
0.04761	-0.154605
0.04156	-0.154762
0.04129	-0.154762
0.04085	-0.154762
0.03987	-0.154782
0.03975	-0.154743
0.03897	-0.154723
0.04021	-0.154585
0.0401	-0.154466
0.03723	-0.154033
0.0372	-0.153756
0.0374	-0.153638
0.03712	-0.153579
0.03783	-0.15346
0.03995	-0.153145
0.04585	-0.152612
0.05391	-0.152395
0.06345	-0.152257
0.07277	-0.151922
0.0724	-0.151764
0.07629	-0.151488
0.08493	-0.151271
0.09329	-0.151113
0.09778	-0.150936
0.09665	-0.150798
0.09631	-0.150798
0.09599	-0.150817
0.09546	-0.150817
0.0938	-0.150877
0.09355	-0.150877
0.09274	-0.150896
0.09189	-0.150896
0.09175	-0.150896
0.09273	-0.150837
0.0921	-0.150679
0.08806	-0.150285
0.08429	-0.149476
0.0804	-0.148845
0.08638	-0.14849
0.08122	-0.148253
0.0733	-0.148056
0.06857	-0.14778
0.06897	-0.147504
0.05836	-0.147129
0.04579	-0.146813
0.04234	-0.146596
0.04285	-0.146557
0.04239	-0.146557
0.04233	-0.146576
0.04282	-0.146576
0.04259	-0.146596
0.04269	-0.146596
0.04269	-0.146596
0.04285	-0.146596
0.0426	-0.146596
0.0425	-0.146596
0.04359	-0.146576
0.04254	-0.146241
0.04041	-0.145432
0.04289	-0.145038
0.04912	-0.144801
0.07037	-0.144209
0.0719	-0.143973
0.07375	-0.143894
0.0966	-0.143539
0.12001	-0.143342
0.12939	-0.143105
0.1252	-0.14275
0.12715	-0.142612
0.12726	-0.142612
0.13593	-0.142671
0.14114	-0.14275
0.1409	-0.14275
0.14044	-0.14275
0.14027	-0.14275
0.14034	-0.14275
0.14008	-0.14275
0.13914	-0.142671
0.13991	-0.142651
0.13902	-0.142592
0.12024	-0.142237
0.10466	-0.141941
0.10121	-0.141783
0.10481	-0.141468
0.10228	-0.14129
0.08603	-0.140994
0.06821	-0.140679
0.06554	-0.140462
0.06113	-0.139929
0.04608	-0.139495
0.04466	-0.139377
0.04376	-0.139377
0.04379	-0.139475
0.04254	-0.139574
0.04263	-0.139574
0.0433	-0.139574
0.04362	-0.139574
0.04306	-0.139574
0.04297	-0.139495
0.04323	-0.139495
0.0432	-0.139337
0.04279	-0.138825
0.04422	-0.138509
0.04558	-0.138095
0.05502	-0.137602
0.07014	-0.137089
0.07358	-0.136596
0.092	-0.136162
0.09753	-0.136083
0.10237	-0.136004
0.10464	-0.135866
0.09795	-0.13553
0.09927	-0.135333
0.09941	-0.135333
0.09927	-0.135333
0.09991	-0.135412
0.10408	-0.135491
0.10638	-0.135491
0.10809	-0.135491
0.11627	-0.135471
0.11736	-0.135412
0.1179	-0.135373
0.11781	-0.135373
0.11717	-0.135353
0.12306	-0.135195
0.13037	-0.134761
0.12006	-0.134564
0.13278	-0.134071
0.13295	-0.133538
0.12038	-0.1334
0.10707	-0.132966
0.0957	-0.132631
0.06967	-0.132374
0.05069	-0.131842
0.04616	-0.131487
0.04486	-0.13127
0.04425	-0.130994
0.04601	-0.130757
0.05849	-0.130441
0.06541	-0.130382
0.06647	-0.130382
0.06561	-0.130441
0.06427	-0.130441
0.06459	-0.130441
0.065	-0.130441
0.0652	-0.130441
0.06641	-0.130441
0.06619	-0.130382
0.06606	-0.130382
0.06592	-0.130382
0.06586	-0.130382
0.06644	-0.130382
0.0677	-0.130382
0.08357	-0.129712
0.10255	-0.129337
0.14473	-0.129041
0.1685	-0.128745
0.16576	-0.128568
0.16901	-0.128252
0.2205	-0.127936
0.25774	-0.127542
0.22421	-0.127246
0.22491	-0.127128
0.24557	-0.126851
0.25201	-0.126674
0.25377	-0.126595
0.25423	-0.126595
0.25371	-0.126595
0.25363	-0.126674
0.25264	-0.126674
0.25223	-0.126674
0.25192	-0.126674
0.25191	-0.126654
0.25171	-0.126615
0.25209	-0.126615
0.25224	-0.126615
0.24574	-0.126299
0.15184	-0.125786
0.09946	-0.125155
0.06065	-0.124761
0.05647	-0.124603
0.05528	-0.124307
0.05159	-0.12407
0.04758	-0.123755
0.04718	-0.123459
0.04637	-0.123242
0.0506	-0.122946
0.09288	-0.122492
0.11691	-0.122098
0.13614	-0.121841
0.16951	-0.121703
0.17171	-0.121684
0.1701	-0.121703
0.16846	-0.121743
0.16368	-0.121743
0.1673	-0.121743
0.17096	-0.121743
0.17502	-0.121743
0.17738	-0.121703
0.17934	-0.121703
0.18011	-0.121703
0.25729	-0.12125
0.26578	-0.120717
0.39728	-0.120184
0.37411	-0.11981
0.35243	-0.119612
0.38008	-0.119356
0.40843	-0.119198
0.40038	-0.118883
0.29561	-0.118528
0.26056	-0.118133
0.23482	-0.117739
0.18832	-0.11766
0.18376	-0.11766
0.19203	-0.117679
0.19824	-0.117679
0.19882	-0.117679
0.19315	-0.117679
0.19174	-0.117679
0.18539	-0.117679
0.18442	-0.117679
0.18388	-0.11766
0.18533	-0.11766
0.11359	-0.117383
0.07845	-0.117009
0.07854	-0.11691
0.07814	-0.116713
0.07605	-0.116516
0.06532	-0.116239
0.05827	-0.115746
0.09723	-0.115431
0.15187	-0.115214
0.19514	-0.114977
0.20239	-0.11478
0.20627	-0.114523
0.23325	-0.114346
0.33167	-0.11407
0.35124	-0.113912
0.38966	-0.113655
0.4391	-0.113202
0.41498	-0.112807
0.50343	-0.112472
0.6494	-0.112196
0.64972	-0.112196
0.65021	-0.112314
0.59779	-0.112334
0.60199	-0.112334
0.59845	-0.112334
0.59911	-0.112334
0.59706	-0.112314
0.5909	-0.112314
0.58931	-0.112314
0.58829	-0.112294
0.578	-0.112275
0.5524	-0.111801
0.63574	-0.111328
0.52007	-0.111032
0.49336	-0.110736
0.51242	-0.110559
0.53139	-0.110342
0.53389	-0.110125
0.50342	-0.109908
0.36977	-0.109493
0.24426	-0.10902
0.127	-0.108547
0.05621	-0.108251
0.05807	-0.108231
0.07176	-0.108073
0.08389	-0.108014
0.09882	-0.107935
0.14272	-0.107797
0.15648	-0.107777
0.15797	-0.107777
0.15594	-0.107777
0.14517	-0.107817
0.14151	-0.107817
0.13904	-0.107817
0.14198	-0.107817
0.14633	-0.107817
0.15288	-0.107797
0.15131	-0.107777
0.1508	-0.107777
0.16121	-0.107777
0.23677	-0.107482
0.24803	-0.107186
0.28969	-0.106929
0.30649	-0.106693
0.46336	-0.106318
0.78009	-0.106042
0.97292	-0.105864
1.02986	-0.105765
1.05623	-0.10547
1.14545	-0.105095
1.69588	-0.10474
1.74326	-0.104365
1.68469	-0.10401
2.04469	-0.103675
2.11932	-0.103497
2.03908	-0.103379
1.79271	-0.10326
1.77336	-0.10326
1.79672	-0.10332
1.51649	-0.103339
1.44833	-0.103359
1.4453	-0.103359
1.44257	-0.103359
1.44382	-0.103359
1.44275	-0.103339
1.44145	-0.103339
1.44221	-0.103339
1.50575	-0.103063
1.1245	-0.10257
0.73109	-0.102314
0.58409	-0.101998
0.57346	-0.101663
0.40962	-0.101347
0.24873	-0.10111
0.13585	-0.100775
0.14529	-0.100519
0.22664	-0.100124
1.27397	-0.099493
1.6497	-0.099177
2.97206	-0.099039
4.24829	-0.098881
4.30794	-0.098881
4.26845	-0.098881
4.13525	-0.098881
4.44225	-0.098901
4.32892	-0.098901
4.40913	-0.098901
4.4082	-0.098901
4.57932	-0.098901
4.69456	-0.098901
4.80565	-0.098901
4.78513	-0.098881
4.70595	-0.098881
5.2522	-0.098783
5.87276	-0.098586
5.83569	-0.098211
10.26062	-0.097797
12.98766	-0.097461
13.17343	-0.097284
13.21284	-0.097185
13.30539	-0.097106
13.48297	-0.097027
13.64417	-0.096929
12.84875	-0.096613
15.23265	-0.096337
22.87186	-0.095863
20.91183	-0.095449
28.83293	-0.095193
31.211	-0.095114
31.47777	-0.095094
31.53372	-0.095094
31.19052	-0.095094
30.99826	-0.095114
30.99464	-0.095114
31.11346	-0.095114
31.17546	-0.095114
31.39859	-0.095114
31.49835	-0.095114
31.51459	-0.095114
31.53525	-0.095094
31.59679	-0.095094
31.5663	-0.095094
28.24895	-0.094641
27.65222	-0.094266
32.60742	-0.094009
37.84201	-0.093753
36.81165	-0.093615
35.09991	-0.093496
29.58804	-0.09324
33.55788	-0.092885
37.94987	-0.092451
33.55093	-0.092175
27.55168	-0.091918
29.43045	-0.091583
32.97237	-0.091268
32.13745	-0.091149
31.93137	-0.091149
32.02425	-0.091169
32.31529	-0.091169
32.65424	-0.091169
32.61511	-0.091169
32.52585	-0.091169
32.36555	-0.091169
31.97945	-0.091169
32.01181	-0.091169
32.19572	-0.091169
32.44182	-0.091169
32.46497	-0.091149
23.87802	-0.090774
23.16275	-0.090696
21.22385	-0.090439
22.73735	-0.090104
19.08124	-0.089551
13.57901	-0.089078
11.91737	-0.088743
7.02652	-0.088329
6.05347	-0.088131
6.00298	-0.088072
6.00676	-0.088033
6.00914	-0.088033
6.01848	-0.088033
6.01868	-0.088052
6.00812	-0.088052
6.00536	-0.088052
5.99107	-0.088052
5.99089	-0.088052
6.00168	-0.088052
6.01834	-0.088052
6.02588	-0.088052
6.0425	-0.088052
6.05147	-0.088052
6.0423	-0.088052
4.85652	-0.08752
3.43413	-0.087283
1.82362	-0.086869
1.408	-0.086415
0.72386	-0.086119
0.31133	-0.085902
0.23898	-0.085725
0.20743	-0.085449
0.35379	-0.085094
0.71556	-0.084699
0.79225	-0.084364
0.87357	-0.084147
0.91446	-0.084127
0.92316	-0.084107
0.9104	-0.084127
0.89069	-0.084127
0.89165	-0.084147
0.90234	-0.084147
0.9267	-0.084147
0.94496	-0.084147
0.97435	-0.084127
0.9778	-0.084127
0.94496	-0.084127
0.94687	-0.084127
1.23308	-0.083792
1.66957	-0.083318
1.7742	-0.082884
2.06087	-0.082549
1.92682	-0.082332
1.69162	-0.082135
1.49983	-0.081898
1.58377	-0.081583
1.58252	-0.081188
1.0717	-0.080951
1.04265	-0.080754
1.00175	-0.080537
0.97166	-0.080517
0.95229	-0.080498
0.95204	-0.080498
0.96332	-0.080498
0.96745	-0.080498
0.97845	-0.080498
0.96518	-0.080557
0.93787	-0.080557
0.92227	-0.080557
0.87958	-0.080577
0.8821	-0.080577
0.88379	-0.080577
0.88416	-0.080577
0.88148	-0.080577
0.8896	-0.08036
0.61375	-0.07963
0.23819	-0.0789
0.08905	-0.078466
0.07901	-0.078249
0.08006	-0.078131
0.07974	-0.078091
0.08102	-0.077973
0.08011	-0.077835
0.07997	-0.077795
0.08722	-0.077539
0.12598	-0.077204
0.15828	-0.076947
0.16574	-0.07673
0.17062	-0.076533
0.20268	-0.076316
0.21236	-0.076296
0.20891	-0.076316
0.20723	-0.076375
0.31081	-0.076415
0.32207	-0.076415
0.32509	-0.076415
0.32765	-0.076415
0.33356	-0.076395
0.33018	-0.076395
0.3255	-0.076395
0.32597	-0.076395
0.33646	-0.076336
0.37854	-0.075882
0.37956	-0.075527
0.46492	-0.075192
0.55582	-0.074876
0.55498	-0.074521
0.51428	-0.074304
0.51433	-0.074087
0.59239	-0.073811
0.59137	-0.073476
0.44919	-0.07314
0.4583	-0.072825
0.36545	-0.072549
0.23218	-0.072253
0.21057	-0.072154
0.20924	-0.072154
0.21165	-0.072154
0.21465	-0.072154
0.21638	-0.072154
0.21782	-0.072154
0.22038	-0.072154
0.22203	-0.072154
0.214	-0.072154
0.20816	-0.072154
0.21042	-0.072154
0.21007	-0.072154
0.20897	-0.072154
0.20683	-0.072154
0.18629	-0.071779
0.07904	-0.071148
0.05791	-0.070872
0.05234	-0.070596
0.05112	-0.0703
0.06802	-0.069925
0.09312	-0.069531
0.09885	-0.069294
0.13339	-0.069057
0.17706	-0.068801
0.18869	-0.068663
0.18445	-0.068387
0.18874	-0.068189
0.19118	-0.06817
0.19084	-0.068189
0.18755	-0.068189
0.18777	-0.068189
0.18729	-0.068189
0.18968	-0.068189
0.19025	-0.068189
0.19031	-0.068189
0.1889	-0.068189
0.18953	-0.06817
0.19112	-0.06817
0.24898	-0.067736
0.2697	-0.067519
0.2662	-0.067262
0.24944	-0.067026
0.23851	-0.066848
0.25543	-0.06667
0.28819	-0.066454
0.29282	-0.066335
0.24867	-0.066059
0.2341	-0.065645
0.24567	-0.06525
0.19806	-0.064915
0.15628	-0.064639
0.14738	-0.064481
0.14708	-0.064481
0.14661	-0.064481
0.14577	-0.06452
0.14542	-0.06452
0.14551	-0.06452
0.14668	-0.06452
0.14702	-0.06452
0.14703	-0.06452
0.14706	-0.06452
0.14708	-0.064481
0.14728	-0.064481
0.14772	-0.064481
0.14656	-0.064165
0.10373	-0.063692
0.06818	-0.063337
0.06055	-0.062923
0.06012	-0.062666
0.06404	-0.06239
0.06824	-0.062114
0.06773	-0.062015
0.06853	-0.06172
0.08711	-0.061384
0.10837	-0.061128
0.11372	-0.060931
0.1125	-0.060714
0.11845	-0.060418
0.14674	-0.060102
0.16377	-0.059865
0.16399	-0.059767
0.16391	-0.059786
0.16464	-0.059826
0.16447	-0.059826
0.16379	-0.059826
0.16347	-0.059826
0.16304	-0.059826
0.16295	-0.059826
0.16293	-0.059786
0.16275	-0.059786
0.16292	-0.059767
0.16238	-0.059589
0.17996	-0.058879
0.18449	-0.058465
0.17363	-0.05813
0.18127	-0.057893
0.18597	-0.057735
0.1859	-0.057676
0.18251	-0.057538
0.17355	-0.05736
0.14967	-0.057124
0.11552	-0.056788
0.10582	-0.056394
0.06717	-0.055999
0.06001	-0.05592
0.06027	-0.05592
0.06042	-0.05592
0.06142	-0.055999
0.06055	-0.055999
0.06114	-0.055999
0.05989	-0.055999
0.05856	-0.055999
0.0584	-0.05594
0.05884	-0.05592
0.05878	-0.05592
0.05702	-0.05592
0.04477	-0.055329
0.04527	-0.054875
0.04735	-0.054421
0.05302	-0.054027
0.06503	-0.05377
0.07811	-0.053573
0.08778	-0.053356
0.09212	-0.053119
0.09897	-0.052863
0.1194	-0.052587
0.14261	-0.052291
0.14648	-0.051936
0.14737	-0.051739
0.14838	-0.051719
0.14882	-0.051719
0.14822	-0.051719
0.14818	-0.051758
0.14807	-0.051778
0.14815	-0.051778
0.14822	-0.051778
0.14812	-0.051778
0.14821	-0.051719
0.14854	-0.051719
0.14909	-0.051719
0.14854	-0.051699
0.1635	-0.051285
0.15059	-0.05095
0.11916	-0.050634
0.11418	-0.050299
0.11577	-0.050062
0.10526	-0.049845
0.08748	-0.049648
0.06984	-0.049372
0.06593	-0.049135
0.06639	-0.048977
0.06418	-0.04876
0.05736	-0.048543
0.0448	-0.04807
0.04248	-0.047813
0.04288	-0.047616
0.04317	-0.047596
0.04297	-0.047616
0.04305	-0.047715
0.04298	-0.047715
0.04329	-0.047715
0.0435	-0.047715
0.04344	-0.047656
0.04317	-0.047636
0.04295	-0.047636
0.04346	-0.047636
0.04369	-0.047458
0.04362	-0.047024
0.04507	-0.04659
0.05112	-0.046078
0.06219	-0.045742
0.06401	-0.045525
0.067	-0.045249
0.07297	-0.044973
0.07834	-0.044697
0.08105	-0.04448
0.08253	-0.044263
0.08371	-0.043947
0.08502	-0.043711
0.08597	-0.043671
0.08592	-0.043671
0.09145	-0.043809
0.093	-0.043829
0.09337	-0.043809
0.09375	-0.043809
0.09369	-0.043809
0.09439	-0.04377
0.09419	-0.04377
0.09427	-0.04377
0.09398	-0.04377
0.10052	-0.043395
0.10735	-0.042764
0.1069	-0.04229
0.0827	-0.041935
0.07268	-0.041659
0.07269	-0.041383
0.06349	-0.041028
0.04474	-0.040614
0.04117	-0.040239
0.03975	-0.039864
0.03903	-0.039588
0.03954	-0.039509
0.03941	-0.039509
0.03947	-0.039529
0.03937	-0.039529
0.03897	-0.039529
0.03926	-0.039529
0.03926	-0.039529
0.03941	-0.039509
0.03938	-0.039509
0.03954	-0.039509
0.03903	-0.039509
0.03893	-0.039509
0.04123	-0.039036
0.04527	-0.038582
0.05577	-0.038148
0.06067	-0.037951
0.06252	-0.037734
0.06505	-0.037438
0.0685	-0.037103
0.06596	-0.036767
0.06853	-0.036452
0.07082	-0.036195
0.0697	-0.036018
0.06787	-0.035821
0.0679	-0.035623
0.06935	-0.035525
0.06981	-0.035525
0.06931	-0.035525
0.06961	-0.035584
0.07033	-0.035564
0.07079	-0.035564
0.07132	-0.035564
0.07133	-0.035564
0.07147	-0.035525
0.07117	-0.035525
0.07129	-0.035525
0.07248	-0.035347
0.07851	-0.035071
0.07852	-0.034992
0.07896	-0.034815
0.07837	-0.034617
0.07715	-0.03446
0.07124	-0.034045
0.06381	-0.03371
0.06505	-0.033335
0.04562	-0.032783
0.04007	-0.032428
0.03842	-0.032073
0.03775	-0.031797
0.03868	-0.031599
0.03859	-0.03154
0.03845	-0.03154
0.0388	-0.031599
0.0387	-0.031599
0.03879	-0.031599
0.03882	-0.031599
0.03882	-0.031599
0.03859	-0.03156
0.0387	-0.03156
0.03905	-0.03156
0.03851	-0.03154
0.03857	-0.031461
0.04076	-0.03087
0.04912	-0.030337
0.05371	-0.029883
0.05327	-0.029627
0.05278	-0.029469
0.05334	-0.029311
0.056	-0.029094
0.06062	-0.028798
0.0607	-0.028601
0.06056	-0.028424
0.06024	-0.028088
0.06375	-0.027654
0.07019	-0.027359
0.07455	-0.027181
0.07492	-0.027142
0.07428	-0.027161
0.07231	-0.02726
0.07176	-0.02728
0.07201	-0.02728
0.07211	-0.02728
0.07152	-0.02728
0.07072	-0.02726
0.07089	-0.02726
0.07112	-0.02726
0.06772	-0.027142
0.05392	-0.026688
0.05244	-0.026234
0.04425	-0.025781
0.03979	-0.025603
0.03839	-0.025426
0.03824	-0.025287
0.0379	-0.025149
0.03807	-0.024952
0.03801	-0.024617
0.03716	-0.024183
0.03639	-0.023552
0.03708	-0.023335
0.03766	-0.023137
0.0388	-0.023019
0.03899	-0.022999
0.03891	-0.022999
0.039	-0.022999
0.03857	-0.022999
0.03874	-0.023019
0.03911	-0.023019
0.03918	-0.023019
0.03917	-0.022999
0.03932	-0.022999
0.03896	-0.022999
0.03947	-0.02298
0.04327	-0.022486
0.04311	-0.022033
0.04532	-0.021717
0.0529	-0.021382
0.06023	-0.021047
0.056	-0.020593
0.05164	-0.020238
0.05623	-0.020021
0.05824	-0.019843
0.05795	-0.019784
0.05666	-0.019666
0.05441	-0.019587
0.04892	-0.019449
0.04388	-0.019173
0.04491	-0.019015
0.04666	-0.018857
0.04762	-0.018837
0.04759	-0.018837
0.04726	-0.018837
0.04744	-0.018857
0.04745	-0.018857
0.04782	-0.018857
0.04811	-0.018857
0.04782	-0.018837
0.04799	-0.018837
0.04787	-0.018837
0.05003	-0.01866
0.04402	-0.01795
0.04059	-0.01724
0.03687	-0.016589
0.03639	-0.016411
0.03632	-0.016214
0.03642	-0.016017
0.03671	-0.015859
0.03786	-0.015543
0.03891	-0.015208
0.04311	-0.014892
0.04475	-0.014596
0.04318	-0.01436
0.04257	-0.014202
0.04231	-0.014182
0.04208	-0.014182
0.04205	-0.014182
0.04253	-0.014202
0.04228	-0.014202
0.04182	-0.014202
0.0424	-0.014202
0.04224	-0.014202
0.04181	-0.014182
0.0419	-0.014182
0.0417	-0.013985
0.04948	-0.013354
0.04715	-0.012959
0.04645	-0.012446
0.05573	-0.012151
0.0582	-0.011894
0.05554	-0.011657
0.04916	-0.011381
0.04462	-0.010868
0.04012	-0.010277
0.0387	-0.009961
0.03912	-0.009843
0.03925	-0.009784
0.03926	-0.009784
0.03911	-0.009803
0.03914	-0.009803
0.03944	-0.009803
0.039	-0.009803
0.03969	-0.009803
0.03926	-0.009803
0.03908	-0.009803
0.03954	-0.009803
0.03909	-0.009803
0.03938	-0.009784
0.03975	-0.009784
0.03938	-0.009784
0.03975	-0.009488
0.0387	-0.009152
0.03761	-0.008797
0.03677	-0.008561
0.0365	-0.008304
0.03656	-0.007949
0.0377	-0.007397
0.04158	-0.007121
0.04161	-0.006983
0.04231	-0.006825
0.04179	-0.006667
0.03938	-0.006411
0.03911	-0.006134
0.04245	-0.005898
0.04504	-0.005641
0.04588	-0.005484
0.04564	-0.005484
0.0457	-0.005503
0.04559	-0.005503
0.04561	-0.005503
0.04547	-0.005503
0.04547	-0.005503
0.04552	-0.005503
0.04546	-0.005503
0.04552	-0.005503
0.04587	-0.005484
0.04497	-0.005405
0.04169	-0.005207
0.04033	-0.005109
0.03961	-0.004971
0.04634	-0.004616
0.05119	-0.004261
0.04475	-0.003925
0.04207	-0.003432
0.04459	-0.003274
0.04463	-0.003176
0.04292	-0.003038
0.03958	-0.002801
0.03761	-0.002545
0.03783	-0.002328
0.03824	-0.002111
0.03854	-0.002012
0.03873	-0.002012
0.03856	-0.002032
0.03845	-0.002032
0.03848	-0.002032
0.03853	-0.002032
0.0387	-0.002032
0.03847	-0.002032
0.03816	-0.002032
0.03856	-0.002032
0.03865	-0.002012
0.03903	-0.001696
0.03749	-0.001045
0.03656	-0.0002367
0.03708	0.00011835
0.03708	0.00011835
0.0369	0.00011835
0.03667	0.00011835
0.03699	0.00011835
0.03696	0.00011835
0.03741	0.00011835
0.03726	0.000138075
0.0368	0.000138075
0.03738	0.0001578
0.03697	0.000177525
0.0372	0.000177525
0.03693	0.00019725
0.03694	0.00019725
0.03729	0.00019725
0.037	0.000177525
0.03719	0.000177525
0.03708	0.000177525
0.03709	0.000177525
0.03719	0.0001578
0.03664	0.00011835
0.03714	9.8625e-05
0.03743	9.8625e-05
0.0369	9.8625e-05
0.03694	9.8625e-05
0.03693	9.8625e-05
0.03696	9.8625e-05
0.03694	9.8625e-05
0.0368	9.8625e-05
0.03702	9.8625e-05
0.0369	9.8625e-05
0.03665	9.8625e-05
0.03662	9.8625e-05
0.03671	9.8625e-05
0.03639	9.8625e-05
0.03693	9.8625e-05
0.03642	9.8625e-05
0.0369	9.8625e-05
0.03603	9.8625e-05
0.03601	9.8625e-05
