Light Intensity (% of scale max) Alessio_0.02_1.0_candela	Position (m) Alessio_0.02_1.0_candela
0.99243	0.0
0.96397	0.0
0.96474	0.0
1.00224	0.0
1.04181	0.0
1.09593	0.0
1.08401	0.0
1.03502	0.0
0.99384	0.0
0.96611	0.0
0.97298	0.0
1.00797	0.0
1.04135	0.0
1.09979	0.0
1.08112	0.0
1.03403	0.0
1.00018	0.0
0.97052	0.0
0.97733	0.0
1.01105	0.0
1.04703	0.0
1.10881	0.0
1.08403	0.0
1.03435	0.0
1.00804	0.0
0.97093	0.0
0.99911	0.0
1.02756	-1.9725e-05
1.06888	-1.9725e-05
1.11258	-1.9725e-05
1.06984	-1.9725e-05
1.02815	-1.9725e-05
0.98126	-1.9725e-05
0.96104	-1.9725e-05
1.00237	-1.9725e-05
1.03333	-3.945e-05
1.08975	-3.945e-05
1.10722	-3.945e-05
1.05891	-3.945e-05
1.02118	-3.945e-05
0.98132	-3.945e-05
0.972	-3.945e-05
1.00792	-3.945e-05
1.03908	-3.945e-05
1.10335	-5.9175e-05
1.09863	-5.9175e-05
1.04683	-0.0003156
1.01123	-0.00043395
0.97646	-0.00043395
0.97392	-0.00043395
1.00575	-0.000690375
1.03697	-0.000848175
1.0985	-0.000887625
1.08615	-0.001065
1.04181	-0.001361
0.99232	-0.001953
0.96191	-0.002209
0.97342	-0.002229
1.00774	-0.002229
1.03897	-0.002485
1.10657	-0.002702
1.07584	-0.002702
1.02942	-0.002702
0.99152	-0.002702
0.96805	-0.002702
0.97781	-0.002702
1.02435	-0.002683
1.04707	-0.002683
1.09109	-0.002683
1.0596	-0.002683
1.0087	-0.002683
0.98106	-0.002683
0.96263	-0.002702
0.97258	-0.002702
1.00179	-0.002761
1.04483	-0.00361
1.10191	-0.004261
1.06053	-0.004261
1.0202	-0.004261
0.97108	-0.004399
0.95395	-0.004714
0.98767	-0.004892
1.0186	-0.004931
1.06953	-0.005089
1.09529	-0.005405
1.05608	-0.005799
1.01973	-0.005996
0.97522	-0.005977
0.96385	-0.005977
0.99843	-0.005977
1.03362	-0.005977
1.08452	-0.005977
1.09952	-0.005977
1.04922	-0.005977
1.00819	-0.005977
0.97093	-0.005977
0.96651	-0.005977
1.00414	-0.005977
1.03294	-0.006016
1.09462	-0.006312
1.11684	-0.006884
1.07364	-0.007101
1.0437	-0.007101
1.00331	-0.00718
1.00363	-0.007555
1.0349	-0.007752
1.06042	-0.00789
1.12454	-0.008166
1.10637	-0.008344
1.06752	-0.008699
1.04517	-0.009093
1.03021	-0.00935
1.05507	-0.009389
1.08714	-0.009369
1.11983	-0.009369
1.17368	-0.009369
1.14384	-0.009369
1.09454	-0.009369
1.0779	-0.009369
1.03035	-0.009369
1.06456	-0.009369
1.09006	-0.009369
1.13248	-0.009369
1.17384	-0.009369
1.13062	-0.009389
1.08928	-0.009468
1.06514	-0.009626
1.04848	-0.009646
1.07996	-0.009665
1.10822	-0.009902
1.13747	-0.010632
1.15576	-0.010829
1.10794	-0.010928
1.06601	-0.011204
1.03683	-0.011381
1.04347	-0.011559
1.0912	-0.011776
1.14839	-0.01221
1.22041	-0.012368
1.23044	-0.012427
1.18916	-0.012723
1.13715	-0.013058
1.10077	-0.013097
1.11786	-0.013097
1.1515	-0.013097
1.16991	-0.013097
1.22086	-0.013097
1.22278	-0.013097
1.19064	-0.013097
1.15025	-0.013097
1.11913	-0.013097
1.14621	-0.013097
1.16843	-0.013097
1.17688	-0.013097
1.24042	-0.013097
1.23929	-0.013295
1.18547	-0.013689
1.13641	-0.013926
1.09828	-0.013926
1.11476	-0.014084
1.15434	-0.014399
1.17978	-0.014636
1.27554	-0.014912
1.29028	-0.015149
1.26025	-0.015484
1.23195	-0.015721
1.19948	-0.015741
1.22099	-0.015938
1.22093	-0.016234
1.20874	-0.016589
1.28238	-0.016589
1.25473	-0.016589
1.20576	-0.016589
1.17128	-0.016589
1.16107	-0.016589
1.18015	-0.016589
1.19801	-0.016589
1.21007	-0.016589
1.27737	-0.016589
1.25174	-0.016589
1.20885	-0.016589
1.16853	-0.016608
1.15158	-0.016628
1.16096	-0.017161
1.18526	-0.017338
1.19624	-0.017417
1.28625	-0.017733
1.27902	-0.017891
1.2478	-0.018088
1.23692	-0.018541
1.22928	-0.01866
1.23071	-0.019133
1.20988	-0.019626
1.22717	-0.019725
1.26685	-0.020119
1.22606	-0.020435
1.17827	-0.020455
1.1445	-0.020475
1.1369	-0.020475
1.16417	-0.020475
1.17821	-0.020475
1.21005	-0.020475
1.24924	-0.020475
1.22417	-0.020475
1.17653	-0.020475
1.13702	-0.020475
1.12895	-0.020475
1.15366	-0.020475
1.16861	-0.020475
1.20935	-0.020652
1.29933	-0.021421
1.27083	-0.02152
1.23026	-0.021658
1.19128	-0.02223
1.17557	-0.022329
1.17036	-0.022585
1.15152	-0.023039
1.19875	-0.023098
1.21886	-0.023354
1.16815	-0.02365
1.12135	-0.023788
1.09358	-0.024124
1.09604	-0.0244
1.13315	-0.02442
1.15906	-0.02442
1.21907	-0.0244
1.22453	-0.0244
1.17647	-0.0244
1.1319	-0.0244
1.09961	-0.0244
1.10657	-0.0244
1.13278	-0.0244
1.15332	-0.0244
1.2225	-0.0244
1.20407	-0.02442
1.15883	-0.024656
1.12177	-0.025603
1.08618	-0.025682
1.09816	-0.025702
1.11902	-0.025741
1.1246	-0.025998
1.17029	-0.026293
1.13576	-0.026432
1.08321	-0.026629
1.03189	-0.026984
1.00404	-0.027102
1.00624	-0.027398
1.03748	-0.027654
1.07484	-0.027753
1.1331	-0.027911
1.09732	-0.027911
1.05298	-0.027911
1.01799	-0.027891
0.97997	-0.027891
1.02815	-0.027891
1.04735	-0.027891
1.07904	-0.027891
1.12854	-0.027891
1.09442	-0.027891
1.04659	-0.027911
1.01276	-0.027911
0.97778	-0.028167
1.00116	-0.028838
1.0226	-0.028917
1.05933	-0.029075
1.08743	-0.029173
1.03363	-0.02941
0.97339	-0.029627
0.93999	-0.029943
0.9073	-0.030219
0.92934	-0.030475
0.95555	-0.030949
1.00427	-0.031323
1.03284	-0.031521
0.99767	-0.031757
0.96114	-0.032033
0.9292	-0.032132
0.89792	-0.032132
0.92538	-0.032132
0.95522	-0.032073
0.99312	-0.032073
1.02859	-0.032073
0.99649	-0.032073
0.95375	-0.032073
0.92172	-0.032073
0.88669	-0.032132
0.89409	-0.032132
0.92154	-0.03229
0.95476	-0.032901
1.00374	-0.03298
0.98878	-0.033237
0.94958	-0.033493
0.92258	-0.033592
0.88567	-0.034105
0.89388	-0.03446
0.93494	-0.034834
0.97778	-0.035189
1.04764	-0.035426
1.04797	-0.035623
1.01489	-0.035801
0.99599	-0.036097
0.97852	-0.036116
0.97307	-0.036097
1.00696	-0.036057
1.02875	-0.036057
1.07489	-0.036057
1.08434	-0.036057
1.04768	-0.036057
1.00812	-0.036057
0.98091	-0.036057
0.98274	-0.036057
1.01082	-0.036057
1.04318	-0.036097
1.10435	-0.036116
1.08444	-0.036176
1.0657	-0.03659
1.06277	-0.036925
1.03551	-0.037044
1.05688	-0.037438
1.08702	-0.037872
1.11787	-0.03803
1.18605	-0.038483
1.1736	-0.038779
1.15164	-0.039115
1.15417	-0.03947
1.14339	-0.039529
1.24971	-0.039864
1.27344	-0.039963
1.3273	-0.039963
1.37721	-0.039943
1.3391	-0.039923
1.27664	-0.039923
1.25558	-0.039923
1.24086	-0.039923
1.28809	-0.039923
1.29884	-0.039923
1.36868	-0.039923
1.37495	-0.039923
1.3334	-0.039943
1.28867	-0.039963
1.25275	-0.039963
1.28749	-0.040002
1.38799	-0.040357
1.48476	-0.040614
1.56801	-0.040693
1.59288	-0.040949
1.57077	-0.041166
1.52689	-0.041324
1.51227	-0.0416
1.52814	-0.041896
1.52878	-0.04233
1.57364	-0.042547
1.57616	-0.042882
1.53424	-0.043296
1.50549	-0.043573
1.48151	-0.04379
1.54865	-0.043829
1.57298	-0.043829
1.59415	-0.043829
1.65074	-0.04379
1.6091	-0.04379
1.58487	-0.04379
1.52959	-0.04379
1.51822	-0.04379
1.57693	-0.04379
1.60995	-0.043829
1.64629	-0.043829
1.67429	-0.043849
1.63995	-0.043849
1.59705	-0.043967
1.64903	-0.044283
1.7596	-0.04446
1.92039	-0.044756
2.09331	-0.045091
2.24904	-0.045308
2.39635	-0.045624
2.3806	-0.045782
2.35326	-0.046157
2.32428	-0.046433
2.32724	-0.046669
2.30452	-0.046886
2.31529	-0.047103
2.22105	-0.047281
2.1156	-0.047518
2.00124	-0.047833
1.9724	-0.047932
2.0386	-0.047932
2.05902	-0.047932
2.10928	-0.047853
2.08987	-0.047853
2.05016	-0.047853
2.0034	-0.047853
1.96356	-0.047853
2.05701	-0.047853
2.1058	-0.047932
2.15733	-0.047932
2.15977	-0.047932
2.10345	-0.048011
2.00679	-0.048385
1.97478	-0.048504
2.01154	-0.048721
2.09991	-0.049017
2.17216	-0.049293
2.31137	-0.049648
2.39702	-0.049963
2.41304	-0.050161
2.49789	-0.050397
2.6806	-0.050555
2.80354	-0.050733
2.92781	-0.050851
2.98969	-0.051088
2.92316	-0.051522
2.85912	-0.05166
2.83084	-0.05166
2.89287	-0.05164
2.94208	-0.051601
2.93781	-0.051601
3.04317	-0.051601
2.88969	-0.051601
2.82248	-0.051601
2.85019	-0.051601
2.8936	-0.051601
3.01184	-0.05166
3.04008	-0.05166
2.99054	-0.05168
2.71547	-0.052252
2.35332	-0.052863
2.35217	-0.052981
2.3172	-0.053297
2.33704	-0.053474
2.24425	-0.053731
2.09828	-0.054125
2.04379	-0.054244
2.0014	-0.054461
2.04761	-0.054638
2.07332	-0.054776
2.11494	-0.054993
2.13649	-0.05521
2.08882	-0.055368
2.05269	-0.055388
2.01088	-0.055388
2.03793	-0.055388
2.07155	-0.055309
2.11096	-0.055309
2.14449	-0.055309
2.10544	-0.055309
2.07243	-0.055309
2.00591	-0.055309
2.04831	-0.055388
2.10355	-0.055388
2.14449	-0.055388
2.18982	-0.055388
2.16811	-0.055664
2.17378	-0.056098
2.15338	-0.056177
2.16528	-0.056394
2.25601	-0.056591
2.27794	-0.05665
2.34949	-0.057163
2.27379	-0.057676
2.1216	-0.058169
1.99379	-0.058406
1.98218	-0.058485
1.9079	-0.058781
1.9382	-0.058859
1.98094	-0.058859
1.97574	-0.058859
1.92134	-0.058859
1.86362	-0.05882
1.82576	-0.0588
1.88513	-0.0588
1.91151	-0.0588
1.95067	-0.0588
1.97647	-0.0588
1.92886	-0.0588
1.86813	-0.058859
1.83894	-0.058859
1.85274	-0.058859
1.77734	-0.059136
1.66281	-0.05957
1.67004	-0.059767
1.65575	-0.059786
1.58575	-0.059846
1.45992	-0.060201
1.3502	-0.060575
1.33151	-0.060792
1.26381	-0.061266
1.28259	-0.061581
1.3036	-0.061759
1.23819	-0.061976
1.1949	-0.061976
1.15892	-0.061976
1.14328	-0.061976
1.16838	-0.061976
1.19545	-0.061976
1.23837	-0.061956
1.26248	-0.061956
1.21602	-0.061956
1.17625	-0.061956
1.13654	-0.061956
1.12018	-0.061976
1.14693	-0.061976
1.18336	-0.061976
1.22893	-0.061976
1.26962	-0.061976
1.22723	-0.062055
1.14799	-0.06243
1.08171	-0.062864
1.05504	-0.063081
1.05994	-0.063376
1.07956	-0.063515
1.12088	-0.06385
1.12494	-0.064304
1.07899	-0.064422
1.04771	-0.064678
1.02969	-0.064836
1.02223	-0.064895
1.09402	-0.065191
1.13112	-0.065329
1.19705	-0.065349
1.19302	-0.065329
1.1535	-0.065329
1.11522	-0.065329
1.08484	-0.065329
1.07384	-0.065329
1.12222	-0.065329
1.13823	-0.065329
1.20897	-0.065329
1.19281	-0.065329
1.151	-0.065329
1.1147	-0.065329
1.08377	-0.065329
1.07591	-0.065349
1.2027	-0.065704
1.29842	-0.066217
1.38324	-0.066296
1.43497	-0.06669
1.46605	-0.067006
1.44017	-0.067085
1.49455	-0.06746
1.58128	-0.067617
1.7059	-0.067834
1.81873	-0.06811
1.87558	-0.06817
1.89104	-0.068347
1.84013	-0.068347
1.79773	-0.068347
1.78745	-0.068347
1.84467	-0.068347
1.86967	-0.068347
1.92326	-0.068347
1.91743	-0.068347
1.85745	-0.068347
1.80304	-0.068347
1.76448	-0.068347
1.79959	-0.068347
1.84773	-0.068347
1.8911	-0.068347
1.91882	-0.068347
1.87505	-0.068347
1.84038	-0.068446
1.91348	-0.068899
2.01617	-0.069156
2.131	-0.069195
2.2683	-0.069511
2.37492	-0.069669
2.37581	-0.069728
2.4207	-0.069984
2.48962	-0.0703
2.60114	-0.070438
2.81517	-0.070616
3.00879	-0.070852
3.14514	-0.07101
3.22939	-0.071227
3.25899	-0.071306
3.2417	-0.071326
3.31714	-0.071326
3.3873	-0.071326
3.40303	-0.071326
3.33859	-0.071326
3.2773	-0.071306
3.23541	-0.071306
3.29469	-0.071306
3.35832	-0.071306
3.40517	-0.071306
3.35272	-0.071306
3.29379	-0.071326
3.263	-0.071326
3.58307	-0.071562
3.81465	-0.071819
3.85703	-0.071838
3.87967	-0.071977
4.14333	-0.072312
4.43927	-0.072529
4.88429	-0.072706
5.45967	-0.073081
5.914	-0.073397
6.19064	-0.073614
6.42708	-0.073811
7.05728	-0.073969
7.56575	-0.074186
7.65457	-0.074205
7.8392	-0.074344
8.05721	-0.074403
8.16367	-0.074403
8.20688	-0.074383
8.11636	-0.074383
8.06697	-0.074383
8.07016	-0.074383
8.12978	-0.074383
8.10741	-0.074383
7.9389	-0.074383
7.90311	-0.074383
8.0587	-0.074383
8.14198	-0.074403
8.20062	-0.074482
9.45857	-0.075172
10.5423	-0.075409
11.25476	-0.075566
12.18854	-0.075862
12.48891	-0.076
13.47723	-0.076316
14.31152	-0.076395
15.44818	-0.076671
16.98279	-0.077144
17.17505	-0.077223
17.80177	-0.077263
18.33229	-0.077342
18.20526	-0.077342
17.86877	-0.077342
18.04054	-0.077342
18.18159	-0.077342
18.17757	-0.077342
18.00507	-0.077342
18.1839	-0.077342
18.38089	-0.077342
18.24571	-0.077342
18.14684	-0.077342
18.20692	-0.077342
18.30389	-0.077342
18.23888	-0.077381
18.97223	-0.077953
20.1353	-0.078367
20.88754	-0.078427
21.47253	-0.078525
21.7037	-0.078762
22.32956	-0.079097
22.72067	-0.079275
23.2561	-0.079531
23.4464	-0.079788
23.55388	-0.080005
24.18478	-0.08036
24.80019	-0.080379
24.97768	-0.080419
24.86069	-0.080419
24.77544	-0.080399
25.10114	-0.080399
25.05588	-0.080399
25.19257	-0.080399
25.29106	-0.080399
25.34909	-0.080399
25.04442	-0.080399
24.99866	-0.080399
25.72978	-0.080399
25.974	-0.080399
25.64423	-0.080399
25.46333	-0.080517
25.82124	-0.080873
26.21304	-0.081168
26.18294	-0.081326
26.93126	-0.081622
27.14993	-0.082036
27.34183	-0.082372
28.31599	-0.082786
28.76616	-0.082924
28.864	-0.083141
29.09726	-0.083259
29.33484	-0.083299
29.28999	-0.083575
29.50577	-0.083733
29.98727	-0.083752
30.12787	-0.083752
30.08409	-0.083733
30.36987	-0.083733
30.59526	-0.083733
30.23216	-0.083733
30.33762	-0.083733
30.78345	-0.083733
30.58211	-0.083733
30.3476	-0.083733
30.47012	-0.083733
30.68929	-0.083733
30.66617	-0.083733
30.37653	-0.083733
30.49988	-0.08395
31.2316	-0.084956
31.99309	-0.085291
32.7114	-0.085449
32.75731	-0.085883
32.51379	-0.08608
32.79187	-0.086356
33.8497	-0.086593
34.04346	-0.086731
34.24884	-0.086889
34.45564	-0.087046
35.3754	-0.087323
35.79253	-0.087323
35.86957	-0.087323
36.15706	-0.087323
36.39682	-0.087323
36.47101	-0.087323
36.07944	-0.087323
36.32498	-0.087323
36.52133	-0.087323
36.33351	-0.087323
36.27573	-0.087323
36.29828	-0.087323
35.91629	-0.087323
35.38528	-0.087362
36.44914	-0.087914
36.89981	-0.088309
37.11702	-0.088309
37.25996	-0.088329
37.15796	-0.088329
36.89395	-0.088467
37.12975	-0.088802
38.65877	-0.089177
39.21706	-0.089275
39.38936	-0.089532
39.78125	-0.089985
40.81277	-0.090104
41.24048	-0.090301
41.34013	-0.090577
41.73163	-0.090656
42.15335	-0.090656
41.97191	-0.090636
41.92484	-0.090636
42.25183	-0.090636
42.33731	-0.090636
42.2955	-0.090636
42.34644	-0.090636
42.22333	-0.090636
41.9187	-0.090636
41.90929	-0.090636
41.92018	-0.090636
42.0784	-0.090676
42.15797	-0.09113
43.36972	-0.091938
43.96855	-0.092116
44.52524	-0.092274
44.60074	-0.092668
44.75627	-0.092984
45.9006	-0.093122
46.26106	-0.093418
46.39626	-0.093674
46.94238	-0.093753
47.12976	-0.093753
46.99171	-0.093753
47.18781	-0.093733
47.51622	-0.093733
47.77306	-0.093733
48.30913	-0.093733
48.20053	-0.093733
47.93475	-0.093733
47.6761	-0.093733
47.63213	-0.093733
47.51637	-0.093733
47.69252	-0.093753
47.8748	-0.093753
47.84152	-0.093792
47.27565	-0.09395
47.46997	-0.094364
48.06418	-0.094483
48.49965	-0.09468
49.13213	-0.094877
49.86136	-0.095094
52.42955	-0.095765
53.4689	-0.096219
53.80722	-0.096337
54.33401	-0.096712
54.45116	-0.097086
55.04666	-0.097225
55.68349	-0.097225
55.26518	-0.097225
55.0351	-0.097225
55.33878	-0.097205
55.54483	-0.097205
55.18712	-0.097205
55.70673	-0.097205
55.50475	-0.097205
55.36613	-0.097205
55.60243	-0.097205
55.34805	-0.097205
55.26694	-0.097205
55.603	-0.097225
55.54047	-0.09756
56.57872	-0.098073
57.52443	-0.098132
57.76933	-0.098349
58.33231	-0.098743
59.14493	-0.098881
59.59877	-0.099217
60.39227	-0.09967
61.68825	-0.099789
62.0242	-0.100065
62.91061	-0.100381
64.32756	-0.100538
64.86183	-0.100558
64.69284	-0.100558
64.46727	-0.100558
64.40656	-0.100558
64.19423	-0.100558
64.41782	-0.100558
64.55148	-0.100558
64.35616	-0.100558
64.36813	-0.100558
64.11394	-0.100558
63.97827	-0.100558
63.68719	-0.100558
63.77013	-0.100558
63.80396	-0.100637
64.23607	-0.10113
64.39751	-0.101327
64.20396	-0.101406
63.55116	-0.101919
63.19301	-0.102274
62.46738	-0.102629
61.23224	-0.103122
58.84602	-0.103576
57.46927	-0.103911
55.45825	-0.104326
54.50578	-0.104404
54.13229	-0.104424
54.14586	-0.104424
54.45062	-0.104424
54.07851	-0.104424
53.77936	-0.104424
53.77057	-0.104424
53.88196	-0.104424
53.9386	-0.104424
53.94598	-0.104424
53.66045	-0.104424
53.48512	-0.104424
54.01071	-0.104424
54.06433	-0.104424
54.14658	-0.104582
48.07304	-0.105213
45.92812	-0.105489
44.29007	-0.105687
41.74496	-0.105904
40.82904	-0.106042
38.48848	-0.106377
37.01595	-0.106554
36.03391	-0.106712
34.44272	-0.106969
33.70784	-0.107087
32.27368	-0.107284
30.57814	-0.10758
29.73827	-0.107738
29.63531	-0.107758
29.98149	-0.107758
29.7699	-0.107758
29.48492	-0.107738
29.70084	-0.107738
29.84938	-0.107738
29.6951	-0.107738
29.67992	-0.107738
29.83771	-0.107738
29.61398	-0.107738
29.53911	-0.107758
30.04601	-0.107758
29.60539	-0.107876
26.92108	-0.108448
25.94104	-0.108704
25.49048	-0.108843
24.71863	-0.10904
24.00618	-0.109257
23.34744	-0.109572
22.42831	-0.109947
22.11807	-0.110085
21.83055	-0.110282
21.60623	-0.110519
21.53781	-0.110736
21.61534	-0.110756
21.47577	-0.110756
21.38681	-0.110736
21.36166	-0.110716
21.5316	-0.110716
21.32616	-0.110716
21.24791	-0.110716
21.32072	-0.110716
21.30881	-0.110716
21.25102	-0.110716
21.09116	-0.110756
21.14691	-0.110756
21.43001	-0.110756
21.34901	-0.110776
20.69968	-0.111348
20.43466	-0.11188
20.79759	-0.112058
21.00749	-0.112373
21.07094	-0.11263
21.16443	-0.112906
21.36722	-0.113202
21.64755	-0.113458
21.53853	-0.113813
21.48022	-0.113971
21.36697	-0.114109
21.14418	-0.114306
20.82693	-0.114504
20.45287	-0.114622
20.46336	-0.114622
20.59663	-0.114622
20.65567	-0.114583
20.5713	-0.114583
20.55428	-0.114583
20.62413	-0.114583
20.76787	-0.114583
20.68564	-0.114583
20.50211	-0.114602
20.59901	-0.114622
20.89183	-0.114622
20.83971	-0.114622
20.2551	-0.114819
18.17131	-0.115332
16.28346	-0.115608
14.62326	-0.115983
13.21284	-0.116259
12.35762	-0.116516
10.73358	-0.11689
10.03787	-0.116989
9.90489	-0.117028
9.12697	-0.117285
8.4223	-0.117462
7.87	-0.117719
7.34065	-0.117916
7.24016	-0.117936
7.14426	-0.117936
7.18469	-0.117916
7.32935	-0.117916
7.32571	-0.117916
7.19131	-0.117916
7.16878	-0.117916
7.32484	-0.117916
7.40793	-0.117916
7.32903	-0.117916
7.25804	-0.117936
7.31062	-0.117936
6.65932	-0.118251
5.59279	-0.118961
5.31523	-0.119198
5.2923	-0.119218
5.27911	-0.119257
5.08597	-0.119652
4.68318	-0.120184
4.53801	-0.12048
4.3423	-0.120776
4.14413	-0.121072
4.16435	-0.121151
4.11035	-0.121407
4.0134	-0.121782
3.85139	-0.12196
3.8058	-0.12196
3.7748	-0.12196
3.85506	-0.12196
3.96625	-0.12194
3.94405	-0.12192
3.85634	-0.12192
3.78267	-0.12192
3.80946	-0.12192
3.89728	-0.12192
3.95923	-0.12192
3.90356	-0.12192
3.80579	-0.12196
3.7653	-0.12196
3.78658	-0.122157
3.01591	-0.122906
2.88673	-0.123104
2.61349	-0.123321
2.10361	-0.123774
1.84911	-0.124051
1.60785	-0.124425
1.59746	-0.124484
1.61684	-0.124524
1.5714	-0.124721
1.44785	-0.124978
1.34306	-0.125135
1.31743	-0.125135
1.28778	-0.125135
1.31369	-0.125116
1.32788	-0.125057
1.3855	-0.125057
1.39825	-0.125057
1.34781	-0.125057
1.29118	-0.125057
1.24875	-0.125057
1.23506	-0.125057
1.25519	-0.125096
1.26167	-0.125135
1.31967	-0.125135
1.3136	-0.125155
1.16939	-0.12553
1.06343	-0.125865
1.004	-0.126062
0.97722	-0.126201
0.96187	-0.126378
0.97504	-0.126694
1.04169	-0.12699
1.04221	-0.127364
1.01996	-0.127759
1.00551	-0.128055
0.99606	-0.128114
1.02109	-0.128489
1.09071	-0.128706
1.12819	-0.128706
1.2045	-0.128706
1.20317	-0.128627
1.15498	-0.128627
1.1176	-0.128627
1.10057	-0.128627
1.08617	-0.128627
1.10602	-0.128627
1.1326	-0.128627
1.21262	-0.128627
1.19708	-0.128706
1.15482	-0.128706
1.15123	-0.12908
1.25412	-0.130007
1.28972	-0.130165
1.33797	-0.130441
1.36653	-0.130619
1.47328	-0.130737
1.47525	-0.131033
1.45856	-0.131349
1.46542	-0.131625
1.47977	-0.131881
1.58197	-0.132217
1.65848	-0.132315
1.77736	-0.132434
1.87273	-0.132611
1.87502	-0.13271
1.82913	-0.13273
1.78131	-0.13273
1.77426	-0.13267
1.82832	-0.13267
1.84471	-0.13267
1.93172	-0.13267
1.92445	-0.13267
1.87915	-0.13267
1.82404	-0.13267
1.79967	-0.13267
1.83641	-0.13271
1.87402	-0.13273
1.99681	-0.132769
2.42982	-0.13342
2.73482	-0.133972
2.78056	-0.13411
2.89803	-0.134446
2.98334	-0.134564
3.05527	-0.13484
3.12593	-0.135156
3.07045	-0.135215
2.88914	-0.13557
2.78738	-0.135688
2.77623	-0.135767
2.70949	-0.136162
2.77704	-0.136221
2.78673	-0.136221
2.72794	-0.136221
2.66435	-0.136162
2.62041	-0.136142
2.64847	-0.136142
2.71994	-0.136142
2.80212	-0.136142
2.76904	-0.136142
2.71617	-0.136162
2.6505	-0.136221
2.63766	-0.136221
2.68199	-0.136319
2.70563	-0.13699
2.88577	-0.137247
2.90677	-0.137365
3.08398	-0.137838
3.18977	-0.138095
3.49481	-0.138371
3.67133	-0.138509
4.11745	-0.138805
4.22702	-0.139042
4.26515	-0.139357
4.14751	-0.139673
4.09912	-0.13985
4.02443	-0.140028
3.81734	-0.140264
3.53004	-0.140521
3.34781	-0.140679
3.3485	-0.140679
3.39922	-0.140659
3.4959	-0.140639
3.44785	-0.140639
3.38831	-0.140639
3.32571	-0.140639
3.33122	-0.140639
3.37369	-0.140659
3.48587	-0.140659
3.46169	-0.140679
3.29507	-0.140817
3.04446	-0.141349
3.03349	-0.141625
3.08937	-0.141823
3.22813	-0.141961
3.29045	-0.142178
3.26025	-0.142276
3.34277	-0.142592
3.62778	-0.142947
3.82909	-0.143125
4.22971	-0.143499
4.21628	-0.143716
4.1087	-0.143815
3.83307	-0.14419
3.82019	-0.144249
3.86966	-0.144249
3.9418	-0.144249
3.85341	-0.144229
3.77264	-0.144229
3.76733	-0.144229
3.85042	-0.144229
3.94432	-0.144229
3.90619	-0.144229
3.81998	-0.144229
3.76468	-0.144229
3.81493	-0.144229
3.88197	-0.144249
3.18513	-0.14486
2.78275	-0.145472
2.67084	-0.145649
2.58752	-0.146044
2.62448	-0.146143
2.69505	-0.1463
2.89828	-0.146576
3.00589	-0.146853
3.0314	-0.14701
3.04929	-0.147227
3.1091	-0.147425
3.19014	-0.147543
3.24435	-0.14776
3.24199	-0.147898
2.96069	-0.148253
2.68192	-0.14851
2.64168	-0.148529
2.68526	-0.14851
2.70799	-0.14847
2.72209	-0.148253
2.70872	-0.148273
2.63426	-0.148273
2.5863	-0.148273
2.58344	-0.148253
2.63319	-0.148273
2.68658	-0.148293
2.86388	-0.14847
2.54021	-0.148746
2.05956	-0.149496
1.91515	-0.149969
1.92618	-0.150324
1.98573	-0.150403
2.02571	-0.150423
2.1498	-0.15064
2.18007	-0.151034
2.14256	-0.151212
2.07549	-0.151508
1.96747	-0.151823
1.88356	-0.152119
1.76181	-0.152455
1.65646	-0.152672
1.69026	-0.152691
1.63972	-0.152691
1.58334	-0.152672
1.53189	-0.152672
1.51883	-0.152395
1.51926	-0.152297
1.55112	-0.152297
1.64	-0.152297
1.60506	-0.152297
1.55023	-0.152297
1.56683	-0.152573
1.56514	-0.152632
1.54478	-0.152829
1.47711	-0.153224
1.46919	-0.153816
1.43871	-0.154289
1.39653	-0.154526
1.34325	-0.154802
1.28229	-0.155177
1.21365	-0.155611
1.17258	-0.155926
1.16193	-0.156143
1.19086	-0.156656
1.14713	-0.156873
1.09943	-0.156912
1.05919	-0.156952
1.03763	-0.156952
1.03151	-0.156952
1.05714	-0.156952
1.08096	-0.156755
1.14154	-0.156755
1.09418	-0.156755
1.04245	-0.156755
0.99747	-0.156755
0.96745	-0.156794
0.94955	-0.156814
0.97536	-0.156912
0.99393	-0.157504
1.03441	-0.158056
1.00229	-0.158214
0.95378	-0.158333
0.9252	-0.158431
0.87828	-0.158727
0.87462	-0.15922
0.89977	-0.159496
0.93315	-0.159753
1.02524	-0.160266
1.02489	-0.160759
1.00992	-0.161094
1.00174	-0.161489
0.99403	-0.161646
0.97342	-0.161646
1.02237	-0.161646
1.06534	-0.161627
1.15758	-0.161627
1.11758	-0.161627
1.08525	-0.161627
1.05251	-0.161627
1.04196	-0.161627
1.05438	-0.161627
1.08852	-0.161627
1.11699	-0.161627
1.1924	-0.161627
1.15453	-0.161627
1.11433	-0.161646
1.07939	-0.161706
1.08228	-0.162376
1.11971	-0.163086
1.15363	-0.163165
1.19279	-0.163481
1.31323	-0.163718
1.28902	-0.163777
1.31018	-0.164151
1.34007	-0.164585
1.34364	-0.164704
1.38031	-0.165
1.36588	-0.165256
1.41008	-0.165374
1.36201	-0.165907
1.30894	-0.166124
1.28265	-0.166321
1.29218	-0.166538
1.2981	-0.166538
1.31737	-0.166499
1.35826	-0.166341
1.45613	-0.166341
1.44675	-0.166341
1.38989	-0.166341
1.36533	-0.166341
1.36133	-0.166361
1.40289	-0.166361
1.4213	-0.16642
1.4561	-0.166479
1.52222	-0.166538
1.57889	-0.166952
1.59712	-0.167169
1.61958	-0.167327
1.7189	-0.167564
1.78558	-0.167801
1.80951	-0.168156
1.79694	-0.168412
1.74529	-0.168511
1.64667	-0.168826
1.63695	-0.169319
1.66551	-0.169477
1.81696	-0.169852
2.01675	-0.170148
2.07677	-0.170207
2.15149	-0.170542
2.05107	-0.170838
2.00121	-0.170838
1.97246	-0.170838
2.00583	-0.170838
2.03862	-0.170819
2.05051	-0.170661
2.04839	-0.17068
2.041	-0.17068
2.0166	-0.17068
1.96178	-0.17068
1.98766	-0.17068
2.05707	-0.170799
2.04816	-0.170976
1.94661	-0.171608
1.89989	-0.172061
1.87044	-0.17214
1.93356	-0.172515
2.09592	-0.172988
2.21021	-0.173324
2.16862	-0.173797
1.97273	-0.174428
1.95483	-0.174704
2.0318	-0.175178
2.13882	-0.175829
2.106	-0.176026
2.11694	-0.176164
2.14192	-0.176184
2.16911	-0.176184
2.22298	-0.176184
2.18085	-0.176184
2.11157	-0.176164
2.07396	-0.176164
2.06931	-0.176164
2.10336	-0.176164
2.11635	-0.176164
2.15953	-0.176164
2.16637	-0.176184
2.10841	-0.176203
1.908	-0.176637
1.6828	-0.177367
1.77834	-0.17788
1.95314	-0.178294
2.039	-0.178492
2.04228	-0.178669
1.87613	-0.179004
1.69958	-0.179281
1.52753	-0.179714
1.53137	-0.179774
1.54613	-0.179774
1.5634	-0.179774
1.6138	-0.179774
1.56052	-0.179793
1.49789	-0.179793
1.43024	-0.179793
1.39479	-0.179774
1.4041	-0.179774
1.401	-0.179774
1.44221	-0.179774
1.4687	-0.179774
1.43628	-0.179774
1.41345	-0.179497
1.40141	-0.179438
1.42159	-0.179438
1.44836	-0.179379
1.49579	-0.179261
1.57951	-0.179064
1.6048	-0.178866
1.63051	-0.17857
1.75128	-0.178196
1.86516	-0.17786
1.91322	-0.177762
1.92798	-0.177545
1.94469	-0.177466
1.85284	-0.177131
1.72006	-0.176677
1.6624	-0.176618
1.64738	-0.176342
1.82179	-0.175908
1.93755	-0.175789
2.00694	-0.175631
2.12212	-0.175513
2.09117	-0.175513
2.03815	-0.175533
1.99896	-0.175533
1.99728	-0.175533
2.02361	-0.175533
2.0544	-0.175533
2.10963	-0.175533
2.10181	-0.175533
2.04515	-0.175533
2.00015	-0.175513
2.00063	-0.175395
2.04613	-0.175099
1.99568	-0.174764
1.92838	-0.174586
1.79167	-0.174113
1.75558	-0.173718
1.70609	-0.173679
1.76723	-0.173383
1.89528	-0.173146
1.95644	-0.173067
2.0583	-0.172811
2.12576	-0.172653
2.07257	-0.172475
1.93318	-0.172219
1.80536	-0.172041
1.69067	-0.171785
1.66481	-0.171726
1.69328	-0.171726
1.73512	-0.171765
1.74989	-0.171785
1.68243	-0.171785
1.63602	-0.171785
1.60829	-0.171785
1.63361	-0.171785
1.67139	-0.171765
1.71423	-0.171607
1.73547	-0.171134
1.94847	-0.170582
1.9933	-0.170266
1.97453	-0.170168
1.98778	-0.169951
1.99182	-0.169714
1.97348	-0.169556
1.84619	-0.168964
1.73137	-0.168629
1.66881	-0.168491
1.66074	-0.167939
1.65152	-0.167801
1.68747	-0.167761
1.72487	-0.167741
1.75557	-0.167761
1.79274	-0.167761
1.78247	-0.167761
1.75375	-0.16786
1.71671	-0.16786
1.70949	-0.16786
1.733	-0.16786
1.76212	-0.16786
1.78549	-0.167741
1.83849	-0.167662
1.8264	-0.167465
1.70883	-0.166795
1.53735	-0.1664
1.46445	-0.166045
1.3938	-0.165394
1.42047	-0.165335
1.48476	-0.165098
1.50757	-0.164743
1.47821	-0.164506
1.43655	-0.16429
1.40459	-0.163994
1.43434	-0.163994
1.44701	-0.163994
1.49336	-0.163994
1.49959	-0.164053
1.42247	-0.16427
1.37247	-0.16427
1.33469	-0.16427
1.34074	-0.16427
1.36133	-0.16427
1.37964	-0.164171
1.48239	-0.163875
1.46376	-0.163816
1.32219	-0.163362
1.21596	-0.162889
1.18686	-0.16281
1.17674	-0.162297
1.18578	-0.161962
1.1949	-0.161863
1.25565	-0.161489
1.22136	-0.161272
1.16884	-0.161134
1.12549	-0.160976
1.10063	-0.160778
1.09196	-0.160404
1.10155	-0.160285
1.12276	-0.160285
1.18594	-0.160285
1.13283	-0.160423
1.08092	-0.160561
1.05067	-0.160561
1.03595	-0.160561
1.0441	-0.160561
1.06984	-0.160542
1.10013	-0.160463
1.17674	-0.160167
1.12292	-0.160009
1.07343	-0.159654
1.0309	-0.158845
1.02036	-0.15851
1.02855	-0.158273
1.06799	-0.157721
1.09665	-0.157662
1.15981	-0.157445
1.11604	-0.157346
1.07948	-0.157307
1.05032	-0.157129
1.04019	-0.156833
1.07289	-0.156557
1.09853	-0.156538
1.12288	-0.156538
1.17316	-0.156557
1.13167	-0.156833
1.09473	-0.156833
1.06238	-0.156833
1.0425	-0.156833
1.07574	-0.156833
1.10274	-0.156814
1.13669	-0.156735
1.16924	-0.156577
1.13644	-0.156498
1.15009	-0.15567
1.1814	-0.155255
1.23785	-0.1549
1.33649	-0.154466
1.35783	-0.154328
1.45915	-0.153717
1.47072	-0.153342
1.43134	-0.153283
1.39066	-0.153125
1.36522	-0.152987
1.39627	-0.152829
1.41808	-0.152731
1.4502	-0.152731
1.50992	-0.152731
1.48904	-0.152829
1.45091	-0.152888
1.4075	-0.152888
1.39938	-0.152888
1.43007	-0.152888
1.44873	-0.152888
1.49419	-0.152888
1.52417	-0.152573
1.52625	-0.152336
1.61302	-0.151902
1.77835	-0.151468
1.85422	-0.15137
2.05814	-0.150975
2.20026	-0.150521
2.22902	-0.149949
2.07094	-0.149535
2.0007	-0.149299
1.99957	-0.148825
2.18184	-0.148332
2.45372	-0.147957
2.73677	-0.147681
2.92686	-0.147602
2.85141	-0.147602
2.79198	-0.147622
2.8994	-0.14774
2.93503	-0.14774
2.97629	-0.14774
3.03189	-0.14774
3.01173	-0.14774
2.93631	-0.147721
2.88016	-0.147504
3.05905	-0.14705
3.14909	-0.146616
3.13074	-0.14634
2.80847	-0.145827
2.64536	-0.145393
2.55528	-0.145137
2.58224	-0.144762
2.79138	-0.144387
3.05341	-0.144071
3.57187	-0.143578
3.94917	-0.143342
3.8802	-0.143322
3.8512	-0.143322
3.89719	-0.143342
3.95546	-0.143361
4.19577	-0.14346
4.1004	-0.14346
4.0439	-0.14346
4.09366	-0.14346
4.16087	-0.14346
4.2383	-0.14346
4.15977	-0.143381
4.12311	-0.143302
4.11928	-0.143006
3.8978	-0.142257
3.57292	-0.141764
3.33969	-0.141468
3.17892	-0.141211
3.06554	-0.141034
3.03214	-0.1406
3.15381	-0.140284
3.30957	-0.140008
3.50356	-0.139791
3.76857	-0.139535
3.8884	-0.139357
4.0094	-0.139219
4.10115	-0.139199
4.13785	-0.139199
4.229	-0.139298
4.15355	-0.139318
4.1115	-0.139318
4.15363	-0.139318
4.21822	-0.139318
4.29388	-0.139318
4.17496	-0.139219
4.10757	-0.139199
4.12105	-0.138568
3.84193	-0.138233
3.6873	-0.137917
3.08437	-0.137385
2.91342	-0.137187
2.71312	-0.136852
2.65187	-0.136517
2.67688	-0.136438
2.71143	-0.136181
2.77763	-0.135984
2.85077	-0.13555
2.99431	-0.135018
3.0266	-0.13484
3.08479	-0.134801
3.12064	-0.134801
3.17506	-0.134919
3.14403	-0.134939
3.0892	-0.134939
3.03342	-0.134939
3.06755	-0.134939
3.117	-0.134939
3.17725	-0.134939
3.18544	-0.134899
3.13083	-0.13484
3.07274	-0.13482
3.13628	-0.134564
3.08981	-0.13413
3.03304	-0.133854
2.84357	-0.13344
2.42085	-0.133144
2.20447	-0.132907
2.0275	-0.13267
1.96062	-0.132473
1.88501	-0.132217
1.83008	-0.132
1.82855	-0.131822
1.7184	-0.131605
1.62077	-0.131388
1.54099	-0.131152
1.50414	-0.130875
1.51691	-0.130718
1.53307	-0.130698
1.55853	-0.130698
1.58856	-0.130757
1.52095	-0.130757
1.47009	-0.130757
1.43704	-0.130757
1.45746	-0.130737
1.47491	-0.130737
1.50017	-0.130698
1.56354	-0.130698
1.53166	-0.130698
1.45232	-0.130422
1.37656	-0.130126
1.33891	-0.129909
1.3255	-0.129652
1.29422	-0.129416
1.29361	-0.129199
1.29784	-0.128942
1.17485	-0.128745
1.10846	-0.128627
1.03152	-0.12839
0.97258	-0.128094
0.96658	-0.127838
0.97124	-0.127562
1.00443	-0.127404
1.03107	-0.127285
0.98006	-0.127128
0.93781	-0.127068
0.91985	-0.127088
0.91415	-0.127147
0.91641	-0.127167
0.95306	-0.127147
0.97888	-0.127147
1.05598	-0.127147
1.0314	-0.127147
0.99866	-0.127088
0.97075	-0.127088
0.96097	-0.12697
0.9679	-0.126595
1.01459	-0.126358
1.06201	-0.126003
1.1805	-0.125412
1.37466	-0.124938
1.44965	-0.124701
1.51065	-0.124504
1.63826	-0.124248
1.81215	-0.124051
1.91066	-0.123932
2.07019	-0.123735
2.20967	-0.123557
2.23476	-0.12338
2.23813	-0.123281
2.19498	-0.123281
2.2088	-0.123321
2.46346	-0.1234
2.49368	-0.1234
2.55226	-0.1234
2.50922	-0.1234
2.44455	-0.12338
2.423	-0.12336
2.45883	-0.12336
2.49921	-0.123321
2.73349	-0.122946
3.06224	-0.122729
3.20688	-0.122532
3.50735	-0.122177
3.62517	-0.122019
3.77394	-0.121822
3.98041	-0.121526
4.11897	-0.121348
4.13864	-0.121072
4.18431	-0.120796
4.29585	-0.120638
4.42917	-0.120401
4.58574	-0.120283
4.54605	-0.120263
4.444	-0.120263
4.40431	-0.120263
4.45671	-0.120303
4.53812	-0.120303
4.59151	-0.120303
4.49503	-0.120303
4.43871	-0.120303
4.46565	-0.120303
4.50586	-0.120303
4.56187	-0.120283
4.58365	-0.120263
4.5367	-0.120263
4.67857	-0.119948
4.76938	-0.119829
4.95438	-0.119593
5.36517	-0.119218
5.67622	-0.11904
6.04517	-0.118705
6.29413	-0.118488
6.7997	-0.118212
7.50545	-0.117877
8.7804	-0.117522
9.81154	-0.117147
10.19377	-0.117028
10.36787	-0.116969
10.44789	-0.116969
10.32063	-0.116969
10.27933	-0.117009
10.26006	-0.117009
10.28989	-0.117009
10.34753	-0.117009
10.34625	-0.117009
10.27908	-0.117009
10.22992	-0.116989
10.30798	-0.116989
10.43216	-0.11695
12.29228	-0.116456
14.56558	-0.116003
16.13232	-0.115707
17.60078	-0.115372
19.55939	-0.114997
20.00662	-0.114799
20.69742	-0.114464
21.05109	-0.114267
21.34586	-0.114109
21.47006	-0.11403
21.57834	-0.113912
21.92001	-0.113675
22.10892	-0.113517
21.89348	-0.113478
21.62238	-0.113478
21.37462	-0.113577
21.48154	-0.113577
21.56178	-0.113577
21.45601	-0.113577
21.43289	-0.113577
21.36981	-0.113557
21.41678	-0.113557
21.47488	-0.113281
21.33176	-0.112906
21.33904	-0.112649
21.39107	-0.112294
21.21356	-0.111999
20.74062	-0.111624
20.61244	-0.111288
20.73685	-0.111032
21.08757	-0.110776
21.21779	-0.110598
21.36981	-0.110401
21.87076	-0.110026
22.31795	-0.10973
22.88332	-0.109474
23.4937	-0.109158
23.38193	-0.109158
23.27643	-0.109158
23.72887	-0.109237
23.85144	-0.109237
23.52795	-0.109237
23.64201	-0.109237
23.67464	-0.109237
23.76552	-0.109237
23.59027	-0.109217
23.66747	-0.109217
23.77621	-0.109119
26.02769	-0.108645
27.54343	-0.108231
29.5475	-0.107758
30.86734	-0.107501
31.74002	-0.107245
33.30298	-0.10685
34.92947	-0.106614
36.5029	-0.106416
38.46709	-0.10612
40.27557	-0.105864
42.44676	-0.105568
45.55545	-0.105312
46.37788	-0.105154
49.34735	-0.104799
51.55125	-0.104661
50.78793	-0.104661
50.6665	-0.104661
51.1152	-0.104661
50.87923	-0.104681
50.07547	-0.104661
50.34077	-0.104661
50.44666	-0.104661
50.49147	-0.104661
50.84366	-0.104661
51.11678	-0.104661
51.50105	-0.104661
51.78281	-0.104661
54.31387	-0.104286
55.97676	-0.10397
57.73425	-0.103635
60.57562	-0.103103
62.19312	-0.10259
62.39149	-0.102452
62.84811	-0.102195
63.65201	-0.101939
64.11525	-0.101702
64.14668	-0.101386
63.84229	-0.101012
63.62231	-0.100795
63.90427	-0.100499
64.03644	-0.100144
63.18895	-0.099828
61.405	-0.099513
60.49899	-0.099375
59.98311	-0.099375
58.34251	-0.099414
58.34108	-0.099414
58.97165	-0.099414
58.24408	-0.099414
57.88692	-0.099414
57.40225	-0.099414
56.7861	-0.099414
56.8336	-0.099414
58.04596	-0.099414
58.147	-0.099256
57.5536	-0.098862
57.65918	-0.098783
57.05174	-0.098408
56.77365	-0.09823
56.11011	-0.097875
55.40872	-0.097441
55.82657	-0.097225
55.98302	-0.097027
54.27324	-0.096672
53.65285	-0.096199
52.29736	-0.095489
49.52075	-0.095272
48.8374	-0.095213
48.25739	-0.095114
48.09212	-0.095094
47.41554	-0.095114
47.26195	-0.095114
47.27856	-0.095114
47.39604	-0.095114
47.25879	-0.095114
47.02098	-0.095114
46.81415	-0.095114
46.51474	-0.095114
46.96472	-0.095114
47.61458	-0.095114
47.78912	-0.095055
46.80779	-0.094424
45.78116	-0.09397
44.68742	-0.093536
44.04906	-0.093181
43.72125	-0.092846
42.92014	-0.092471
42.7034	-0.092254
42.80936	-0.09184
42.1752	-0.091465
41.63135	-0.091189
40.92128	-0.090873
40.84273	-0.090715
40.48264	-0.090538
39.92844	-0.090498
39.69521	-0.090518
39.17534	-0.090538
38.52179	-0.090557
38.77142	-0.090538
38.74361	-0.090538
39.07744	-0.090538
38.48837	-0.090538
38.36194	-0.090538
38.79008	-0.090538
39.7919	-0.090498
38.60347	-0.08965
36.68021	-0.089039
36.28044	-0.088664
35.23431	-0.087914
34.64484	-0.08754
34.40549	-0.087244
33.62886	-0.086751
32.76036	-0.086415
31.72919	-0.08606
31.60049	-0.085883
31.69789	-0.085804
31.31477	-0.085804
31.02013	-0.085804
30.80589	-0.085823
30.8862	-0.085823
30.58516	-0.085823
30.77283	-0.085823
30.28412	-0.085823
30.11772	-0.085823
30.31534	-0.085823
30.50706	-0.085823
30.71104	-0.085823
31.09843	-0.085804
31.35504	-0.085764
30.63708	-0.085133
30.04878	-0.084719
30.12071	-0.084581
29.85803	-0.084364
29.47821	-0.084226
29.23251	-0.08395
28.90083	-0.083555
27.83243	-0.08322
27.43208	-0.082786
26.94368	-0.082391
26.47285	-0.082234
26.20793	-0.082056
26.21744	-0.082017
25.88695	-0.082017
25.29112	-0.082036
25.36061	-0.082036
25.68655	-0.082036
25.38492	-0.082036
25.24811	-0.082036
25.38962	-0.082036
25.5267	-0.082036
25.30798	-0.082036
25.38313	-0.082036
25.73953	-0.082036
25.99529	-0.081997
25.30292	-0.081425
24.96196	-0.081109
24.84259	-0.08105
25.13602	-0.080774
25.38101	-0.080616
25.75378	-0.080498
25.43881	-0.080182
23.78189	-0.079551
22.54994	-0.079275
21.70917	-0.079038
20.24741	-0.078762
19.66405	-0.078565
19.02274	-0.078367
18.97011	-0.078348
18.90404	-0.078348
18.35754	-0.078367
18.24606	-0.078367
18.6451	-0.078367
18.65889	-0.078367
18.06778	-0.078367
18.07817	-0.078367
18.11627	-0.078367
18.31351	-0.078367
18.47614	-0.078367
18.24971	-0.078367
18.54034	-0.078229
19.52231	-0.077815
18.92638	-0.077598
18.34975	-0.07748
16.51279	-0.07673
15.32173	-0.076415
13.94751	-0.076119
11.25191	-0.075586
10.60776	-0.075428
10.11319	-0.075152
9.50842	-0.074837
8.17128	-0.074482
6.94949	-0.074008
6.63693	-0.07389
6.66769	-0.07389
6.64771	-0.07389
6.09273	-0.073929
6.00003	-0.073949
6.05559	-0.073949
6.12509	-0.073949
6.16862	-0.073949
6.08583	-0.073949
5.9985	-0.073949
5.93456	-0.073949
5.98244	-0.073949
6.0864	-0.073929
6.16872	-0.073929
6.12549	-0.073929
6.11713	-0.07389
5.43307	-0.073436
5.20621	-0.073357
5.01358	-0.073121
4.32852	-0.072726
4.08463	-0.072608
3.78233	-0.072371
3.69965	-0.072253
3.64296	-0.072134
3.53416	-0.071858
3.0022	-0.071385
2.70082	-0.070911
2.58081	-0.070635
2.48708	-0.070221
2.19743	-0.069688
2.09677	-0.069432
2.075	-0.069294
1.99286	-0.069294
1.93089	-0.069294
1.90256	-0.069314
1.94174	-0.069314
1.93465	-0.069314
1.97774	-0.069314
2.03497	-0.069314
2.00975	-0.069314
1.93297	-0.069314
1.8889	-0.069294
1.87793	-0.069294
1.83069	-0.06888
1.69147	-0.068248
1.57449	-0.067637
1.56769	-0.06742
1.39886	-0.067026
1.23563	-0.066493
1.15106	-0.066217
1.09377	-0.065842
1.08009	-0.065586
1.08525	-0.065369
1.07629	-0.064698
1.12059	-0.064225
1.07961	-0.064027
1.04637	-0.06381
1.02689	-0.063731
1.01302	-0.063731
1.05078	-0.063731
1.07828	-0.063771
1.10643	-0.063771
1.15808	-0.063771
1.10658	-0.063771
1.07744	-0.063771
1.05077	-0.063771
1.02934	-0.063731
1.07172	-0.063731
1.10049	-0.063731
1.13858	-0.063731
1.18217	-0.063238
1.15047	-0.062962
1.1237	-0.062765
1.11971	-0.06243
1.15582	-0.062134
1.21637	-0.06168
1.26335	-0.061266
1.33798	-0.061128
1.38983	-0.06095
1.38257	-0.060674
1.36905	-0.060536
1.3949	-0.06024
1.48517	-0.059826
1.63956	-0.059293
1.81239	-0.058721
1.9444	-0.058564
1.93126	-0.058564
1.84724	-0.058623
1.80159	-0.058623
1.7798	-0.058623
1.82266	-0.058623
1.858	-0.058623
1.90529	-0.058623
1.93558	-0.058623
1.87668	-0.058623
1.82671	-0.058583
1.80421	-0.058564
1.84302	-0.058564
2.04286	-0.057952
2.08241	-0.057597
2.16469	-0.057183
2.04776	-0.056552
1.96129	-0.056275
1.8862	-0.056039
1.86214	-0.055703
1.88014	-0.055368
1.88878	-0.055013
1.94434	-0.054638
1.99141	-0.054441
1.91121	-0.054382
1.84154	-0.054382
1.8035	-0.054461
1.84543	-0.054461
1.8766	-0.054461
1.88925	-0.054461
1.93634	-0.054461
1.91393	-0.054461
1.85832	-0.054461
1.80473	-0.054382
1.81612	-0.054382
1.86398	-0.054323
2.01448	-0.053751
2.13045	-0.053317
2.25735	-0.053021
2.29761	-0.052685
2.43672	-0.052212
2.54193	-0.051798
2.58571	-0.051561
2.61774	-0.051423
2.65633	-0.051088
2.49782	-0.050752
2.31697	-0.050437
2.15033	-0.050062
2.10854	-0.050023
2.11296	-0.050023
2.10387	-0.050023
2.14343	-0.050101
2.18216	-0.050101
2.12276	-0.050101
2.06996	-0.050101
2.05373	-0.050101
2.10947	-0.050082
2.11523	-0.050023
2.13127	-0.050023
2.16954	-0.049865
1.92384	-0.049096
1.85165	-0.048543
1.82169	-0.048168
1.87299	-0.047991
1.91156	-0.047853
1.98584	-0.047577
2.0854	-0.04732
2.17656	-0.046965
2.17607	-0.04659
2.14362	-0.046137
2.10573	-0.04588
2.03299	-0.045446
1.94461	-0.04519
1.93236	-0.045091
1.8998	-0.045032
1.83244	-0.045052
1.80873	-0.045111
1.77351	-0.045111
1.77272	-0.045111
1.79805	-0.045111
1.83682	-0.045111
1.90689	-0.045111
1.85558	-0.045091
1.80275	-0.045052
1.74451	-0.045032
1.65297	-0.044677
1.60345	-0.044145
1.51741	-0.043296
1.54601	-0.042961
1.55531	-0.042685
1.53381	-0.042152
1.49615	-0.041916
1.48082	-0.041521
1.49748	-0.041166
1.50165	-0.04089
1.45712	-0.040436
1.44005	-0.040022
1.34105	-0.039844
1.28604	-0.039844
1.25092	-0.039844
1.25198	-0.039864
1.28421	-0.039864
1.28944	-0.039864
1.33269	-0.039864
1.37083	-0.039864
1.3201	-0.039864
1.27693	-0.039844
1.24541	-0.039844
1.25542	-0.039844
1.26151	-0.039608
1.25523	-0.039529
1.31023	-0.03943
1.28374	-0.039016
1.22528	-0.038622
1.18704	-0.038168
1.16008	-0.03803
1.17859	-0.037734
1.19629	-0.037162
1.18414	-0.03659
1.19894	-0.036018
1.16888	-0.035643
1.13078	-0.035623
1.09604	-0.035623
1.06877	-0.035683
1.07835	-0.035683
1.10634	-0.035683
1.12534	-0.035683
1.1669	-0.035683
1.17406	-0.035683
1.12877	-0.035683
1.09016	-0.035623
1.07089	-0.035623
1.06299	-0.035387
1.08658	-0.034972
1.10921	-0.034538
1.14217	-0.034006
1.14191	-0.033592
1.10254	-0.033
1.06633	-0.032369
1.0434	-0.032132
1.0394	-0.031678
1.07127	-0.031363
1.09627	-0.031146
1.13368	-0.03083
1.15097	-0.030574
1.1153	-0.030574
1.07664	-0.030633
1.05348	-0.030633
1.05156	-0.030653
1.08098	-0.030633
1.09985	-0.030633
1.12511	-0.030633
1.15611	-0.030633
1.11198	-0.030633
1.07701	-0.030613
1.05156	-0.030613
1.03906	-0.030534
1.07741	-0.030199
1.10898	-0.029943
1.1418	-0.029548
1.1929	-0.029114
1.15829	-0.028877
1.11417	-0.0287
1.08882	-0.028582
1.09451	-0.028286
1.12294	-0.028088
1.13914	-0.027812
1.15413	-0.027299
1.20547	-0.026925
1.1796	-0.02655
1.16248	-0.026037
1.16219	-0.025662
1.17078	-0.025564
1.19502	-0.025564
1.21155	-0.025583
1.23119	-0.025623
1.27423	-0.025623
1.23039	-0.025623
1.18585	-0.025623
1.14871	-0.025623
1.15283	-0.025603
1.17609	-0.025603
1.19193	-0.025544
1.20067	-0.024893
1.26126	-0.024597
1.18513	-0.024025
1.14377	-0.023552
1.11926	-0.023473
1.13304	-0.023157
1.1788	-0.022861
1.22462	-0.022526
1.26035	-0.022191
1.32953	-0.021934
1.27327	-0.021757
1.23209	-0.021579
1.19438	-0.021342
1.16818	-0.020987
1.17015	-0.020692
1.18573	-0.020652
1.19818	-0.020672
1.2681	-0.020692
1.21815	-0.020711
1.18657	-0.020692
1.14891	-0.020692
1.14326	-0.020692
1.17386	-0.020692
1.19756	-0.020692
1.20624	-0.020692
1.27452	-0.020573
1.24083	-0.020159
1.22879	-0.019705
1.22992	-0.019252
1.24515	-0.018818
1.27	-0.018443
1.27252	-0.01795
1.2944	-0.017851
1.31012	-0.017713
1.22697	-0.017279
1.1875	-0.016865
1.16364	-0.016747
1.19151	-0.01651
1.22037	-0.01647
1.24095	-0.016332
1.29193	-0.016056
1.32652	-0.015997
1.28592	-0.015997
1.25737	-0.015997
1.22722	-0.015997
1.23936	-0.015997
1.27388	-0.015997
1.2832	-0.015997
1.34897	-0.015997
1.36266	-0.015997
1.32779	-0.015997
1.29539	-0.015819
1.22156	-0.014991
1.20157	-0.014399
1.22824	-0.013827
1.25064	-0.013472
1.32437	-0.013078
1.34361	-0.012565
1.26784	-0.012072
1.21545	-0.011835
1.17914	-0.011559
1.18919	-0.011224
1.21732	-0.01079
1.23018	-0.010612
1.28467	-0.010513
1.29176	-0.010494
1.24678	-0.010494
1.20882	-0.010494
1.17955	-0.010513
1.19368	-0.010513
1.21591	-0.010513
1.22122	-0.010513
1.27245	-0.010513
1.26477	-0.010513
1.22028	-0.010494
1.18431	-0.010494
1.17049	-0.010119
1.18738	-0.009724
1.17317	-0.008995
1.16675	-0.008541
1.19145	-0.008146
1.22029	-0.007377
1.17616	-0.00714
1.13756	-0.006706
1.09761	-0.006273
1.10686	-0.00572
1.13741	-0.005109
1.16545	-0.004754
1.18446	-0.004478
1.24539	-0.004478
1.20651	-0.004478
1.1752	-0.004478
1.14459	-0.004478
1.15331	-0.004478
1.17836	-0.004478
1.19574	-0.004478
1.21172	-0.004478
1.26561	-0.004478
1.23007	-0.004438
1.17647	-0.003807
1.14145	-0.003235
1.1468	-0.002978
1.17424	-0.002347
1.19493	-0.002071
1.20265	-0.001736
1.26497	-0.0014
1.22481	-0.001124
1.1904	-0.000453675
1.16711	1.9725e-05
1.16788	1.9725e-05
1.19948	1.9725e-05
1.22473	1.9725e-05
1.24103	1.9725e-05
1.30348	1.9725e-05
1.27054	1.9725e-05
1.23318	3.945e-05
1.20892	3.945e-05
1.21762	7.89e-05
1.25861	7.89e-05
1.27611	7.89e-05
1.30943	7.89e-05
1.34471	5.9175e-05
1.31424	3.945e-05
1.28076	3.464026e-17
1.25328	3.464026e-17
1.26749	3.464026e-17
1.28951	3.464026e-17
1.30148	3.464026e-17
1.3338	3.464026e-17
1.35747	3.464026e-17
1.34387	3.464026e-17
1.30818	3.464026e-17
1.27641	3.464026e-17
1.27281	3.464026e-17
1.27812	3.464026e-17
