Light Intensity (% of scale max) Alessandra_0.16_1.5_lampadina	Position (m) Alessandra_0.16_1.5_lampadina
0.0368	0.0
0.03656	0.0
0.0365	0.0
0.03688	0.0
0.03653	0.0
0.03674	0.0
0.03671	0.0
0.03677	0.0
0.03685	0.0
0.0368	0.0
0.03685	0.0
0.0367	0.0
0.03635	0.0
0.03668	0.0
0.03653	0.0
0.0369	0.0
0.03645	0.0
0.03677	0.0
0.03688	0.0
0.03673	0.0
0.03656	-1.9725e-05
0.03647	-1.9725e-05
0.03615	-1.9725e-05
0.03627	-1.9725e-05
0.03656	-3.945e-05
0.03667	-3.945e-05
0.03639	-3.945e-05
0.03658	-3.945e-05
0.03667	-3.945e-05
0.03633	-5.9175e-05
0.03682	-5.9175e-05
0.03618	-5.9175e-05
0.03642	-5.9175e-05
0.03651	-5.9175e-05
0.03639	-5.9175e-05
0.03667	-3.945e-05
0.03693	-1.9725e-05
0.03687	-1.9725e-05
0.03705	-1.9725e-05
0.03679	-1.9725e-05
0.03694	-3.945e-05
0.03688	-3.945e-05
0.03699	-5.9175e-05
0.03676	-5.9175e-05
0.03728	-0.0003945
0.0374	-0.000690375
0.03732	-0.0009468
0.03731	-0.001243
0.03677	-0.001598
0.03603	-0.001874
0.03487	-0.002249
0.03426	-0.002545
0.03476	-0.002702
0.03464	-0.002821
0.03418	-0.003018
0.03441	-0.003117
0.03468	-0.003294
0.03554	-0.00357
0.03659	-0.003925
0.03824	-0.00432
0.03871	-0.004616
0.03873	-0.004872
0.0386	-0.00503
0.03812	-0.005109
0.03796	-0.005128
0.03792	-0.005188
0.03717	-0.005345
0.0363	-0.005582
0.03612	-0.005819
0.03529	-0.006036
0.03502	-0.006213
0.03474	-0.006371
0.03496	-0.00647
0.03445	-0.006628
0.03445	-0.006746
0.03491	-0.006983
0.03546	-0.007279
0.0368	-0.007693
0.03679	-0.007929
0.03725	-0.008127
0.03726	-0.008146
0.03746	-0.008146
0.03761	-0.008127
0.03746	-0.008127
0.03758	-0.008127
0.03729	-0.008127
0.03745	-0.008127
0.03777	-0.008127
0.03726	-0.008127
0.03725	-0.008127
0.03731	-0.008127
0.03729	-0.008127
0.03725	-0.008146
0.03729	-0.008146
0.03716	-0.008146
0.03728	-0.008166
0.03738	-0.008265
0.0376	-0.008679
0.03726	-0.009113
0.03734	-0.009448
0.03651	-0.009646
0.03548	-0.010001
0.03485	-0.010296
0.03447	-0.010435
0.03444	-0.010651
0.03467	-0.010888
0.03484	-0.011164
0.03616	-0.0115
0.03728	-0.011776
0.03831	-0.012052
0.03903	-0.012269
0.0394	-0.012368
0.0396	-0.012387
0.0396	-0.012407
0.03951	-0.012585
0.03989	-0.012802
0.03903	-0.013018
0.03773	-0.013314
0.03606	-0.013709
0.03484	-0.014103
0.03452	-0.014419
0.0345	-0.014715
0.03496	-0.01509
0.03688	-0.015583
0.03772	-0.015741
0.03787	-0.015741
0.03807	-0.015741
0.0377	-0.015741
0.03767	-0.015741
0.03828	-0.015741
0.03807	-0.015741
0.03799	-0.015741
0.03825	-0.015741
0.03799	-0.015741
0.03836	-0.015741
0.03812	-0.015741
0.03812	-0.015741
0.03842	-0.015741
0.03807	-0.015741
0.0386	-0.015741
0.0381	-0.015741
0.0385	-0.015819
0.0383	-0.015839
0.03912	-0.015997
0.03874	-0.016313
0.03807	-0.016904
0.03748	-0.017259
0.03619	-0.017614
0.03548	-0.017891
0.03494	-0.018009
0.03522	-0.018068
0.03459	-0.018088
0.03468	-0.018285
0.03467	-0.018522
0.03427	-0.018758
0.03487	-0.018956
0.03543	-0.019114
0.03568	-0.019311
0.03633	-0.019469
0.03633	-0.019666
0.03767	-0.019922
0.03818	-0.020179
0.03842	-0.020494
0.03922	-0.020928
0.0385	-0.021303
0.03734	-0.021559
0.03648	-0.021836
0.03526	-0.022112
0.0349	-0.02225
0.03474	-0.022427
0.03404	-0.022644
0.03455	-0.022822
0.03519	-0.022999
0.03624	-0.023315
0.0368	-0.023473
0.03749	-0.023552
0.0379	-0.02365
0.03806	-0.023749
0.03842	-0.023808
0.03842	-0.023808
0.03857	-0.023808
0.03868	-0.023808
0.03909	-0.023788
0.03917	-0.023788
0.03906	-0.023788
0.03886	-0.023788
0.03854	-0.023788
0.03899	-0.023788
0.03897	-0.023788
0.03888	-0.023788
0.0388	-0.023788
0.03862	-0.023808
0.0387	-0.023808
0.03897	-0.023828
0.04091	-0.024262
0.04143	-0.024696
0.04092	-0.024972
0.03905	-0.025228
0.03804	-0.025366
0.03654	-0.025524
0.0356	-0.025781
0.03482	-0.026017
0.03429	-0.026234
0.03442	-0.02653
0.03598	-0.026905
0.03639	-0.027102
0.03703	-0.02726
0.03745	-0.027378
0.03799	-0.027457
0.03821	-0.027497
0.03824	-0.027595
0.0406	-0.027891
0.0419	-0.028167
0.04204	-0.028345
0.04144	-0.02866
0.03928	-0.029035
0.03796	-0.029292
0.03633	-0.029588
0.03471	-0.029903
0.03442	-0.03012
0.03421	-0.030199
0.03473	-0.030219
0.03442	-0.030199
0.03453	-0.030179
0.03473	-0.030179
0.03441	-0.030179
0.03474	-0.030179
0.03465	-0.030179
0.03453	-0.030179
0.03459	-0.030179
0.03452	-0.030179
0.03499	-0.030179
0.03484	-0.030179
0.03503	-0.030179
0.03433	-0.030219
0.03464	-0.030219
0.03513	-0.030377
0.0358	-0.030692
0.0369	-0.030889
0.0401	-0.031225
0.04132	-0.031619
0.04199	-0.031816
0.04211	-0.031955
0.04263	-0.032191
0.04228	-0.032369
0.04105	-0.032605
0.03975	-0.032803
0.03926	-0.032822
0.03938	-0.032822
0.03896	-0.032862
0.03816	-0.033138
0.03716	-0.033335
0.0361	-0.033493
0.03554	-0.033651
0.03479	-0.033828
0.03522	-0.034026
0.03485	-0.034065
0.03485	-0.034322
0.0354	-0.03444
0.0356	-0.034499
0.03642	-0.034657
0.03754	-0.034815
0.03876	-0.034992
0.04022	-0.035229
0.04147	-0.035426
0.04166	-0.035564
0.04228	-0.035643
0.04303	-0.035821
0.04309	-0.035919
0.04266	-0.036018
0.04242	-0.036176
0.04182	-0.036274
0.04211	-0.036353
0.04099	-0.036491
0.03964	-0.036728
0.03867	-0.037063
0.03662	-0.037399
0.03502	-0.037833
0.03517	-0.038069
0.03467	-0.038128
0.03519	-0.038267
0.03551	-0.038267
0.03493	-0.038227
0.03534	-0.038227
0.03506	-0.038227
0.03526	-0.038227
0.03545	-0.038227
0.03528	-0.038227
0.03526	-0.038227
0.03497	-0.038227
0.03535	-0.038227
0.03526	-0.038227
0.03485	-0.038227
0.0354	-0.038247
0.03519	-0.038267
0.03511	-0.038267
0.03542	-0.038267
0.03514	-0.038267
0.03511	-0.038267
0.03517	-0.038286
0.03503	-0.038306
0.03531	-0.038365
0.03639	-0.038543
0.03676	-0.038681
0.03793	-0.038799
0.0387	-0.038977
0.03957	-0.039115
0.04008	-0.039194
0.04108	-0.039332
0.04211	-0.03947
0.04308	-0.039608
0.04327	-0.039687
0.04315	-0.039687
0.04372	-0.039766
0.04382	-0.039943
0.04349	-0.040121
0.04269	-0.040298
0.0419	-0.040495
0.03976	-0.040831
0.03755	-0.041087
0.03674	-0.041265
0.03632	-0.041363
0.03612	-0.041363
0.03664	-0.041363
0.03592	-0.041423
0.03595	-0.041462
0.0359	-0.04158
0.03554	-0.041679
0.03534	-0.041758
0.03529	-0.041876
0.03514	-0.041955
0.03535	-0.042054
0.03568	-0.042192
0.03571	-0.04229
0.03697	-0.042488
0.03806	-0.042626
0.03888	-0.042764
0.04025	-0.042922
0.04144	-0.043079
0.04231	-0.043217
0.0432	-0.043336
0.0435	-0.043533
0.04427	-0.043651
0.04468	-0.043868
0.0441	-0.044046
0.04395	-0.044184
0.04298	-0.044322
0.04236	-0.044401
0.04108	-0.044559
0.0401	-0.044677
0.0388	-0.044795
0.03862	-0.044835
0.0376	-0.044914
0.03745	-0.045012
0.03696	-0.045072
0.03693	-0.045111
0.0365	-0.04517
0.03583	-0.045328
0.03537	-0.045407
0.03543	-0.045427
0.0349	-0.045545
0.03557	-0.045624
0.03537	-0.045703
0.0354	-0.045801
0.03528	-0.04588
0.03575	-0.045959
0.03613	-0.046078
0.03627	-0.046157
0.03667	-0.046196
0.03619	-0.046275
0.03734	-0.046314
0.03743	-0.046373
0.03734	-0.046433
0.03821	-0.046512
0.03886	-0.04661
0.03951	-0.046669
0.04041	-0.046709
0.04012	-0.046748
0.04065	-0.046768
0.0412	-0.046807
0.04123	-0.046886
0.04184	-0.046926
0.04251	-0.046985
0.04402	-0.047143
0.04471	-0.047261
0.04549	-0.047379
0.04611	-0.047518
0.04666	-0.047675
0.04691	-0.047754
0.04716	-0.047794
0.04687	-0.047794
0.04727	-0.047794
0.04715	-0.047794
0.04698	-0.047715
0.0471	-0.047715
0.04716	-0.047715
0.04698	-0.047715
0.04713	-0.047715
0.04713	-0.047715
0.04681	-0.047715
0.04732	-0.047715
0.04695	-0.047715
0.04741	-0.047715
0.04758	-0.047715
0.04732	-0.047715
0.04739	-0.047715
0.04721	-0.047715
0.04739	-0.047735
0.04721	-0.047794
0.04758	-0.047794
0.04681	-0.047794
0.04703	-0.047794
0.04715	-0.047813
0.04697	-0.047833
0.04724	-0.047873
0.04694	-0.04803
0.04594	-0.048228
0.04474	-0.048326
0.04291	-0.048543
0.04169	-0.048721
0.04031	-0.04878
0.03922	-0.048938
0.03874	-0.049017
0.0379	-0.049096
0.03741	-0.049194
0.03754	-0.049194
0.03749	-0.049194
0.03714	-0.049234
0.03654	-0.049431
0.03603	-0.049668
0.03664	-0.049924
0.0383	-0.05022
0.04041	-0.050437
0.0421	-0.050575
0.04274	-0.050634
0.04323	-0.050674
0.04349	-0.050752
0.04474	-0.050831
0.04533	-0.050891
0.04573	-0.050989
0.04628	-0.051048
0.04709	-0.051206
0.04803	-0.051344
0.04869	-0.051482
0.04889	-0.05164
0.04845	-0.051739
0.04872	-0.051877
0.0481	-0.052015
0.04741	-0.052192
0.0466	-0.052311
0.04547	-0.052449
0.04414	-0.052508
0.0439	-0.052547
0.04413	-0.052547
0.04454	-0.052488
0.04494	-0.052488
0.0448	-0.052488
0.04443	-0.052488
0.04485	-0.052488
0.04414	-0.052488
0.04483	-0.052488
0.04457	-0.052488
0.04462	-0.052488
0.04456	-0.052488
0.04494	-0.052528
0.04448	-0.052547
0.04428	-0.052547
0.04439	-0.052567
0.04247	-0.052824
0.03961	-0.053139
0.03783	-0.053435
0.03847	-0.053731
0.04019	-0.053968
0.04105	-0.054066
0.04182	-0.054145
0.04243	-0.054263
0.04451	-0.054441
0.04619	-0.054638
0.04912	-0.054934
0.0519	-0.055269
0.05235	-0.055427
0.05203	-0.055546
0.05124	-0.055644
0.05151	-0.055644
0.05124	-0.055644
0.05113	-0.055782
0.05014	-0.05596
0.04904	-0.056118
0.04735	-0.056216
0.04646	-0.056315
0.04457	-0.056473
0.04349	-0.056571
0.04274	-0.05663
0.04082	-0.056828
0.03949	-0.056907
0.03851	-0.057025
0.03838	-0.057124
0.03749	-0.057242
0.03711	-0.05736
0.03728	-0.057538
0.03801	-0.057676
0.0394	-0.057853
0.04184	-0.05807
0.04451	-0.058248
0.04692	-0.058406
0.05019	-0.058583
0.05292	-0.058741
0.05473	-0.05884
0.05716	-0.059017
0.05858	-0.059214
0.05995	-0.059333
0.06042	-0.059491
0.05957	-0.059629
0.05922	-0.059786
0.05881	-0.059865
0.05727	-0.060003
0.05672	-0.060063
0.05617	-0.060063
0.05667	-0.060063
0.05669	-0.060063
0.05641	-0.060023
0.0567	-0.060023
0.05687	-0.060023
0.05663	-0.060023
0.05623	-0.060023
0.05669	-0.060023
0.05664	-0.060023
0.05676	-0.060023
0.05675	-0.060023
0.0563	-0.060023
0.05658	-0.060023
0.0564	-0.060023
0.05612	-0.060023
0.05603	-0.060063
0.05618	-0.060063
0.0563	-0.060063
0.05592	-0.060063
0.05571	-0.060063
0.05617	-0.060063
0.05441	-0.06026
0.05135	-0.060556
0.049	-0.060753
0.04768	-0.061009
0.04877	-0.061207
0.05075	-0.061404
0.05237	-0.061562
0.05502	-0.061739
0.05901	-0.061976
0.06596	-0.062311
0.07109	-0.062509
0.07304	-0.062587
0.0752	-0.062726
0.07588	-0.062824
0.07768	-0.063021
0.07867	-0.063219
0.07791	-0.063416
0.0751	-0.063712
0.07198	-0.06387
0.07095	-0.063909
0.06964	-0.063948
0.06909	-0.063968
0.06699	-0.064106
0.06316	-0.064244
0.05959	-0.064363
0.05632	-0.064501
0.05444	-0.06456
0.05247	-0.064639
0.05147	-0.064718
0.0491	-0.064816
0.04718	-0.064895
0.0457	-0.065073
0.0439	-0.065191
0.04382	-0.06529
0.04387	-0.065369
0.04437	-0.065369
0.04367	-0.065369
0.04416	-0.065388
0.0442	-0.065428
0.04573	-0.065605
0.04837	-0.065743
0.05086	-0.065822
0.05389	-0.06596
0.05898	-0.066138
0.0632	-0.066256
0.06647	-0.066335
0.06697	-0.066375
0.06783	-0.066394
0.06796	-0.066394
0.06973	-0.066493
0.07452	-0.066611
0.07861	-0.066769
0.08174	-0.066947
0.08401	-0.067065
0.0843	-0.067262
0.08234	-0.06746
0.08148	-0.067519
0.07698	-0.067676
0.07083	-0.067874
0.0641	-0.068051
0.0575	-0.068268
0.05144	-0.068465
0.04843	-0.068584
0.04726	-0.068663
0.047	-0.068663
0.04681	-0.068663
0.0471	-0.068663
0.04726	-0.068663
0.04744	-0.068663
0.04781	-0.068663
0.04758	-0.068663
0.04758	-0.068663
0.04758	-0.068663
0.04744	-0.068663
0.0481	-0.068663
0.0473	-0.068663
0.04742	-0.068663
0.04762	-0.068663
0.04756	-0.068663
0.04715	-0.068663
0.04745	-0.068663
0.04749	-0.068663
0.04713	-0.068663
0.04724	-0.068663
0.04733	-0.068663
0.04559	-0.068801
0.04553	-0.068978
0.04568	-0.069057
0.04646	-0.069156
0.04863	-0.069274
0.04974	-0.069333
0.05084	-0.069393
0.05222	-0.069412
0.05315	-0.069452
0.05592	-0.06955
0.05748	-0.06959
0.0605	-0.069669
0.06352	-0.069767
0.06487	-0.069807
0.06528	-0.069807
0.06599	-0.069807
0.07088	-0.069965
0.07794	-0.070122
0.08577	-0.07032
0.09258	-0.070556
0.0966	-0.070813
0.09787	-0.07103
0.09631	-0.071227
0.09337	-0.071385
0.08812	-0.071562
0.08485	-0.071681
0.08055	-0.071779
0.07651	-0.071878
0.0722	-0.071996
0.06703	-0.072115
0.06247	-0.072233
0.05699	-0.072391
0.05157	-0.072568
0.04799	-0.072766
0.04721	-0.072963
0.04861	-0.07318
0.05266	-0.073318
0.0571	-0.073476
0.0614	-0.073574
0.06615	-0.073673
0.07259	-0.073791
0.07867	-0.07389
0.09027	-0.074067
0.10152	-0.074245
0.11546	-0.074482
0.129	-0.074797
0.13467	-0.075093
0.13155	-0.07535
0.12062	-0.075606
0.11322	-0.075705
0.11333	-0.075724
0.11163	-0.075724
0.11156	-0.075724
0.11159	-0.075724
0.11153	-0.075724
0.11102	-0.075724
0.11075	-0.075724
0.11166	-0.075724
0.11211	-0.075705
0.11057	-0.075705
0.10818	-0.075705
0.10812	-0.075705
0.10815	-0.075705
0.10803	-0.075705
0.10808	-0.075705
0.10872	-0.075705
0.10904	-0.075705
0.10925	-0.075705
0.10913	-0.075705
0.10887	-0.075705
0.10887	-0.075705
0.1086	-0.075705
0.10869	-0.075705
0.10933	-0.075724
0.11021	-0.075724
0.11058	-0.075724
0.1086	-0.075783
0.09212	-0.076
0.08606	-0.07606
0.07956	-0.076158
0.07405	-0.076237
0.06757	-0.076336
0.06386	-0.076415
0.06165	-0.076454
0.06139	-0.076454
0.06134	-0.076454
0.06122	-0.076454
0.06122	-0.076454
0.06125	-0.076454
0.05858	-0.076533
0.05417	-0.07677
0.05751	-0.076947
0.05902	-0.076987
0.06413	-0.077105
0.08194	-0.077361
0.1122	-0.077657
0.12943	-0.077815
0.14539	-0.077993
0.18581	-0.078348
0.20358	-0.078565
0.2114	-0.078782
0.20082	-0.079018
0.18861	-0.079196
0.1709	-0.079373
0.14888	-0.079551
0.13951	-0.07963
0.1322	-0.079689
0.12312	-0.079748
0.10995	-0.079847
0.09717	-0.079985
0.08711	-0.080064
0.07449	-0.080222
0.06879	-0.08032
0.06477	-0.080458
0.06598	-0.080596
0.07455	-0.080774
0.09634	-0.081011
0.10497	-0.08107
0.10995	-0.081109
0.13089	-0.081247
0.13046	-0.081267
0.13289	-0.081267
0.14758	-0.081346
0.1694	-0.081445
0.19048	-0.081543
0.22186	-0.081701
0.25299	-0.081839
0.26485	-0.081898
0.28912	-0.082095
0.30679	-0.082214
0.3203	-0.082372
0.32335	-0.082569
0.32129	-0.082667
0.3112	-0.082786
0.2999	-0.082904
0.28587	-0.082963
0.27954	-0.083003
0.27142	-0.083042
0.25195	-0.083161
0.2433	-0.08322
0.23518	-0.083259
0.21375	-0.083378
0.20425	-0.083417
0.20198	-0.083417
0.20163	-0.083417
0.20233	-0.083397
0.20137	-0.083397
0.20032	-0.083397
0.19827	-0.083397
0.19763	-0.083397
0.19745	-0.083397
0.19801	-0.083397
0.19864	-0.083397
0.19914	-0.083397
0.19887	-0.083397
0.2019	-0.083397
0.20155	-0.083397
0.19997	-0.083397
0.19897	-0.083397
0.19853	-0.083417
0.19461	-0.083437
0.17163	-0.083575
0.13463	-0.083752
0.11688	-0.083851
0.09952	-0.084009
0.08498	-0.084127
0.07759	-0.084324
0.09642	-0.08462
0.12471	-0.084818
0.15997	-0.084975
0.19449	-0.085094
0.23483	-0.085251
0.30234	-0.085488
0.40245	-0.085764
0.46698	-0.085883
0.49084	-0.085962
0.55325	-0.086218
0.58144	-0.086396
0.59123	-0.086494
0.59134	-0.086593
0.58278	-0.086711
0.57065	-0.08679
0.54204	-0.086928
0.49831	-0.087086
0.43753	-0.087263
0.33217	-0.087421
0.23434	-0.087658
0.15399	-0.087934
0.1306	-0.088131
0.12721	-0.088269
0.13181	-0.088368
0.14395	-0.088467
0.15567	-0.088506
0.18901	-0.088605
0.32857	-0.088861
0.50058	-0.089058
0.65744	-0.089236
0.92191	-0.089473
1.24438	-0.089768
1.48558	-0.090005
1.6035	-0.090124
1.68494	-0.090222
1.71291	-0.090301
1.73665	-0.09036
1.74744	-0.09036
1.73343	-0.09036
1.70844	-0.09036
1.63571	-0.090341
1.58818	-0.090341
1.59557	-0.090341
1.6042	-0.090341
1.60338	-0.090341
1.59421	-0.090341
1.62167	-0.090341
1.63982	-0.090341
1.62967	-0.090341
1.64278	-0.090341
1.63408	-0.090341
1.6266	-0.090341
1.62151	-0.090341
1.61639	-0.090341
1.63184	-0.090341
1.62299	-0.090341
1.62204	-0.090341
1.65034	-0.09036
1.67036	-0.0904
1.64699	-0.090597
1.50851	-0.090893
1.31844	-0.09111
1.08784	-0.091327
0.87457	-0.091504
0.63994	-0.091702
0.44464	-0.091938
0.37845	-0.092096
0.40152	-0.092254
0.90897	-0.09251
1.62253	-0.092747
2.7121	-0.092964
4.37608	-0.09324
8.4001	-0.093713
13.04294	-0.094049
18.80362	-0.094325
21.92256	-0.094542
22.93628	-0.094641
23.98277	-0.0947
25.48622	-0.094779
25.76303	-0.094798
26.1904	-0.094798
26.98938	-0.094858
28.15688	-0.094976
29.42633	-0.095055
31.26268	-0.095213
35.23917	-0.09543
37.40733	-0.095627
38.62549	-0.095824
39.63512	-0.095982
40.85031	-0.096179
40.95119	-0.096455
40.50461	-0.096613
37.6172	-0.096771
35.56483	-0.097008
34.89951	-0.097008
34.33955	-0.096988
33.57343	-0.096988
33.01846	-0.096988
33.0583	-0.096988
33.04776	-0.096988
33.12816	-0.096988
33.02823	-0.096988
33.14433	-0.096988
33.12587	-0.096988
33.20068	-0.096988
33.25815	-0.096988
33.25105	-0.096988
33.22429	-0.096988
33.13757	-0.096988
33.3047	-0.096988
33.12662	-0.096988
33.06065	-0.096988
33.34734	-0.096988
33.30023	-0.096988
33.49817	-0.096988
34.01553	-0.096988
34.68452	-0.096988
34.84834	-0.096988
34.87117	-0.097008
34.84589	-0.097047
32.86128	-0.097185
30.52432	-0.097402
27.57233	-0.097639
23.51176	-0.097915
17.92375	-0.098152
14.27879	-0.098428
10.94096	-0.098684
7.75916	-0.09896
4.96162	-0.099256
2.34331	-0.099513
1.21448	-0.099809
0.74709	-0.100006
0.54369	-0.100183
0.49535	-0.100341
0.5614	-0.100519
0.74654	-0.100716
1.01711	-0.100933
1.26563	-0.101091
1.62749	-0.101288
1.84677	-0.101525
1.97696	-0.101722
2.03021	-0.10188
1.98793	-0.102116
1.86227	-0.102373
1.63374	-0.102649
1.19606	-0.102905
1.01204	-0.103083
0.83775	-0.103221
0.65321	-0.103398
0.5719	-0.103438
0.5656	-0.103438
0.56604	-0.103438
0.56769	-0.103438
0.57051	-0.103438
0.56639	-0.103438
0.55946	-0.103438
0.54524	-0.103438
0.5421	-0.103438
0.54179	-0.103438
0.54166	-0.103438
0.54292	-0.103438
0.53958	-0.103438
0.53865	-0.103438
0.54892	-0.103438
0.55096	-0.103438
0.54535	-0.103438
0.54031	-0.103438
0.52875	-0.103438
0.44093	-0.103517
0.28618	-0.103754
0.22725	-0.103872
0.19145	-0.10401
0.19188	-0.104227
0.24715	-0.104464
0.35385	-0.10472
0.4828	-0.104957
0.58395	-0.105134
0.66495	-0.105272
0.73865	-0.10545
0.7998	-0.105608
0.84521	-0.105765
0.86559	-0.105982
0.84058	-0.10618
0.77873	-0.106377
0.66502	-0.106614
0.55203	-0.106831
0.45723	-0.107008
0.36932	-0.107166
0.3018	-0.107304
0.23135	-0.107482
0.17102	-0.107659
0.13747	-0.107876
0.12695	-0.108054
0.14734	-0.108251
0.19826	-0.108468
0.25514	-0.108665
0.33311	-0.108803
0.38324	-0.108961
0.42749	-0.109079
0.45985	-0.109198
0.48531	-0.109296
0.5069	-0.109395
0.51877	-0.109513
0.52237	-0.109632
0.51793	-0.109789
0.50372	-0.109947
0.47723	-0.110085
0.43379	-0.110243
0.38747	-0.110361
0.34248	-0.110499
0.30164	-0.110638
0.26857	-0.110736
0.23262	-0.110835
0.19263	-0.110993
0.16341	-0.111091
0.12727	-0.111269
0.09961	-0.111446
0.09003	-0.111505
0.08177	-0.111663
0.07843	-0.111801
0.0811	-0.1119
0.09189	-0.112038
0.10272	-0.112156
0.11034	-0.112216
0.11345	-0.112235
0.11641	-0.112255
0.12373	-0.112314
0.13586	-0.112373
0.14412	-0.112433
0.14919	-0.112452
0.14789	-0.112452
0.14439	-0.112452
0.14015	-0.112413
0.13681	-0.112413
0.13669	-0.112413
0.13632	-0.112413
0.13528	-0.112413
0.13638	-0.112413
0.14505	-0.112413
0.14055	-0.112413
0.13857	-0.112413
0.13947	-0.112413
0.13947	-0.112413
0.14	-0.112413
0.13995	-0.112413
0.1404	-0.112433
0.14105	-0.112452
0.14433	-0.112452
0.14502	-0.112452
0.14569	-0.112472
0.15096	-0.112492
0.15552	-0.112511
0.15807	-0.112511
0.16539	-0.112531
0.19124	-0.112669
0.20654	-0.112768
0.22083	-0.112847
0.24194	-0.112965
0.26488	-0.113123
0.28358	-0.113281
0.29694	-0.113478
0.30173	-0.113655
0.30057	-0.113833
0.29413	-0.113971
0.29161	-0.114011
0.28772	-0.11403
0.28664	-0.11405
0.28534	-0.114109
0.28412	-0.114129
0.27582	-0.114168
0.2718	-0.114227
0.27209	-0.114227
0.26949	-0.114227
0.24518	-0.114366
0.21553	-0.114563
0.20192	-0.114661
0.17203	-0.114819
0.14522	-0.114957
0.13171	-0.115036
0.12172	-0.115115
0.1115	-0.115155
0.101	-0.115233
0.09084	-0.115312
0.08168	-0.115391
0.0679	-0.115549
0.0607	-0.115687
0.05917	-0.115825
0.06303	-0.116003
0.07341	-0.11618
0.09293	-0.116397
0.12193	-0.116634
0.14951	-0.116871
0.18184	-0.117127
0.20558	-0.117364
0.21606	-0.117541
0.22034	-0.117758
0.21719	-0.117936
0.20636	-0.118113
0.18086	-0.118271
0.1593	-0.118429
0.13341	-0.118626
0.10683	-0.118843
0.08607	-0.119021
0.0703	-0.119238
0.0623	-0.119494
0.06755	-0.11975
0.08313	-0.120007
0.1057	-0.120283
0.12508	-0.1205
0.13637	-0.120618
0.14537	-0.120756
0.15456	-0.120875
0.16177	-0.121033
0.16621	-0.121289
0.16203	-0.121605
0.15259	-0.121822
0.14255	-0.12196
0.13754	-0.121999
0.13586	-0.121999
0.13457	-0.12194
0.13295	-0.12194
0.13388	-0.12194
0.13272	-0.12194
0.13333	-0.12194
0.133	-0.12194
0.13275	-0.12194
0.13312	-0.12194
0.13358	-0.12194
0.132	-0.12194
0.13344	-0.12194
0.1338	-0.12194
0.13364	-0.12194
0.13387	-0.12194
0.13374	-0.12194
0.13553	-0.121979
0.13612	-0.121979
0.13684	-0.121999
0.13799	-0.121999
0.1366	-0.122058
0.12604	-0.122196
0.1134	-0.122374
0.09544	-0.122591
0.07918	-0.122808
0.06792	-0.122946
0.05885	-0.123143
0.05127	-0.12338
0.04942	-0.123636
0.05495	-0.123912
0.06541	-0.124149
0.07816	-0.124346
0.09175	-0.124524
0.10437	-0.124701
0.12175	-0.124859
0.13184	-0.125037
0.13927	-0.125195
0.14366	-0.125352
0.14523	-0.12549
0.14471	-0.125629
0.14188	-0.125747
0.13832	-0.125865
0.13315	-0.125984
0.12805	-0.126082
0.12318	-0.126141
0.11633	-0.12624
0.10941	-0.126339
0.10278	-0.126418
0.09563	-0.126516
0.0851	-0.126635
0.07382	-0.126792
0.0603	-0.127009
0.05077	-0.127325
0.05312	-0.12764
0.06242	-0.127917
0.07515	-0.128153
0.08253	-0.128272
0.08556	-0.128331
0.08702	-0.128351
0.09288	-0.128449
0.09952	-0.128568
0.10519	-0.128686
0.1109	-0.128844
0.1156	-0.129021
0.11815	-0.129179
0.11816	-0.129317
0.11716	-0.129435
0.11617	-0.129534
0.11247	-0.129652
0.10927	-0.129771
0.10382	-0.129909
0.09697	-0.130067
0.08853	-0.130244
0.08203	-0.130343
0.07365	-0.13052
0.06706	-0.130599
0.06781	-0.130599
0.06705	-0.13056
0.0677	-0.13054
0.06728	-0.13054
0.06691	-0.13054
0.06717	-0.13054
0.06725	-0.13054
0.06732	-0.13054
0.06691	-0.13054
0.0667	-0.13054
0.06721	-0.13054
0.067	-0.13054
0.0672	-0.13054
0.06749	-0.13054
0.0677	-0.13054
0.06851	-0.13054
0.06764	-0.13058
0.06754	-0.130599
0.06691	-0.130599
0.06683	-0.130599
0.06607	-0.130599
0.06105	-0.130757
0.05115	-0.131013
0.04457	-0.131329
0.04529	-0.131625
0.05316	-0.131901
0.06317	-0.132098
0.07381	-0.132315
0.08739	-0.132552
0.10056	-0.132769
0.10808	-0.132966
0.1131	-0.133144
0.11487	-0.133321
0.11249	-0.133479
0.10849	-0.133676
0.10017	-0.133893
0.08955	-0.134071
0.0797	-0.134229
0.07178	-0.134406
0.06334	-0.134584
0.05681	-0.134741
0.05179	-0.13488
0.04898	-0.135018
0.04674	-0.135175
0.04584	-0.135353
0.04637	-0.13555
0.04889	-0.135767
0.054	-0.136004
0.06018	-0.136241
0.06573	-0.136458
0.07198	-0.136655
0.07701	-0.136852
0.08131	-0.13701
0.08376	-0.137168
0.08499	-0.137325
0.08386	-0.137503
0.08156	-0.137681
0.07817	-0.137838
0.07411	-0.137976
0.06892	-0.138134
0.06311	-0.138272
0.05943	-0.138371
0.0585	-0.138371
0.05876	-0.138371
0.05859	-0.138331
0.05836	-0.138331
0.058	-0.138331
0.05833	-0.138331
0.05804	-0.138331
0.05791	-0.138331
0.05788	-0.138331
0.05827	-0.138331
0.05795	-0.138331
0.05812	-0.138331
0.05775	-0.138331
0.05754	-0.138331
0.05769	-0.138331
0.05785	-0.138331
0.05806	-0.138351
0.05788	-0.138371
0.05754	-0.138371
0.05815	-0.138371
0.0551	-0.138568
0.04996	-0.138706
0.04491	-0.138884
0.04141	-0.139101
0.04134	-0.139318
0.04291	-0.139515
0.04599	-0.139692
0.05074	-0.13989
0.05675	-0.140186
0.06383	-0.140462
0.07014	-0.140758
0.07387	-0.141034
0.0741	-0.141251
0.07352	-0.141507
0.06985	-0.141764
0.06432	-0.14202
0.05896	-0.142217
0.05449	-0.142395
0.04915	-0.142592
0.04474	-0.14277
0.04245	-0.142927
0.04115	-0.143125
0.04178	-0.143322
0.04422	-0.143519
0.0477	-0.143736
0.0529	-0.143953
0.0569	-0.144111
0.06067	-0.144308
0.0634	-0.144505
0.06566	-0.144722
0.0667	-0.1449
0.06587	-0.145097
0.06429	-0.145354
0.0611	-0.14561
0.0574	-0.145866
0.05304	-0.146064
0.04813	-0.1463
0.04442	-0.146517
0.04147	-0.146695
0.04141	-0.146695
0.04131	-0.146675
0.04128	-0.146675
0.04138	-0.146675
0.04202	-0.146675
0.04155	-0.146675
0.04178	-0.146675
0.04211	-0.146675
0.04181	-0.146675
0.04237	-0.146675
0.04205	-0.146675
0.04207	-0.146675
0.04193	-0.146675
0.04222	-0.146675
0.0421	-0.146675
0.04207	-0.146675
0.04239	-0.146675
0.04199	-0.146695
0.04123	-0.146734
0.0403	-0.146991
0.04094	-0.147188
0.04202	-0.147365
0.04419	-0.147523
0.04793	-0.14776
0.05412	-0.148036
0.05907	-0.148312
0.06206	-0.148549
0.0634	-0.148707
0.06337	-0.148865
0.06308	-0.149082
0.06087	-0.149299
0.05806	-0.149555
0.05385	-0.149811
0.04912	-0.150127
0.04396	-0.150423
0.03993	-0.150679
0.0378	-0.150877
0.03773	-0.151034
0.03818	-0.151153
0.03894	-0.151291
0.04091	-0.151409
0.04274	-0.151527
0.04439	-0.151626
0.04509	-0.151646
0.04491	-0.151646
0.04434	-0.151646
0.04408	-0.151646
0.04395	-0.151646
0.04407	-0.151646
0.04369	-0.151646
0.04433	-0.151646
0.04422	-0.151646
0.04437	-0.151646
0.04472	-0.151646
0.04556	-0.151646
0.04616	-0.151646
0.04672	-0.151646
0.04709	-0.151685
0.05203	-0.152021
0.05754	-0.152376
0.05878	-0.152652
0.05902	-0.152928
0.05792	-0.153046
0.05739	-0.153204
0.0553	-0.153461
0.05098	-0.153776
0.04655	-0.154092
0.04115	-0.154526
0.03914	-0.154822
0.03961	-0.155019
0.04027	-0.155157
0.04149	-0.155236
0.04253	-0.155315
0.04335	-0.155394
0.04451	-0.155472
0.04599	-0.155571
0.04932	-0.155788
0.05255	-0.156064
0.05444	-0.15636
0.05501	-0.156636
0.05417	-0.156893
0.05165	-0.157366
0.04739	-0.157741
0.04387	-0.158037
0.04027	-0.158313
0.0387	-0.15853
0.03831	-0.158688
0.03842	-0.158806
0.03816	-0.158826
0.03839	-0.158845
0.03902	-0.159003
0.04036	-0.159161
0.04121	-0.159358
0.04446	-0.159694
0.04765	-0.160029
0.05006	-0.160246
0.05151	-0.160463
0.05316	-0.160838
0.05307	-0.161015
0.05287	-0.161015
0.05267	-0.160995
0.05229	-0.160995
0.05208	-0.160995
0.05177	-0.160995
0.05217	-0.160995
0.05229	-0.160995
0.05209	-0.160995
0.05238	-0.160995
0.05206	-0.160995
0.05269	-0.160995
0.05313	-0.160995
0.05336	-0.161015
0.05351	-0.161094
0.05174	-0.161429
0.04802	-0.161706
0.04419	-0.162001
0.04117	-0.162258
0.03947	-0.162435
0.03831	-0.162554
0.03847	-0.162692
0.03864	-0.162968
0.04086	-0.163303
0.04419	-0.163579
0.04611	-0.163757
0.04823	-0.163895
0.04953	-0.164033
0.05258	-0.164329
0.05458	-0.164802
0.05447	-0.165
0.05089	-0.165335
0.04922	-0.165434
0.04945	-0.165434
0.04932	-0.165414
0.04906	-0.165414
0.04889	-0.165414
0.04945	-0.165414
0.04875	-0.165414
0.04887	-0.165414
0.04906	-0.165414
0.04861	-0.165414
0.0489	-0.165414
0.04915	-0.165414
0.0488	-0.165414
0.04874	-0.165414
0.04861	-0.165434
0.04839	-0.165434
0.04755	-0.165493
0.04648	-0.165572
0.04431	-0.16571
0.04156	-0.165848
0.04004	-0.165946
0.03828	-0.166065
0.0369	-0.166203
0.03618	-0.16638
0.03653	-0.166637
0.03885	-0.166992
0.04147	-0.167209
0.04279	-0.167327
0.04382	-0.167406
0.04515	-0.167465
0.04668	-0.167564
0.0489	-0.167722
0.05084	-0.16786
0.05286	-0.168096
0.05276	-0.168373
0.05121	-0.168629
0.0466	-0.168945
0.04216	-0.169241
0.03757	-0.169615
0.03513	-0.16999
0.03534	-0.170286
0.03735	-0.170621
0.04025	-0.170996
0.0416	-0.171193
0.0416	-0.171193
0.04146	-0.171174
0.04089	-0.171174
0.04083	-0.171174
0.04094	-0.171174
0.04066	-0.171174
0.04109	-0.171174
0.04123	-0.171174
0.04089	-0.171174
0.04182	-0.171193
0.04211	-0.171252
0.04472	-0.171588
0.04631	-0.171903
0.04687	-0.17214
0.04677	-0.172377
0.04565	-0.172653
0.04485	-0.172909
0.04221	-0.173284
0.04002	-0.1736
0.03769	-0.173896
0.03639	-0.17431
0.03664	-0.174704
0.03796	-0.174941
0.03996	-0.175237
0.04349	-0.175592
0.0457	-0.175789
0.04518	-0.175789
0.04468	-0.175789
0.04402	-0.175789
0.04462	-0.175789
0.04408	-0.175789
0.0441	-0.175789
0.04427	-0.175789
0.04497	-0.175789
0.04486	-0.175789
0.04558	-0.175789
0.04683	-0.176006
0.0482	-0.176263
0.04878	-0.17646
0.04752	-0.176697
0.0455	-0.176973
0.04214	-0.177269
0.03848	-0.177564
0.03624	-0.177998
0.03513	-0.178353
0.03671	-0.178748
0.04066	-0.179221
0.04456	-0.179655
0.04553	-0.179774
0.04527	-0.179793
0.04556	-0.179793
0.04549	-0.179793
0.0459	-0.179793
0.04552	-0.179793
0.04541	-0.179793
0.04509	-0.179793
0.04465	-0.179793
0.04443	-0.179774
0.04474	-0.179774
0.04454	-0.179774
0.04472	-0.179774
0.04451	-0.179774
0.04483	-0.179774
0.04437	-0.179774
0.04416	-0.179774
0.04433	-0.179774
0.04474	-0.179774
0.04416	-0.179774
0.04443	-0.179774
0.04472	-0.179774
0.04475	-0.179793
0.04507	-0.179793
0.04538	-0.179793
0.0453	-0.179813
0.04497	-0.179833
0.04495	-0.179833
0.0452	-0.179833
0.04489	-0.179833
0.04517	-0.179813
0.0444	-0.179813
0.04419	-0.179813
0.04457	-0.179813
0.04465	-0.179813
0.04456	-0.179793
0.04475	-0.179793
0.0452	-0.179774
0.04495	-0.179596
0.04546	-0.179458
0.04524	-0.179399
0.04526	-0.179241
0.04498	-0.179202
0.04529	-0.179142
0.04523	-0.179024
0.04411	-0.178886
0.04404	-0.178689
0.04263	-0.178472
0.04024	-0.178215
0.03711	-0.1779
0.03532	-0.177643
0.03499	-0.177308
0.03696	-0.176953
0.04021	-0.176697
0.04221	-0.176539
0.04385	-0.17642
0.04407	-0.17642
0.0437	-0.17642
0.04433	-0.17642
0.04451	-0.17642
0.04413	-0.17644
0.04395	-0.17644
0.04401	-0.17644
0.04453	-0.17644
0.04414	-0.17644
0.04404	-0.17644
0.0443	-0.17644
0.04376	-0.17644
0.04407	-0.17642
0.0448	-0.176361
0.04761	-0.176006
0.04811	-0.175691
0.0475	-0.175395
0.04485	-0.175079
0.04218	-0.174783
0.03999	-0.174566
0.03806	-0.17433
0.03673	-0.174073
0.03586	-0.173817
0.03612	-0.17358
0.03712	-0.173363
0.03781	-0.173166
0.03932	-0.172909
0.04219	-0.172633
0.04411	-0.172357
0.04578	-0.172041
0.0461	-0.171903
0.04588	-0.171903
0.04578	-0.171903
0.04553	-0.171923
0.04503	-0.171923
0.04572	-0.171923
0.04483	-0.171923
0.04541	-0.171923
0.04547	-0.171923
0.0452	-0.171923
0.04544	-0.171923
0.04546	-0.171923
0.04588	-0.171923
0.04573	-0.171903
0.04587	-0.171824
0.04605	-0.171529
0.04558	-0.171233
0.04485	-0.170976
0.04137	-0.170621
0.0385	-0.170345
0.0368	-0.170108
0.03551	-0.169872
0.03548	-0.169556
0.03671	-0.1693
0.03833	-0.169083
0.04185	-0.168807
0.04402	-0.168629
0.04637	-0.168452
0.04878	-0.168254
0.05144	-0.168037
0.05247	-0.167899
0.05348	-0.167722
0.05309	-0.167505
0.05161	-0.167327
0.04889	-0.167071
0.0434	-0.166775
0.0383	-0.16644
0.03578	-0.166045
0.03622	-0.165631
0.03918	-0.165296
0.04129	-0.165138
0.0417	-0.165118
0.04199	-0.165118
0.04172	-0.165118
0.04175	-0.165118
0.04233	-0.165118
0.04268	-0.165118
0.04254	-0.165138
0.04251	-0.165138
0.04253	-0.165138
0.04253	-0.165138
0.04262	-0.165138
0.04289	-0.165138
0.04285	-0.165138
0.04286	-0.165138
0.04259	-0.165138
0.04263	-0.165138
0.04311	-0.165118
0.04247	-0.165118
0.04305	-0.165079
0.04552	-0.164862
0.05081	-0.164467
0.05302	-0.163994
0.05032	-0.16354
0.0443	-0.163047
0.03818	-0.162573
0.03618	-0.162218
0.03764	-0.161725
0.04254	-0.161311
0.04503	-0.161074
0.04706	-0.160857
0.05066	-0.160581
0.0519	-0.160345
0.05244	-0.160187
0.05212	-0.159989
0.05084	-0.159812
0.05042	-0.159713
0.04959	-0.159615
0.04936	-0.159536
0.04883	-0.159536
0.04889	-0.159536
0.0488	-0.159536
0.04926	-0.159536
0.049	-0.159536
0.04964	-0.159536
0.04927	-0.159516
0.04861	-0.159477
0.0481	-0.159398
0.04735	-0.159299
0.04572	-0.159122
0.04427	-0.158964
0.04182	-0.158767
0.03944	-0.15855
0.03795	-0.158352
0.03717	-0.158076
0.03773	-0.15782
0.039	-0.157622
0.04012	-0.157524
0.03996	-0.157524
0.04034	-0.157524
0.03946	-0.157524
0.03987	-0.157524
0.0405	-0.157524
0.04063	-0.157524
0.04024	-0.157524
0.04085	-0.157583
0.04123	-0.157603
0.04115	-0.157603
0.041	-0.157603
0.04095	-0.157603
0.04086	-0.157603
0.0408	-0.157603
0.04065	-0.157603
0.04062	-0.157603
0.04117	-0.157583
0.04103	-0.157563
0.04019	-0.157524
0.04092	-0.157425
0.04544	-0.15709
0.04935	-0.156774
0.052	-0.156498
0.05348	-0.156222
0.05362	-0.155966
0.0524	-0.155689
0.05019	-0.155374
0.0464	-0.154999
0.04156	-0.154605
0.03777	-0.154151
0.0385	-0.153855
0.04243	-0.15352
0.04611	-0.153263
0.05028	-0.153007
0.05318	-0.15279
0.05513	-0.152632
0.05705	-0.152435
0.05745	-0.152218
0.05838	-0.152001
0.05722	-0.151666
0.05234	-0.15131
0.04539	-0.150837
0.03848	-0.150344
0.03915	-0.149949
0.04309	-0.149654
0.04767	-0.149377
0.05142	-0.14916
0.05441	-0.149022
0.05388	-0.149022
0.05458	-0.149022
0.05453	-0.149022
0.05482	-0.149003
0.05449	-0.149003
0.05367	-0.149003
0.05478	-0.149042
0.05472	-0.149042
0.05453	-0.149042
0.05708	-0.149101
0.05695	-0.149101
0.05659	-0.149101
0.05711	-0.149101
0.05688	-0.149101
0.05673	-0.149101
0.05728	-0.149101
0.05667	-0.149101
0.05707	-0.149042
0.05707	-0.149003
0.05606	-0.148865
0.05888	-0.148608
0.06126	-0.148233
0.06151	-0.147819
0.05791	-0.147464
0.05147	-0.147129
0.04561	-0.146833
0.0405	-0.146517
0.03868	-0.146221
0.04062	-0.145906
0.0455	-0.14563
0.05054	-0.145373
0.05614	-0.145097
0.05963	-0.14486
0.06256	-0.144663
0.06451	-0.144407
0.06525	-0.14415
0.0634	-0.143835
0.05951	-0.143559
0.05371	-0.143243
0.04655	-0.142908
0.04128	-0.142553
0.04156	-0.142158
0.04822	-0.141823
0.05716	-0.141507
0.06367	-0.14127
0.0681	-0.141093
0.07172	-0.140935
0.07347	-0.140777
0.07483	-0.14062
0.07486	-0.140442
0.07312	-0.140186
0.06934	-0.139969
0.06444	-0.139752
0.05983	-0.139574
0.05774	-0.139495
0.05603	-0.139475
0.05493	-0.139475
0.05397	-0.139475
0.05298	-0.139495
0.0452	-0.139732
0.04263	-0.139692
0.04184	-0.139712
0.04234	-0.139732
0.04202	-0.139732
0.04193	-0.139732
0.04196	-0.139732
0.04216	-0.139732
0.04228	-0.139732
0.04176	-0.139732
0.04205	-0.139673
0.0425	-0.139673
0.04277	-0.139673
0.04324	-0.139673
0.04382	-0.139574
0.04385	-0.139397
0.04185	-0.13914
0.03899	-0.138844
0.03975	-0.138529
0.04736	-0.138193
0.05786	-0.137897
0.06787	-0.137602
0.07803	-0.137286
0.08258	-0.136931
0.08087	-0.136556
0.07368	-0.136181
0.05986	-0.135787
0.05063	-0.135412
0.0466	-0.135116
0.0443	-0.13486
0.04451	-0.134603
0.04709	-0.134248
0.05511	-0.133913
0.06816	-0.133597
0.08476	-0.133302
0.10625	-0.133025
0.11278	-0.132828
0.11499	-0.132651
0.11389	-0.132572
0.11095	-0.132453
0.10704	-0.132355
0.09724	-0.132197
0.08319	-0.132019
0.07356	-0.131862
0.06766	-0.131724
0.06387	-0.131645
0.06023	-0.131566
0.05872	-0.131546
0.05887	-0.131526
0.0587	-0.131526
0.05847	-0.131526
0.05867	-0.131526
0.05812	-0.131526
0.05814	-0.131526
0.05856	-0.131526
0.05847	-0.131526
0.05743	-0.131526
0.05704	-0.131526
0.05547	-0.131546
0.0536	-0.131546
0.04198	-0.131645
0.04221	-0.131645
0.0414	-0.131645
0.04152	-0.131645
0.04135	-0.131645
0.04173	-0.131645
0.04176	-0.131645
0.0416	-0.131645
0.04164	-0.131645
0.0417	-0.131645
0.04228	-0.131625
0.04253	-0.131605
0.04286	-0.131605
0.04207	-0.131605
0.04245	-0.131605
0.04208	-0.131605
0.04248	-0.131605
0.04173	-0.131605
0.04234	-0.131605
0.04214	-0.131605
0.04257	-0.131605
0.04276	-0.131507
0.04266	-0.131309
0.04288	-0.131171
0.04413	-0.131033
0.04543	-0.130954
0.04651	-0.130915
0.04738	-0.130856
0.04985	-0.130777
0.05301	-0.130658
0.05682	-0.13054
0.06287	-0.130382
0.06946	-0.130244
0.07805	-0.130086
0.08769	-0.129909
0.09715	-0.129751
0.10307	-0.129613
0.10667	-0.129495
0.10971	-0.129376
0.11127	-0.129278
0.11313	-0.129179
0.11345	-0.129061
0.11351	-0.128942
0.1138	-0.128804
0.1122	-0.128666
0.10794	-0.128508
0.1022	-0.128291
0.08928	-0.128055
0.0777	-0.127857
0.067	-0.12766
0.05922	-0.127483
0.0524	-0.127246
0.05251	-0.12693
0.07379	-0.126654
0.07915	-0.126457
0.08366	-0.12626
0.09428	-0.126062
0.10948	-0.125885
0.12967	-0.125688
0.13814	-0.12551
0.14359	-0.125352
0.13998	-0.125135
0.1283	-0.124918
0.11006	-0.124721
0.09013	-0.124524
0.07843	-0.124366
0.06677	-0.124208
0.05952	-0.12407
0.05589	-0.123991
0.05438	-0.123932
0.05312	-0.123893
0.0524	-0.123853
0.05119	-0.123794
0.05029	-0.123735
0.05031	-0.123715
0.04942	-0.123656
0.04877	-0.123597
0.04872	-0.123597
0.04778	-0.123597
0.04771	-0.123617
0.04649	-0.123636
0.04691	-0.123676
0.04723	-0.123676
0.04645	-0.123676
0.04674	-0.123676
0.04666	-0.123676
0.04674	-0.123676
0.04713	-0.123676
0.04671	-0.123676
0.04697	-0.123676
0.04707	-0.123676
0.04659	-0.123676
0.04675	-0.123676
0.04678	-0.123676
0.04697	-0.123676
0.04695	-0.123676
0.04691	-0.123676
0.04697	-0.123676
0.04709	-0.123636
0.04713	-0.123636
0.04761	-0.123636
0.04755	-0.123636
0.04765	-0.123636
0.04738	-0.123636
0.04807	-0.123636
0.04791	-0.123518
0.0479	-0.123439
0.04909	-0.123301
0.04909	-0.123123
0.05089	-0.122906
0.06226	-0.122571
0.08597	-0.122216
0.11424	-0.12192
0.13635	-0.121624
0.16141	-0.121309
0.16476	-0.121052
0.16025	-0.120776
0.14597	-0.1205
0.12343	-0.120244
0.09996	-0.119987
0.0764	-0.11975
0.06375	-0.119474
0.0755	-0.119178
0.12154	-0.118843
0.17624	-0.118508
0.20885	-0.118192
0.22185	-0.117916
0.2216	-0.117699
0.21581	-0.117522
0.20486	-0.117324
0.18056	-0.117107
0.17143	-0.116969
0.16823	-0.116811
0.15987	-0.116654
0.14857	-0.116516
0.14151	-0.116456
0.14011	-0.116437
0.13785	-0.116437
0.13527	-0.116456
0.1315	-0.116456
0.12367	-0.116456
0.10971	-0.116476
0.08437	-0.116535
0.0865	-0.116535
0.08592	-0.116535
0.08594	-0.116535
0.08572	-0.116535
0.08611	-0.116535
0.08585	-0.116535
0.08588	-0.116535
0.08583	-0.116535
0.08598	-0.116535
0.08623	-0.116535
0.08621	-0.116555
0.08612	-0.116535
0.08684	-0.116535
0.08746	-0.116535
0.08827	-0.116535
0.08801	-0.116535
0.0871	-0.116437
0.07637	-0.1162
0.05533	-0.115865
0.05991	-0.115529
0.08994	-0.115214
0.14426	-0.114878
0.18903	-0.114563
0.2283	-0.114267
0.24136	-0.11405
0.2493	-0.113833
0.25526	-0.113734
0.26564	-0.113636
0.27518	-0.113498
0.283	-0.11334
0.28082	-0.113241
0.27696	-0.113103
0.26965	-0.112965
0.2547	-0.112827
0.23108	-0.112649
0.1994	-0.112413
0.14883	-0.112117
0.08801	-0.111703
0.07771	-0.111308
0.10904	-0.110973
0.16229	-0.110716
0.22971	-0.11048
0.28644	-0.110282
0.32846	-0.110164
0.36082	-0.110066
0.39622	-0.109947
0.42424	-0.109849
0.43988	-0.109789
0.46284	-0.109691
0.49847	-0.109572
0.51489	-0.109434
0.50932	-0.109237
0.45627	-0.109
0.37224	-0.108803
0.27834	-0.108606
0.20099	-0.108448
0.1559	-0.108349
0.13354	-0.108251
0.12425	-0.108192
0.12012	-0.108113
0.11688	-0.108034
0.11488	-0.107994
0.11452	-0.107975
0.11163	-0.107975
0.10939	-0.107975
0.10692	-0.107994
0.1059	-0.107994
0.10536	-0.108014
0.10545	-0.108014
0.1053	-0.108014
0.10486	-0.108014
0.10498	-0.108014
0.10486	-0.108014
0.1048	-0.108014
0.10457	-0.108014
0.10469	-0.108014
0.10422	-0.108014
0.10464	-0.108014
0.10435	-0.108014
0.10437	-0.108014
0.10545	-0.108014
0.10573	-0.108014
0.1055	-0.108014
0.10622	-0.108014
0.10658	-0.107994
0.1071	-0.107994
0.10718	-0.107994
0.10777	-0.107994
0.10764	-0.107994
0.10776	-0.107975
0.10847	-0.107975
0.10889	-0.107975
0.10916	-0.107975
0.10997	-0.107975
0.11497	-0.107856
0.12979	-0.107758
0.14554	-0.107659
0.15289	-0.10756
0.16127	-0.107403
0.17421	-0.107245
0.20419	-0.107126
0.27577	-0.106949
0.37706	-0.106752
0.47006	-0.106574
0.5282	-0.106456
0.57553	-0.106377
0.61819	-0.106298
0.66563	-0.106199
0.70621	-0.106121
0.75015	-0.106002
0.79204	-0.105884
0.82266	-0.105765
0.85027	-0.105588
0.826	-0.105371
0.76718	-0.105154
0.67712	-0.104957
0.6109	-0.104819
0.54974	-0.1047
0.49167	-0.104602
0.42851	-0.104503
0.36539	-0.104404
0.32396	-0.104326
0.29634	-0.104266
0.2709	-0.104207
0.24344	-0.104148
0.22209	-0.104089
0.19519	-0.10401
0.17398	-0.103852
0.20676	-0.103635
0.34563	-0.103379
0.63791	-0.103103
1.0574	-0.102807
1.44905	-0.10255
1.68364	-0.102353
1.81119	-0.102176
1.87204	-0.102057
1.86244	-0.101919
1.83232	-0.101781
1.78091	-0.101643
1.66832	-0.101485
1.5123	-0.101327
1.32249	-0.10117
0.98302	-0.101012
0.85001	-0.100874
0.76395	-0.100755
0.70547	-0.100637
0.65096	-0.100499
0.61012	-0.1004
0.55966	-0.100282
0.49934	-0.100104
0.58397	-0.099887
0.86632	-0.099749
1.10336	-0.09967
1.27541	-0.099651
1.64261	-0.099572
2.02095	-0.099513
2.32175	-0.099453
3.13318	-0.099335
3.80843	-0.099276
4.92503	-0.099138
7.38576	-0.099
8.36884	-0.098901
9.56715	-0.098803
10.45421	-0.098743
10.58597	-0.098743
10.46599	-0.098743
10.26117	-0.098743
9.925	-0.098743
9.47768	-0.098743
9.00632	-0.098743
8.73856	-0.098743
8.63292	-0.098743
8.62567	-0.098743
8.58084	-0.098743
8.58784	-0.098743
8.60146	-0.098743
8.5845	-0.098743
8.58994	-0.098743
8.60547	-0.098743
8.60356	-0.098743
8.56812	-0.098743
8.57413	-0.098743
8.77692	-0.098743
8.90477	-0.098743
8.9567	-0.098743
8.93507	-0.098743
8.94907	-0.098743
8.97156	-0.098743
9.03596	-0.098743
9.12941	-0.098743
9.15833	-0.098743
9.2644	-0.098743
9.50761	-0.098664
14.47856	-0.098369
19.07965	-0.098014
23.88559	-0.097619
26.85597	-0.097303
30.76534	-0.097008
34.22731	-0.096692
37.06584	-0.096317
36.19684	-0.095883
30.76787	-0.095469
27.23579	-0.095134
23.31302	-0.094838
17.73781	-0.094542
13.73688	-0.094187
10.12489	-0.093911
7.65245	-0.093674
5.47455	-0.093437
3.32906	-0.09324
2.30321	-0.093043
1.52271	-0.092865
1.00159	-0.092708
0.67281	-0.09255
0.46829	-0.092412
0.3746	-0.092293
0.34184	-0.092195
0.33527	-0.092096
0.36217	-0.091997
0.40675	-0.091899
0.53503	-0.0918
0.71617	-0.091623
0.93114	-0.091445
1.19023	-0.091248
1.39175	-0.09107
1.4976	-0.090932
1.56122	-0.090814
1.59688	-0.090735
1.61343	-0.090696
1.60767	-0.090696
1.57294	-0.090715
1.51321	-0.090715
1.46028	-0.090715
1.40819	-0.090715
1.36302	-0.090715
1.35094	-0.090735
1.32361	-0.090735
1.31517	-0.090735
1.31062	-0.090735
1.30978	-0.090735
1.3138	-0.090735
1.31543	-0.090735
1.31384	-0.090735
1.3105	-0.090735
1.31281	-0.090735
1.31082	-0.090755
1.31502	-0.090755
1.34204	-0.090755
1.35027	-0.090755
1.3618	-0.090735
1.38812	-0.090735
1.41107	-0.090735
1.41042	-0.090735
1.43016	-0.090735
1.43541	-0.090696
1.47559	-0.090577
1.51822	-0.090419
1.51132	-0.090202
1.3418	-0.089926
0.90797	-0.089552
0.44434	-0.089157
0.22702	-0.088782
0.1244	-0.088388
0.1387	-0.088013
0.20625	-0.087737
0.27072	-0.087559
0.31606	-0.087441
0.32822	-0.087401
0.33203	-0.087382
0.35493	-0.087303
0.38446	-0.087204
0.41809	-0.087066
0.4581	-0.086908
0.53769	-0.086632
0.52299	-0.086376
0.46196	-0.086119
0.41428	-0.085902
0.34834	-0.085646
0.255	-0.08533
0.17075	-0.085054
0.11276	-0.084778
0.07982	-0.084462
0.08862	-0.084068
0.16605	-0.083595
0.24153	-0.0832
0.28987	-0.082845
0.30496	-0.08251
0.28615	-0.082253
0.25929	-0.082017
0.22856	-0.081839
0.20918	-0.081721
0.17624	-0.081504
0.12347	-0.081228
0.09103	-0.08107
0.0876	-0.080991
0.08788	-0.080971
0.08745	-0.080951
0.08562	-0.080912
0.08389	-0.080892
0.08287	-0.080892
0.07503	-0.080932
0.07263	-0.080932
0.07228	-0.080932
0.07201	-0.080932
0.07254	-0.080932
0.0724	-0.080932
0.07259	-0.080932
0.07211	-0.080932
0.07213	-0.080932
0.07211	-0.080932
0.07196	-0.080932
0.07224	-0.080932
0.07307	-0.080932
0.07285	-0.080932
0.07283	-0.080932
0.07292	-0.080932
0.07277	-0.080932
0.0732	-0.080932
0.07346	-0.080912
0.06644	-0.080656
0.06471	-0.080439
0.07549	-0.080202
0.09209	-0.080024
0.11171	-0.079827
0.14575	-0.079571
0.16898	-0.079373
0.18481	-0.079137
0.19328	-0.078861
0.18556	-0.078624
0.16426	-0.078387
0.16959	-0.07819
0.17303	-0.078012
0.16666	-0.077855
0.15529	-0.077756
0.13936	-0.077638
0.1163	-0.07746
0.09421	-0.077263
0.07457	-0.077085
0.05815	-0.076829
0.05222	-0.076533
0.06837	-0.076119
0.11328	-0.075586
0.12515	-0.075093
0.11624	-0.074679
0.10095	-0.074324
0.08408	-0.074067
0.07182	-0.07385
0.06294	-0.073693
0.05421	-0.073515
0.04851	-0.073357
0.0462	-0.073239
0.04579	-0.073121
0.04582	-0.073002
0.04637	-0.072884
0.04889	-0.072766
0.05276	-0.072627
0.05765	-0.07247
0.06326	-0.072312
0.06891	-0.072174
0.07365	-0.072036
0.07953	-0.071898
0.08403	-0.07174
0.08775	-0.071602
0.09041	-0.071464
0.09167	-0.071365
0.09288	-0.071266
0.09331	-0.071168
0.09271	-0.071069
0.09285	-0.070951
0.09285	-0.070813
0.0929	-0.070694
0.09097	-0.070556
0.08846	-0.070379
0.08244	-0.070241
0.07028	-0.070004
0.06226	-0.069846
0.06023	-0.069807
0.05865	-0.069767
0.05765	-0.069767
0.05664	-0.069787
0.0533	-0.069807
0.05269	-0.069807
0.05278	-0.069807
0.05292	-0.069807
0.05257	-0.069807
0.05278	-0.069807
0.05249	-0.069807
0.0522	-0.069807
0.0528	-0.069807
0.05249	-0.069807
0.05299	-0.069807
0.05309	-0.069807
0.05333	-0.069807
0.0531	-0.069807
0.05322	-0.069807
0.05351	-0.069787
0.05359	-0.069787
0.05109	-0.069708
0.04674	-0.069471
0.04472	-0.069274
0.0457	-0.069018
0.05011	-0.068761
0.05754	-0.068465
0.06503	-0.06817
0.07211	-0.067893
0.07675	-0.067617
0.07875	-0.067321
0.07634	-0.066966
0.0625	-0.066592
0.0493	-0.066177
0.04303	-0.065783
0.04356	-0.065369
0.04544	-0.064994
0.05257	-0.064619
0.05994	-0.064304
0.06593	-0.064027
0.07033	-0.063791
0.07283	-0.063554
0.07405	-0.063298
0.07278	-0.063061
0.0703	-0.062844
0.06795	-0.062666
0.06456	-0.062489
0.06065	-0.062311
0.05891	-0.062173
0.05582	-0.062035
0.05315	-0.061858
0.05098	-0.061739
0.04927	-0.061601
0.04823	-0.061522
0.04814	-0.061522
0.04784	-0.061522
0.04819	-0.061522
0.04813	-0.061542
0.0479	-0.061562
0.04837	-0.061562
0.04784	-0.061562
0.04848	-0.061562
0.04839	-0.061562
0.04866	-0.061562
0.04807	-0.061562
0.0486	-0.061562
0.04831	-0.061562
0.0482	-0.061562
0.04846	-0.061562
0.04823	-0.061562
0.04832	-0.061562
0.04807	-0.061562
0.04819	-0.061562
0.04811	-0.061542
0.04825	-0.061522
0.04866	-0.061522
0.04823	-0.061522
0.04787	-0.061522
0.04753	-0.061266
0.04749	-0.061069
0.04831	-0.060852
0.05009	-0.060654
0.0529	-0.060418
0.05469	-0.060161
0.05615	-0.059885
0.05643	-0.05955
0.05406	-0.059234
0.04973	-0.058899
0.04472	-0.058564
0.04008	-0.058228
0.03673	-0.057893
0.03619	-0.057577
0.03636	-0.057262
0.0377	-0.056946
0.04051	-0.056611
0.04594	-0.056256
0.04898	-0.05596
0.05049	-0.055644
0.05009	-0.055348
0.04829	-0.055072
0.04617	-0.054776
0.04269	-0.0545
0.03961	-0.054244
0.03763	-0.054027
0.03697	-0.05383
0.03705	-0.053632
0.03772	-0.053435
0.03882	-0.053258
0.03954	-0.053179
0.03955	-0.053159
0.0394	-0.053159
0.03946	-0.053159
0.03918	-0.053159
0.03911	-0.053159
0.03906	-0.053159
0.03894	-0.053218
0.03888	-0.053218
0.03865	-0.053218
0.03862	-0.053218
0.03825	-0.053218
0.03835	-0.053218
0.03841	-0.053218
0.03845	-0.053218
0.0385	-0.053218
0.03897	-0.053218
0.03922	-0.053218
0.03923	-0.053218
0.03909	-0.053218
0.03926	-0.053218
0.03951	-0.053218
0.03897	-0.053179
0.03967	-0.053159
0.03952	-0.053159
0.03987	-0.053159
0.04065	-0.053041
0.04289	-0.052843
0.04475	-0.052607
0.04648	-0.052291
0.04738	-0.051975
0.04684	-0.05166
0.04538	-0.051305
0.04245	-0.05091
0.0376	-0.050457
0.03566	-0.049983
0.03598	-0.049529
0.03882	-0.049115
0.04272	-0.048701
0.04523	-0.048267
0.04541	-0.047912
0.04561	-0.047616
0.0453	-0.047399
0.0448	-0.047202
0.04343	-0.046985
0.04225	-0.046689
0.03944	-0.046452
0.03667	-0.046196
0.03485	-0.045979
0.03415	-0.045723
0.03412	-0.045506
0.03499	-0.045308
0.03534	-0.045131
0.03667	-0.044953
0.03735	-0.044894
0.03719	-0.044894
0.0374	-0.044894
0.03767	-0.044894
0.03745	-0.044894
0.03751	-0.044894
0.03755	-0.044894
0.03758	-0.044914
0.03893	-0.044993
0.03856	-0.044993
0.03902	-0.044993
0.03862	-0.044993
0.03867	-0.044993
0.03856	-0.044993
0.03883	-0.044993
0.03857	-0.044993
0.03862	-0.044993
0.03836	-0.044993
0.03824	-0.044993
0.03847	-0.044993
0.0385	-0.044993
0.03848	-0.044993
0.03845	-0.044993
0.03827	-0.044993
0.03891	-0.044934
0.03868	-0.044934
0.03877	-0.044934
0.03851	-0.044934
0.03922	-0.044815
0.04034	-0.04448
0.0416	-0.044066
0.0432	-0.043868
0.04323	-0.04379
0.04399	-0.043454
0.04224	-0.043217
0.03941	-0.042961
0.03571	-0.042586
0.03404	-0.042271
0.03383	-0.041876
0.0352	-0.041501
0.0379	-0.041127
0.04039	-0.040791
0.04248	-0.040456
0.04341	-0.04016
0.04248	-0.039864
0.04079	-0.039588
0.03857	-0.039292
0.03647	-0.038957
0.03464	-0.038582
0.03435	-0.038168
0.03426	-0.037793
0.03726	-0.03728
0.03999	-0.036886
0.04149	-0.03655
0.04224	-0.036294
0.04227	-0.036255
0.04218	-0.036255
0.04282	-0.036255
0.04282	-0.036274
0.043	-0.036294
0.04303	-0.036294
0.04306	-0.036294
0.04248	-0.036294
0.04297	-0.036294
0.04274	-0.036294
0.04279	-0.036294
0.04305	-0.036294
0.04309	-0.036294
0.04283	-0.036294
0.04321	-0.036294
0.04289	-0.036274
0.04257	-0.036255
0.04286	-0.036255
0.04324	-0.036255
0.04272	-0.036195
0.0425	-0.036057
0.04193	-0.03588
0.04015	-0.035623
0.03809	-0.035327
0.03603	-0.034992
0.03439	-0.034617
0.03421	-0.034183
0.03542	-0.03371
0.03815	-0.033217
0.04102	-0.032704
0.04112	-0.032132
0.03796	-0.03156
0.03467	-0.031027
0.03409	-0.030515
0.03384	-0.0301
0.03467	-0.029745
0.03545	-0.029528
0.03578	-0.029509
0.03568	-0.029509
0.03638	-0.029548
0.0361	-0.029548
0.03616	-0.029548
0.03619	-0.029548
0.0363	-0.029548
0.03635	-0.029548
0.03609	-0.029548
0.03621	-0.029548
0.03621	-0.029548
0.03615	-0.029548
0.0363	-0.029528
0.03664	-0.029509
0.0367	-0.029509
0.03764	-0.029331
0.03998	-0.028976
0.04135	-0.028522
0.03996	-0.02797
0.03589	-0.027359
0.03372	-0.026708
0.03496	-0.026076
0.03827	-0.025406
0.04016	-0.024775
0.03807	-0.024143
0.03557	-0.023552
0.03394	-0.023039
0.03368	-0.022526
0.03539	-0.022072
0.03539	-0.021895
0.03575	-0.021895
0.03523	-0.021914
0.03514	-0.021914
0.03548	-0.021914
0.03529	-0.021914
0.03528	-0.021914
0.03543	-0.021914
0.03488	-0.021914
0.03497	-0.021914
0.03523	-0.021914
0.03531	-0.021914
0.03551	-0.021914
0.03535	-0.021914
0.03535	-0.021895
0.03575	-0.021895
0.03609	-0.021638
0.03734	-0.021283
0.03763	-0.020849
0.03751	-0.020475
0.03674	-0.02006
0.03603	-0.019686
0.03419	-0.019271
0.03386	-0.018857
0.03375	-0.018463
0.03477	-0.018009
0.03575	-0.017555
0.03732	-0.017082
0.03838	-0.016628
0.03815	-0.016155
0.03601	-0.015662
0.03456	-0.015228
0.03375	-0.014873
0.03378	-0.014715
0.03363	-0.014715
0.03384	-0.014715
0.03409	-0.014715
0.03415	-0.014715
0.03384	-0.014715
0.03398	-0.014715
0.03375	-0.014715
0.03368	-0.014715
0.03378	-0.014715
0.03406	-0.014715
0.03384	-0.014715
0.03365	-0.014419
0.03433	-0.014024
0.03668	-0.013472
0.03885	-0.01294
0.03827	-0.012368
0.03674	-0.011835
0.0347	-0.011302
0.03365	-0.01075
0.03436	-0.010237
0.03587	-0.009724
0.0367	-0.009192
0.03709	-0.008738
0.03706	-0.008344
0.03676	-0.007969
0.03593	-0.007693
0.03571	-0.007673
0.03607	-0.007693
0.03629	-0.007693
0.03635	-0.007693
0.03644	-0.007693
0.03609	-0.007693
0.0359	-0.007693
0.03624	-0.007693
0.03636	-0.007693
0.03598	-0.007693
0.0361	-0.007693
0.03596	-0.007693
0.03566	-0.007693
0.03615	-0.007673
0.03587	-0.007614
0.03464	-0.007318
0.03395	-0.006904
0.03386	-0.006213
0.03578	-0.005484
0.0377	-0.004833
0.03677	-0.00428
0.03496	-0.003748
0.03377	-0.003274
0.03394	-0.002762
0.03453	-0.002288
0.03535	-0.001815
0.03609	-0.001361
0.0363	-0.001026
0.03679	-0.000729825
0.03658	-0.000532575
0.03679	-0.00043395
0.03679	-0.000453675
0.03688	-0.000453675
0.0369	-0.000453675
0.03667	-0.000453675
0.03685	-0.000453675
0.03656	-0.000453675
0.0368	-0.000453675
0.03668	-0.000453675
0.0367	-0.000453675
0.03659	-0.000453675
0.03668	-0.000453675
0.03648	-0.00035505
0.03555	-1.859949e-16
0.03542	1.9725e-05
0.03558	3.945e-05
0.036	7.89e-05
0.03616	9.8625e-05
0.03619	9.8625e-05
0.03613	0.00011835
0.03615	0.00011835
0.0361	0.00011835
0.03607	0.00011835
0.03629	9.8625e-05
0.03664	9.8625e-05
0.03644	5.9175e-05
0.03607	-1.9725e-05
0.0363	-1.9725e-05
0.03624	-1.9725e-05
0.03633	-1.9725e-05
0.03627	-1.9725e-05
0.03635	-1.9725e-05
0.03683	-1.9725e-05
0.03606	-1.9725e-05
0.03636	-1.9725e-05
0.03625	-1.9725e-05
0.03683	-1.9725e-05
0.03639	-1.9725e-05
0.03639	-1.9725e-05
0.0365	-1.9725e-05
0.03647	-1.9725e-05
0.03609	-1.9725e-05
0.03622	-1.9725e-05
0.03581	-1.9725e-05
0.03601	-1.9725e-05
0.03616	-1.9725e-05
0.03641	-1.9725e-05
0.03609	-1.9725e-05
0.03596	-1.9725e-05
0.03622	-1.9725e-05
0.0363	-1.9725e-05
0.03592	-1.9725e-05
0.03603	-1.9725e-05
0.03583	-1.9725e-05
0.03625	-1.9725e-05
0.03578	-1.9725e-05
0.03603	-1.9725e-05
0.03574	-1.9725e-05
0.03549	-1.9725e-05
0.03633	-1.9725e-05
0.0361	-1.9725e-05
0.03609	-1.9725e-05
0.03632	-1.9725e-05
0.03618	-1.9725e-05
0.03595	-1.9725e-05
0.03604	-1.9725e-05
0.03621	-1.9725e-05
0.03642	-1.9725e-05
0.0361	-1.9725e-05
0.03583	-1.9725e-05
0.03615	-1.9725e-05
0.03613	-1.9725e-05
0.03601	-1.9725e-05
0.03607	-1.9725e-05
0.03612	-1.9725e-05
0.03596	-1.9725e-05
0.03612	-1.9725e-05
0.03627	-1.9725e-05
0.03566	-1.9725e-05
0.03563	-1.9725e-05
0.0358	-1.9725e-05
0.03564	-1.9725e-05
0.03554	-1.9725e-05
0.03578	-1.9725e-05
0.03577	-1.9725e-05
0.03593	-1.9725e-05
0.03561	-1.9725e-05
0.03571	-1.9725e-05
0.03569	-1.9725e-05
0.03564	-1.9725e-05
0.0358	-1.9725e-05
0.03563	-1.9725e-05
0.03606	-1.9725e-05
0.03542	-1.9725e-05
0.03564	-1.9725e-05
0.03587	-1.9725e-05
0.03604	-1.9725e-05
0.03549	-1.9725e-05
0.03566	-1.9725e-05
0.0356	-1.9725e-05
0.03546	-1.9725e-05
0.03525	-1.9725e-05
0.03542	-1.9725e-05
0.03555	-1.9725e-05
0.03548	-1.9725e-05
0.03537	-1.9725e-05
0.03534	-1.9725e-05
0.03532	-1.9725e-05
0.03505	-1.9725e-05
0.03522	-1.9725e-05
0.03523	-1.9725e-05
0.03537	-1.9725e-05
0.03537	-1.9725e-05
0.0349	-1.9725e-05
0.03531	-1.9725e-05
0.03554	-1.9725e-05
0.03522	-1.9725e-05
0.03549	-1.9725e-05
0.03551	-1.9725e-05
0.03525	-1.9725e-05
0.03554	-1.9725e-05
0.03494	-1.9725e-05
0.03551	-1.9725e-05
0.03531	-1.9725e-05
0.03548	-1.9725e-05
0.03554	-1.9725e-05
0.0354	-1.9725e-05
0.03577	-1.9725e-05
0.03549	-1.9725e-05
