Relative Intensity Alessio_0.02_1.5_lampadina_old	Position (m) Alessio_0.02_1.5_lampadina_old
0.1854553	0.0
0.1852722	0.0
0.1855469	0.0
0.1852875	0.0
0.1851807	0.0
0.1851959	0.0
0.1850433	0.0
0.184845	0.0
0.1852112	0.0
0.1856384	0.0
0.1855316	0.0
0.1851807	0.0
0.1850281	0.0
0.1854248	0.0
0.1858063	0.0
0.185257	0.0
0.1852722	0.0
0.1852112	0.0
0.184906	0.0
0.1851044	0.0
0.1852264	0.0
0.1847687	0.0
0.1845856	0.0
0.1846008	0.0
0.1848145	0.0
0.1847229	0.0
0.1852722	0.0
0.1846008	0.0
0.1847687	0.0
0.184967	0.0
0.1848145	0.0
0.184845	0.0
0.1848145	0.0
0.1849213	0.0
0.1845551	-1.9725e-05
0.1849823	-1.9725e-05
0.1847839	-1.9725e-05
0.1846619	-1.9725e-05
0.18396	-1.9725e-05
0.1850281	-1.9725e-05
0.1847992	-1.9725e-05
0.1842804	-1.9725e-05
0.1844177	-1.9725e-05
0.1845856	-1.9725e-05
0.1847687	-1.9725e-05
0.1851044	-1.9725e-05
0.1847839	-1.9725e-05
0.1844788	-3.945e-05
0.1850739	-3.945e-05
0.1847076	-3.945e-05
0.1847839	-3.945e-05
0.1849518	-3.945e-05
0.1849213	-0.00027615
0.1844177	-0.000295875
0.1847534	-0.000295875
0.184845	-0.000295875
0.1843262	-0.00043395
0.1841888	-0.00067065
0.1846008	-0.00067065
0.1844025	-0.0007101
0.1842957	-0.00082845
0.1842957	-0.0009468
0.1842651	-0.00098625
0.1839752	-0.00098625
0.1840973	-0.00130185
0.1840668	-0.00177525
0.1838379	-0.00201195
0.1834106	-0.00203168
0.183548	-0.0022092
0.1840057	-0.0026826
0.1837769	-0.00313628
0.1837463	-0.003156
0.1834717	-0.00317573
0.1834717	-0.0033138
0.1840057	-0.00424088
0.1843262	-0.00471428
0.1837921	-0.00471428
0.1837769	-0.00471428
0.1836243	-0.00471428
0.1834106	-0.00471428
0.1832123	-0.00471428
0.183136	-0.00471428
0.183136	-0.00471428
0.1833344	-0.00471428
0.1831665	-0.00471428
0.1830597	-0.00471428
0.1832581	-0.00471428
0.1837463	-0.00493125
0.1846313	-0.00564135
0.1844788	-0.00601613
0.1846313	-0.00601613
0.1849518	-0.00601613
0.1848145	-0.00601613
0.184494	-0.00601613
0.1854095	-0.00603585
0.1855316	-0.00605558
0.1857452	-0.0060753
0.1862335	-0.00625283
0.1862793	-0.00629227
0.1863251	-0.00633172
0.1873016	-0.00666705
0.1868591	-0.00716017
0.1874542	-0.00727852
0.1878052	-0.00747577
0.188385	-0.00769275
0.1876984	-0.00789
0.1881256	-0.00790973
0.1882782	-0.00790973
0.1881866	-0.00789
0.1881104	-0.00789
0.1888428	-0.00789
0.1885071	-0.00789
0.1890564	-0.00789
0.1891785	-0.00789
0.1885223	-0.00790973
0.1886749	-0.00792945
0.1885376	-0.0082056
0.1888428	-0.00909322
0.1891632	-0.00925102
0.1894226	-0.00925102
0.1892853	-0.00927075
0.189743	-0.00944827
0.1901398	-0.00964552
0.1903076	-0.0097047
0.1905518	-0.00990195
0.1903687	-0.01045425
0.1902313	-0.01053315
0.1900024	-0.0105726
0.1900024	-0.01086847
0.1893463	-0.0112827
0.1891174	-0.01157857
0.1891785	-0.0119139
0.1885834	-0.01205197
0.1882629	-0.01211115
0.1882019	-0.01211115
0.1881866	-0.01209142
0.1881104	-0.01209142
0.1875458	-0.01209142
0.1873322	-0.01209142
0.1864777	-0.01209142
0.1868286	-0.01209142
0.1865845	-0.01209142
0.186203	-0.01211115
0.1860809	-0.01236757
0.1857758	-0.01313685
0.1858521	-0.0134919
0.1860962	-0.01362997
0.1858521	-0.0141231
0.1850281	-0.01445842
0.1855621	-0.01463595
0.1858978	-0.01485292
0.1863403	-0.01493182
0.1868439	-0.01532632
0.1867371	-0.01568137
0.1864319	-0.01574055
0.1868591	-0.01578
0.1865845	-0.01578
0.1868286	-0.01578
0.1872253	-0.01576027
0.1875153	-0.01574055
0.1869659	-0.01574055
0.1871338	-0.01574055
0.1873322	-0.01574055
0.1873474	-0.01574055
0.1875916	-0.01574055
0.1871796	-0.01578
0.1873322	-0.0162534
0.1862793	-0.0171213
0.1868591	-0.01714102
0.1865082	-0.01714102
0.1867523	-0.01716075
0.187149	-0.01731855
0.1866913	-0.01765387
0.1871185	-0.01804837
0.1882019	-0.01832452
0.188324	-0.0186993
0.1878662	-0.01905435
0.188736	-0.01921215
0.1876068	-0.01946857
0.1873474	-0.01978417
0.1870422	-0.01998142
0.1861115	-0.0204351
0.1858368	-0.0205929
0.186203	-0.0205929
0.1859894	-0.0205929
0.1860352	-0.0205929
0.1860657	-0.0205929
0.1852722	-0.0205929
0.1860657	-0.0205929
0.1856995	-0.0205929
0.1860199	-0.0205929
0.1860657	-0.0205929
0.1862793	-0.0205929
0.1860046	-0.02061262
0.1867065	-0.02148052
0.1869507	-0.02203282
0.1869812	-0.02211172
0.1867065	-0.02213145
0.1867981	-0.0221709
0.1870117	-0.02244705
0.1868286	-0.02268375
0.1863556	-0.02276265
0.1865234	-0.02297962
0.1856384	-0.02333467
0.1852112	-0.0235122
0.1851196	-0.02368972
0.1844788	-0.0241434
0.184082	-0.02432093
0.1844635	-0.02451818
0.184433	-0.02457735
0.184494	-0.02457735
0.1847687	-0.02457735
0.1847382	-0.02457735
0.1850891	-0.02457735
0.1849213	-0.02457735
0.1847076	-0.02457735
0.1852112	-0.02457735
0.1851349	-0.02457735
0.1846619	-0.02463653
0.1856995	-0.02526773
0.184494	-0.02599755
0.1846771	-0.02609618
0.1847076	-0.02609618
0.1849365	-0.02617508
0.1842651	-0.02668793
0.1838684	-0.02694435
0.1837921	-0.02696408
0.1836548	-0.02718105
0.1833038	-0.02747693
0.1835785	-0.0276939
0.1827545	-0.02787143
0.1828461	-0.02804895
0.1829987	-0.02810813
0.1826324	-0.02844345
0.1832123	-0.0284829
0.1831665	-0.0284829
0.1826324	-0.02846318
0.1824188	-0.02846318
0.1824188	-0.02846318
0.1827393	-0.02846318
0.1833649	-0.02846318
0.183136	-0.02846318
0.1829224	-0.0284829
0.1832733	-0.0284829
0.1827393	-0.0285618
0.1827545	-0.0292719
0.1821136	-0.02980448
0.1815033	-0.02980448
0.1816406	-0.02984393
0.1810913	-0.03002145
0.1809387	-0.03047513
0.1802826	-0.03090908
0.1802521	-0.03094853
0.1802063	-0.03122468
0.1803894	-0.03167835
0.180542	-0.03207285
0.181015	-0.03238845
0.1804047	-0.0325068
0.1807556	-0.0325068
0.180542	-0.03280268
0.1811218	-0.033138
0.1811066	-0.0332958
0.180481	-0.0334536
0.1806641	-0.03343388
0.1809082	-0.03341415
0.1809235	-0.03339443
0.1805878	-0.03339443
0.1810455	-0.03341415
0.1808929	-0.03341415
0.1808777	-0.03343388
0.1809235	-0.0334536
0.1810608	-0.03394673
0.1811371	-0.034716
0.1809235	-0.03473573
0.181015	-0.03477518
0.1810913	-0.03489353
0.181076	-0.03514995
0.1813507	-0.03544583
0.1813354	-0.035505
0.1817627	-0.03572198
0.1824951	-0.03611648
0.1832428	-0.0362151
0.1832123	-0.03639263
0.1835327	-0.03649125
0.1843262	-0.0366885
0.1840057	-0.03688575
0.1852722	-0.03688575
0.1851654	-0.03686603
0.1848297	-0.0368463
0.1844788	-0.0368463
0.1849518	-0.0368463
0.1849518	-0.0368463
0.1848602	-0.0368463
0.184845	-0.0368463
0.1843414	-0.03688575
0.1841736	-0.03688575
0.1843109	-0.03688575
0.1843109	-0.03696465
0.184845	-0.0373197
0.184845	-0.03775365
0.1849365	-0.03797063
0.184433	-0.0381876
0.1851501	-0.03846375
0.185257	-0.03901605
0.1850891	-0.03939083
0.1862793	-0.0396078
0.1873016	-0.03986423
0.1878662	-0.0400023
0.1882019	-0.04010093
0.1892242	-0.04010093
0.1888275	-0.04010093
0.1884766	-0.0400812
0.1889038	-0.0400812
0.1892853	-0.0400812
0.1891174	-0.0400812
0.1890869	-0.0400812
0.1889038	-0.0400812
0.1883545	-0.0400812
0.1887207	-0.04010093
0.1887054	-0.04012065
0.1931915	-0.04069268
0.195343	-0.0415014
0.1951294	-0.04161975
0.195282	-0.041817
0.1947174	-0.04215233
0.1945953	-0.0422115
0.1937256	-0.04256655
0.1932678	-0.04288215
0.193985	-0.04290188
0.1932373	-0.04303995
0.1935577	-0.04333583
0.1935272	-0.04349363
0.1936493	-0.04392758
0.1947479	-0.04398675
0.1942596	-0.04398675
0.1944885	-0.04398675
0.1947174	-0.0439473
0.1954498	-0.04392758
0.1950378	-0.04392758
0.1945801	-0.04392758
0.1949463	-0.04392758
0.1943054	-0.04392758
0.1941528	-0.04398675
0.1941986	-0.04398675
0.1940918	-0.04404593
0.1988678	-0.04483493
0.2045898	-0.04546613
0.2056427	-0.04556475
0.2082062	-0.04578173
0.210144	-0.04603815
0.2110291	-0.04633403
0.2109985	-0.04668908
0.210083	-0.04698495
0.2080994	-0.04745835
0.2054596	-0.04791203
0.2043915	-0.04799093
0.2033539	-0.04822763
0.2025146	-0.04850378
0.2019196	-0.0486813
0.2018433	-0.04903635
0.2017517	-0.04901663
0.2010345	-0.04895745
0.2020569	-0.04895745
0.2021027	-0.04895745
0.2019958	-0.04895745
0.2022858	-0.04895745
0.2022552	-0.04901663
0.2013397	-0.04903635
0.2026825	-0.04909553
0.2041931	-0.0497859
0.2074585	-0.05020013
0.2119446	-0.050496
0.2167664	-0.05102858
0.2181396	-0.0513639
0.2186737	-0.05165978
0.2178802	-0.052074
0.2164917	-0.05235015
0.2112732	-0.05298135
0.2094727	-0.05321805
0.2087708	-0.0532575
0.2085419	-0.05327723
0.208374	-0.05327723
0.207962	-0.05321805
0.2091064	-0.05321805
0.2090607	-0.05321805
0.2087555	-0.05321805
0.2087708	-0.05321805
0.2090607	-0.05321805
0.2088928	-0.05321805
0.2080536	-0.05321805
0.2075195	-0.0532575
0.2086487	-0.05327723
0.2070313	-0.0535731
0.2017059	-0.05448045
0.1999207	-0.05477633
0.1999817	-0.0549144
0.1994934	-0.05526945
0.1992493	-0.05548643
0.1994019	-0.0557034
0.2009888	-0.05635433
0.2015228	-0.05645295
0.2015228	-0.05651213
0.2013855	-0.05659103
0.2021942	-0.05684745
0.2023926	-0.05747865
0.2019958	-0.05769563
0.2015076	-0.05779425
0.1993866	-0.05834655
0.1972351	-0.05866215
0.197998	-0.05866215
0.1973877	-0.0586227
0.1979523	-0.05860298
0.1983643	-0.05860298
0.1980896	-0.05860298
0.19841	-0.05860298
0.1978912	-0.05860298
0.1987915	-0.05866215
0.1980743	-0.0587016
0.1926117	-0.0594117
0.1885223	-0.06016125
0.1872711	-0.06031905
0.1867828	-0.06045713
0.1845551	-0.06085163
0.1830597	-0.06142365
0.1820374	-0.0616998
0.181076	-0.06205485
0.1803741	-0.06244935
0.179718	-0.06274523
0.1789703	-0.06306083
0.1783142	-0.06339615
0.1784973	-0.06373148
0.1781921	-0.06408653
0.1777344	-0.06408653
0.1781006	-0.06404708
0.178299	-0.06404708
0.1783752	-0.06404708
0.1781464	-0.06404708
0.1781311	-0.06404708
0.1781311	-0.06404708
0.1774445	-0.06408653
0.1779938	-0.06408653
0.1786346	-0.0645402
0.1815491	-0.06568425
0.1838379	-0.06607875
0.183136	-0.0661182
0.1844635	-0.06631545
0.1860199	-0.06657188
0.1891022	-0.06702555
0.1908722	-0.06724253
0.1927643	-0.06749895
0.1944122	-0.0677751
0.196228	-0.06807098
0.1986084	-0.06838658
0.1995239	-0.06850493
0.1983185	-0.06850493
0.1993256	-0.0684852
0.1993561	-0.0684852
0.199173	-0.0684852
0.1996918	-0.0684852
0.1994629	-0.0684852
0.1995392	-0.0684852
0.1993713	-0.06850493
0.1992645	-0.06850493
0.203949	-0.06909668
0.2086945	-0.0698265
0.2098083	-0.0699843
0.2118835	-0.07018155
0.2199097	-0.07087193
0.2261047	-0.07126643
0.2286682	-0.07144395
0.2343903	-0.07177928
0.2362671	-0.07183845
0.2374115	-0.0719568
0.249649	-0.0723513
0.2520752	-0.07248938
0.2582245	-0.07270635
0.2671356	-0.07304168
0.2674866	-0.07310085
0.2666779	-0.07310085
0.266449	-0.07310085
0.2653961	-0.07308113
0.2658997	-0.07308113
0.2663116	-0.07308113
0.26651	-0.07308113
0.2663422	-0.07308113
0.2661896	-0.07310085
0.2664948	-0.07310085
0.2671509	-0.07310085
0.2695465	-0.07325865
0.2865906	-0.07388985
0.3006439	-0.07404765
0.3026733	-0.0740871
0.3229065	-0.07444215
0.3671112	-0.07525087
0.3863373	-0.07564537
0.4008942	-0.07584262
0.4177551	-0.07609905
0.4181824	-0.07609905
0.4238586	-0.07615822
0.4253387	-0.07617795
0.4251099	-0.07617795
0.4258118	-0.07617795
0.4235687	-0.07615822
0.4246521	-0.07615822
0.4243927	-0.07615822
0.4225159	-0.07615822
0.4222565	-0.07615822
0.4229889	-0.07615822
0.4220581	-0.07617795
0.4233093	-0.07617795
0.4270935	-0.07623712
0.4621887	-0.07682887
0.5342865	-0.0778743
0.5820465	-0.0785055
0.6180115	-0.07888027
0.6438293	-0.07935367
0.6488037	-0.07947202
0.6621857	-0.07974817
0.6815796	-0.08018212
0.6915588	-0.08043855
0.6914368	-0.08043855
0.6909332	-0.08043855
0.6910248	-0.08043855
0.6924133	-0.08043855
0.6913147	-0.08043855
0.6912537	-0.08043855
0.6912689	-0.08043855
0.6906586	-0.08043855
0.6921997	-0.08043855
0.6916199	-0.08043855
0.6918945	-0.08043855
0.692749	-0.08043855
0.6925354	-0.08045828
0.7044067	-0.08085278
0.7320251	-0.08176012
0.7408142	-0.0819771
0.7423706	-0.082056
0.7528992	-0.08248995
0.7657623	-0.0830028
0.7728577	-0.08321977
0.7746277	-0.0833973
0.7929993	-0.08396932
0.8021088	-0.08436382
0.8083344	-0.08469915
0.8074493	-0.08471887
0.8077698	-0.08471887
0.8080597	-0.08471887
0.8076324	-0.08471887
0.8087463	-0.08471887
0.8095703	-0.08471887
0.8093567	-0.08471887
0.8082428	-0.08471887
0.8074036	-0.08471887
0.8087311	-0.08471887
0.8086548	-0.08471887
0.8081055	-0.08475832
0.8210602	-0.08519228
0.8405914	-0.0860799
0.8467407	-0.0863955
0.8479004	-0.08643495
0.8605194	-0.08692807
0.8678894	-0.0871056
0.8725739	-0.08732257
0.8888245	-0.0880524
0.9027252	-0.08838772
0.9060822	-0.0884469
0.9068604	-0.08856525
0.9086761	-0.0886047
0.9212952	-0.08909782
0.9446869	-0.0897882
0.9464569	-0.08980792
0.946701	-0.08982765
0.9481354	-0.08980792
0.9480591	-0.08980792
0.947876	-0.08980792
0.9473114	-0.08980792
0.9463654	-0.08980792
0.946167	-0.08980792
0.9470367	-0.08980792
0.9456787	-0.08980792
0.9496765	-0.08982765
0.9599762	-0.0901038
0.9757233	-0.09069555
0.9869232	-0.09114922
0.9898834	-0.0912873
0.9990387	-0.0916029
1.0170288	-0.09243135
1.0384827	-0.09320062
1.045578	-0.0933387
1.0582581	-0.09369375
1.0791321	-0.09432495
1.0947723	-0.09468
1.0952454	-0.09469972
1.0959167	-0.09469972
1.0955048	-0.09469972
1.0957794	-0.09469972
1.0943756	-0.09469972
1.0962677	-0.09469972
1.096756	-0.09469972
1.0965118	-0.09469972
1.0958862	-0.09469972
1.0980225	-0.09471945
1.1100769	-0.09505477
1.1374359	-0.0957846
1.1501007	-0.09635662
1.1546173	-0.09647497
1.1823578	-0.0971259
1.1969757	-0.09765847
1.2059021	-0.097836
1.2274933	-0.09834885
1.2543488	-0.0990195
1.2664032	-0.09929565
1.2736664	-0.09943372
1.2762756	-0.09947317
1.2771912	-0.09947317
1.2778931	-0.09947317
1.2764282	-0.09947317
1.2783966	-0.09947317
1.2765808	-0.09947317
1.277298	-0.09947317
1.2762604	-0.09947317
1.276886	-0.09947317
1.2793427	-0.09953235
1.2963409	-0.10024245
1.3183746	-0.10095255
1.322403	-0.10105117
1.3257446	-0.10132732
1.3107452	-0.10215577
1.2895813	-0.10268835
1.277359	-0.1028856
1.2399445	-0.10339845
1.1974182	-0.10379295
1.1829529	-0.10393102
1.1549225	-0.104148
1.1512146	-0.104148
1.1532745	-0.10412827
1.1536407	-0.10412827
1.151413	-0.10412827
1.1506958	-0.10412827
1.1497955	-0.10412827
1.1513062	-0.10412827
1.1519318	-0.10412827
1.1522064	-0.104148
1.1487427	-0.104148
1.0484619	-0.1047792
0.9091949	-0.1058838
0.8858185	-0.10608105
0.8257751	-0.10655445
0.7324677	-0.10736317
0.6627502	-0.10807327
0.6250153	-0.10852695
0.597702	-0.10890172
0.5787201	-0.1091976
0.56633	-0.10933567
0.5627136	-0.1093554
0.5646667	-0.1093554
0.5634155	-0.1093554
0.5641632	-0.10933567
0.5632629	-0.10933567
0.563858	-0.10933567
0.5628662	-0.10933567
0.5643005	-0.10933567
0.5639648	-0.10933567
0.5641174	-0.10933567
0.5635529	-0.1093554
0.5631409	-0.10939485
0.5260162	-0.11012467
0.5063629	-0.11126872
0.5044098	-0.11160405
0.5024414	-0.11201827
0.5033264	-0.11253112
0.5041504	-0.112827
0.508316	-0.1134582
0.5082397	-0.1136949
0.507431	-0.11371462
0.5089569	-0.11371462
0.5089722	-0.11371462
0.5094147	-0.1136949
0.5102844	-0.1136949
0.510788	-0.1136949
0.511734	-0.1136949
0.5111847	-0.1136949
0.5101471	-0.1136949
0.5103455	-0.11371462
0.5098724	-0.11371462
0.5099792	-0.11371462
0.5093384	-0.11387242
0.4927673	-0.11476005
0.4656372	-0.11509537
0.465744	-0.1151151
0.4584808	-0.11521372
0.4408569	-0.11545042
0.3856506	-0.11618025
0.342865	-0.11673255
0.3184204	-0.11710732
0.2846069	-0.11775825
0.2588654	-0.11833027
0.2581024	-0.11835
0.2575684	-0.11840917
0.250946	-0.11860642
0.2475433	-0.1187445
0.2424774	-0.11896147
0.2390137	-0.1190601
0.239563	-0.1190601
0.2392578	-0.1190601
0.2398071	-0.11904037
0.2398529	-0.11904037
0.2403259	-0.11904037
0.2402191	-0.11904037
0.239212	-0.11904037
0.2393494	-0.1190601
0.239151	-0.1190601
0.2382507	-0.1190601
0.2374573	-0.11915872
0.2261658	-0.11996745
0.2159576	-0.12083535
0.2147064	-0.12085507
0.2153625	-0.12091425
0.213028	-0.12117067
0.2086945	-0.12170325
0.20755	-0.12192022
0.2070007	-0.12195967
0.2037048	-0.12227527
0.2007904	-0.12259087
0.1970978	-0.12278812
0.1910553	-0.12326152
0.1881714	-0.12336015
0.1882172	-0.12336015
0.188736	-0.12334042
0.1884003	-0.1233207
0.1883392	-0.12334042
0.1890564	-0.12334042
0.1887054	-0.12334042
0.1881104	-0.12334042
0.1890259	-0.12334042
0.187912	-0.12336015
0.1882629	-0.12336015
0.185318	-0.12367575
0.1754913	-0.12456337
0.1711121	-0.12509595
0.1707001	-0.12525375
0.1695404	-0.12564825
0.1681366	-0.12594412
0.1678619	-0.12618082
0.1674652	-0.12665422
0.1675568	-0.12700927
0.1671753	-0.12730515
0.1681671	-0.12779827
0.1686859	-0.1278969
0.1683655	-0.1279758
0.1682739	-0.12811387
0.1686401	-0.12815332
0.1690674	-0.12815332
0.1687927	-0.12809415
0.1689758	-0.12809415
0.1688843	-0.12809415
0.1689301	-0.12809415
0.1686707	-0.12809415
0.1685181	-0.12809415
0.1685791	-0.12815332
0.1691437	-0.12815332
0.1691589	-0.12825195
0.1726837	-0.12902122
0.1752167	-0.1298694
0.176178	-0.13030335
0.1768494	-0.13052032
0.1778259	-0.13103317
0.178833	-0.13150657
0.180069	-0.13188135
0.1836548	-0.13253227
0.1858063	-0.1327887
0.185791	-0.13282815
0.1859741	-0.13282815
0.1861572	-0.13280842
0.1863556	-0.13274925
0.1858063	-0.13274925
0.1860199	-0.13274925
0.1862335	-0.13274925
0.1857147	-0.13274925
0.1859131	-0.13280842
0.1857605	-0.13280842
0.1864777	-0.13282815
0.1906738	-0.13320292
0.2010498	-0.1340511
0.2052612	-0.13438642
0.2054749	-0.13456395
0.206955	-0.13503735
0.2071533	-0.13525432
0.206604	-0.13543185
0.2059174	-0.13549102
0.205719	-0.13568827
0.2019958	-0.13643782
0.1988525	-0.1367337
0.1987152	-0.13706902
0.1996613	-0.13734517
0.2007751	-0.13748325
0.2070313	-0.1379961
0.2087708	-0.13821307
0.2090759	-0.13821307
0.209259	-0.13819335
0.2089233	-0.1381539
0.20755	-0.1381539
0.2081451	-0.1381539
0.2080841	-0.1381539
0.2073364	-0.1381539
0.2077332	-0.1381539
0.2081909	-0.13819335
0.208313	-0.13821307
0.2142487	-0.13844977
0.2258606	-0.13947547
0.2245941	-0.13994887
0.2220459	-0.14016585
0.2148743	-0.14065897
0.2115479	-0.14087595
0.2078247	-0.14127045
0.2049713	-0.14182275
0.2046356	-0.14213835
0.2048492	-0.14221725
0.2062836	-0.1424934
0.2118225	-0.14302597
0.2163391	-0.14332185
0.2166138	-0.14332185
0.2167053	-0.14332185
0.2165375	-0.14330213
0.2163239	-0.14330213
0.2166138	-0.14330213
0.2172241	-0.14330213
0.2171478	-0.14332185
0.2171173	-0.14332185
0.2168579	-0.14332185
0.2177734	-0.1435191
0.2169952	-0.144387
0.2079163	-0.14489985
0.2047424	-0.14511683
0.199173	-0.14559023
0.1947632	-0.1460439
0.1941528	-0.1462806
0.1949158	-0.14649758
0.195343	-0.14669483
0.198288	-0.14704988
0.1992798	-0.14728658
0.1987152	-0.14728658
0.1992493	-0.14728658
0.2000427	-0.14728658
0.2000427	-0.14728658
0.1994476	-0.14728658
0.1997986	-0.14728658
0.198761	-0.14728658
0.1990051	-0.14728658
0.1987457	-0.14728658
0.1986084	-0.14728658
0.197998	-0.14728658
0.1986694	-0.14728658
0.1989136	-0.14728658
0.1991425	-0.14728658
0.2003784	-0.14734575
0.1942291	-0.14845035
0.1867218	-0.14925908
0.1864777	-0.14925908
0.1854858	-0.14931825
0.1827698	-0.1496733
0.1812897	-0.14992973
0.1811829	-0.14994945
0.1805115	-0.1502256
0.1801147	-0.1504623
0.1804047	-0.1504623
0.1803589	-0.1504623
0.1802826	-0.1504623
0.1802673	-0.1504623
0.1800537	-0.15044258
0.1804352	-0.15044258
0.1804657	-0.15044258
0.1802521	-0.15044258
0.1805725	-0.15044258
0.1804962	-0.15044258
0.1802826	-0.1504623
0.1805267	-0.1504623
0.1805267	-0.15052148
0.1807404	-0.15111323
0.1793518	-0.15202058
0.1782379	-0.15221783
0.175766	-0.15261233
0.1738281	-0.15286875
0.1712952	-0.15342105
0.1694183	-0.15442703
0.1694031	-0.154644
0.1694183	-0.154644
0.1693726	-0.15466373
0.1689758	-0.154644
0.1694794	-0.154644
0.1692047	-0.154644
0.169754	-0.154644
0.16922	-0.154644
0.1689301	-0.154644
0.1695251	-0.154644
0.1691437	-0.154644
0.1687775	-0.15466373
0.1690826	-0.15466373
0.1687622	-0.1549596
0.1673584	-0.15553163
0.166275	-0.1557486
0.1662903	-0.15580778
0.1655884	-0.15626145
0.1645508	-0.15695183
0.1642609	-0.15730688
0.1644745	-0.1579578
0.1637115	-0.1583523
0.1641235	-0.15837203
0.1641693	-0.15845093
0.1638031	-0.15845093
0.1639862	-0.15845093
0.1643677	-0.1584312
0.1640472	-0.1584312
0.1642914	-0.1584312
0.1634827	-0.1584312
0.1642456	-0.1584312
0.1639862	-0.1584312
0.1639557	-0.15845093
0.1638184	-0.15845093
0.1638947	-0.15845093
0.1638794	-0.15870735
0.1640778	-0.1596147
0.1641846	-0.15995003
0.1644897	-0.16010783
0.1646118	-0.16034453
0.1654663	-0.16085738
0.1662445	-0.16148858
0.1673889	-0.16200143
0.1677246	-0.16231703
0.1678772	-0.162534
0.167923	-0.1626918
0.1679688	-0.16279043
0.1676941	-0.16314548
0.1682587	-0.16342163
0.1683197	-0.16342163
0.1681976	-0.16342163
0.1686859	-0.16342163
0.1684113	-0.16342163
0.1684265	-0.16342163
0.1685333	-0.16342163
0.1687317	-0.16342163
0.1680298	-0.16342163
0.1681061	-0.16350053
0.1691284	-0.16389503
0.1710663	-0.16436843
0.1726837	-0.16496018
0.1725006	-0.16535468
0.1717682	-0.16557165
0.1717377	-0.16586753
0.1713257	-0.16626203
0.1736908	-0.16705103
0.1747894	-0.16728773
0.1747437	-0.16730745
0.1752014	-0.16730745
0.1749725	-0.16730745
0.1751709	-0.16730745
0.1753693	-0.16728773
0.1750336	-0.16728773
0.1753387	-0.16728773
0.1751404	-0.16728773
0.1753082	-0.16728773
0.1754303	-0.16728773
0.1752167	-0.16728773
0.1751251	-0.16730745
0.1752625	-0.16730745
0.1759796	-0.16738635
0.1777802	-0.16817535
0.1756134	-0.16896435
0.175293	-0.16902353
0.1752472	-0.16927995
0.1764374	-0.16967445
0.1800995	-0.1702662
0.1816559	-0.17091713
0.1807404	-0.17101575
0.1803284	-0.17107493
0.1797638	-0.17117355
0.1795654	-0.17117355
0.1797028	-0.17117355
0.1797485	-0.17117355
0.1796417	-0.17117355
0.1794586	-0.17117355
0.1793671	-0.17117355
0.1791077	-0.17117355
0.1795349	-0.17117355
0.1793365	-0.17117355
0.1791229	-0.17117355
0.1784973	-0.171213
0.1771851	-0.17170613
0.1754761	-0.17237678
0.1755676	-0.17243595
0.1759033	-0.17259375
0.1783142	-0.17306715
0.1796417	-0.17322495
0.1798401	-0.17338275
0.1805573	-0.17359973
0.1805115	-0.17363918
0.1793213	-0.17415203
0.1744995	-0.17496075
0.1742706	-0.17498048
0.1747742	-0.17503965
0.1744843	-0.17505938
0.1743927	-0.17505938
0.1744232	-0.17505938
0.1744232	-0.17503965
0.1747284	-0.17503965
0.174469	-0.17503965
0.1749878	-0.17503965
0.1743317	-0.17503965
0.1743622	-0.17503965
0.1746368	-0.17503965
0.174469	-0.17503965
0.1743622	-0.17505938
0.1756439	-0.17529608
0.1777954	-0.17620343
0.1773834	-0.17645985
0.1751251	-0.1768938
0.1748505	-0.17693325
0.1726379	-0.17734748
0.1728516	-0.17811675
0.1730652	-0.17821538
0.1733246	-0.1782351
0.1733398	-0.1782351
0.1739044	-0.1782351
0.1738739	-0.1782351
0.1736755	-0.17821538
0.1737061	-0.17821538
0.1735535	-0.17821538
0.1736298	-0.17821538
0.1734009	-0.17821538
0.1737823	-0.17821538
0.1737671	-0.17821538
0.1736145	-0.17821538
0.1736298	-0.17821538
0.1736755	-0.17821538
0.1732635	-0.17811675
0.1735077	-0.17795895
0.1733551	-0.17780115
0.1726379	-0.1776039
0.172287	-0.17748555
0.1715698	-0.17722913
0.1717834	-0.17683463
0.1725159	-0.17661765
0.1729126	-0.1765782
0.1744995	-0.17632178
0.175705	-0.17616398
0.1770325	-0.17590755
0.1769562	-0.1748424
0.1756439	-0.17454653
0.1757813	-0.1744479
0.1759949	-0.1741323
0.1763916	-0.17407313
0.1765594	-0.1739745
0.1769409	-0.17391533
0.1773376	-0.17391533
0.1770782	-0.17393505
0.1773224	-0.17393505
0.1774292	-0.17393505
0.1772156	-0.17393505
0.1771393	-0.17393505
0.177948	-0.17393505
0.1775818	-0.17391533
0.1782379	-0.1737378
0.1816254	-0.17292908
0.1799316	-0.17243595
0.1803284	-0.17241623
0.1773376	-0.17190338
0.1761017	-0.1715286
0.1755676	-0.1715286
0.1762695	-0.17141025
0.1762695	-0.1713708
0.1760254	-0.1713708
0.1763306	-0.17131163
0.1768646	-0.17109465
0.1789246	-0.17077905
0.1804352	-0.17040428
0.180069	-0.1703451
0.1796112	-0.1703451
0.1794586	-0.17036483
0.1796112	-0.17040428
0.1800079	-0.17040428
0.179657	-0.17040428
0.1793518	-0.17040428
0.1789703	-0.17040428
0.1786652	-0.17028593
0.1783295	-0.16991115
0.1741943	-0.16904325
0.1729279	-0.16839233
0.1732025	-0.16825425
0.1748352	-0.16724828
0.1719513	-0.1665579
0.1714172	-0.1665579
0.1720886	-0.1665579
0.1717529	-0.1665579
0.1719971	-0.1665579
0.1717834	-0.1665579
0.1713409	-0.16659735
0.1719513	-0.16661708
0.171936	-0.16661708
0.1722565	-0.16661708
0.1718597	-0.16661708
0.1720276	-0.16661708
0.1722565	-0.16659735
0.1719055	-0.1665579
0.1710815	-0.16622258
0.1712646	-0.16541385
0.1712341	-0.16507853
0.1712189	-0.16484183
0.1714478	-0.1647432
0.171463	-0.16460513
0.1708527	-0.16409228
0.1703796	-0.16385558
0.1699982	-0.16383585
0.1695251	-0.16373723
0.1694336	-0.16365833
0.1696777	-0.16365833
0.1696777	-0.16365833
0.1691589	-0.16369778
0.1696625	-0.1637964
0.1697845	-0.1637964
0.1697998	-0.1637964
0.1697693	-0.1637964
0.170166	-0.16377668
0.1703644	-0.16375695
0.1691132	-0.16336245
0.1681976	-0.16257345
0.1680756	-0.16215923
0.1676331	-0.16210005
0.1676941	-0.16172528
0.1669159	-0.1615083
0.1673279	-0.1614294
0.1672058	-0.1611927
0.1661072	-0.16099545
0.1671295	-0.16099545
0.1665649	-0.16099545
0.1670227	-0.16107435
0.1670227	-0.16109408
0.16716	-0.16109408
0.1671906	-0.16109408
0.167038	-0.16109408
0.1671295	-0.16107435
0.1668549	-0.16107435
0.1661224	-0.16081793
0.1659851	-0.16067985
0.1646271	-0.16042343
0.1631775	-0.15995003
0.1624146	-0.1596147
0.1614685	-0.15951608
0.1611633	-0.15900323
0.1613312	-0.15862845
0.1612091	-0.1583523
0.1619263	-0.15833258
0.1635132	-0.15833258
0.1646881	-0.15833258
0.1642151	-0.15839175
0.1651001	-0.15841148
0.1652527	-0.15841148
0.1647949	-0.15841148
0.1649323	-0.15841148
0.1645203	-0.15841148
0.1647339	-0.1583523
0.1647034	-0.1583523
0.1643372	-0.15817478
0.1636658	-0.15758303
0.1637878	-0.15752385
0.1639862	-0.15738578
0.1649475	-0.15710963
0.1650391	-0.15705045
0.1650543	-0.15681375
0.1654663	-0.15651788
0.1656494	-0.15651788
0.1659698	-0.15639953
0.166626	-0.15578805
0.167038	-0.15557108
0.1674042	-0.15557108
0.1672668	-0.15555135
0.1674347	-0.15555135
0.1675415	-0.15549218
0.1675873	-0.15555135
0.1677399	-0.15555135
0.1677856	-0.15555135
0.1677704	-0.15555135
0.1680145	-0.15555135
0.1679077	-0.15553163
0.1679077	-0.15549218
0.1682892	-0.1553541
0.1699371	-0.15450593
0.1699677	-0.15405225
0.1702881	-0.15391418
0.1711121	-0.15334215
0.1745758	-0.1525137
0.1772156	-0.15209948
0.1779175	-0.1520403
0.1784515	-0.15186278
0.1791382	-0.15184305
0.1789246	-0.15184305
0.1789551	-0.15184305
0.1804352	-0.1518825
0.1807251	-0.1518825
0.1803436	-0.1518825
0.1803894	-0.1518825
0.1801453	-0.1518825
0.180191	-0.15186278
0.1800079	-0.15186278
0.1810455	-0.1514091
0.1814423	-0.1506201
0.1822052	-0.14992973
0.1824951	-0.14971275
0.1831055	-0.14921963
0.1867981	-0.14882513
0.1924896	-0.14845035
0.1977844	-0.14807558
0.1999512	-0.14795723
0.200531	-0.14795723
0.2007904	-0.14795723
0.2002563	-0.14799668
0.1994171	-0.14799668
0.1997528	-0.14799668
0.1996307	-0.14799668
0.1994629	-0.14799668
0.1998444	-0.14799668
0.1999969	-0.14797695
0.1999207	-0.14797695
0.1999054	-0.14795723
0.2010193	-0.14748383
0.1977081	-0.14685263
0.1958466	-0.14663565
0.1955566	-0.14641868
0.194931	-0.14610308
0.1957245	-0.14568885
0.1987915	-0.14537325
0.1999359	-0.14531408
0.2046204	-0.1450182
0.2079315	-0.14489985
0.2072754	-0.14489985
0.2068024	-0.14489985
0.2063446	-0.14489985
0.2072296	-0.14489985
0.2076721	-0.14489985
0.207962	-0.14489985
0.2071533	-0.14489985
0.2077637	-0.14489985
0.2082977	-0.14489985
0.2079315	-0.14489985
0.2080536	-0.14489985
0.2087555	-0.14489985
0.2082214	-0.14489985
0.2099915	-0.14460398
0.2179565	-0.14413058
0.2200775	-0.1439136
0.2197571	-0.14363745
0.2187347	-0.14347965
0.212326	-0.14294708
0.2124023	-0.14276955
0.2118835	-0.14276955
0.2116394	-0.14276955
0.2115173	-0.14276955
0.2121277	-0.14278928
0.212204	-0.14278928
0.212265	-0.14278928
0.2121887	-0.14278928
0.2123108	-0.14278928
0.2117004	-0.14278928
0.2106171	-0.14276955
0.2110748	-0.14276955
0.2091675	-0.14269065
0.2058411	-0.14219753
0.2053223	-0.14196083
0.2047424	-0.14166495
0.2055206	-0.141231
0.2092743	-0.14087595
0.2133331	-0.14061953
0.2181549	-0.14026448
0.2190247	-0.14022503
0.2194366	-0.14022503
0.2191162	-0.1402053
0.2193451	-0.1402053
0.2188721	-0.1402053
0.218399	-0.14024475
0.2185059	-0.14024475
0.2174072	-0.14024475
0.2178192	-0.14024475
0.2185822	-0.14024475
0.2185974	-0.14022503
0.2190704	-0.1402053
0.2188416	-0.1402053
0.2188416	-0.14018558
0.2230377	-0.13971218
0.223053	-0.13919933
0.2195587	-0.13882455
0.2130432	-0.1383906
0.2075653	-0.13795665
0.2018127	-0.13740435
0.1984711	-0.13700985
0.1979218	-0.1367337
0.197937	-0.13669425
0.1972504	-0.13669425
0.1972198	-0.1367337
0.1980286	-0.13677315
0.1984406	-0.13677315
0.1985779	-0.13677315
0.1987152	-0.13677315
0.1977692	-0.1367337
0.1977081	-0.13669425
0.1980591	-0.13669425
0.1989441	-0.1364181
0.2018585	-0.13576718
0.2032471	-0.13560938
0.2051697	-0.13505708
0.2048798	-0.13480065
0.2049255	-0.13462313
0.2029572	-0.13424835
0.1999207	-0.13407083
0.1972198	-0.13377495
0.1942749	-0.13347908
0.1911926	-0.13324238
0.1897125	-0.13304513
0.1859436	-0.13272953
0.1834106	-0.13243365
0.1836853	-0.13243365
0.1833496	-0.13249283
0.1834717	-0.13249283
0.1835785	-0.13249283
0.1837006	-0.13249283
0.1829224	-0.13249283
0.1829071	-0.13243365
0.1833344	-0.13243365
0.1811981	-0.1321575
0.1783752	-0.13146713
0.1774292	-0.13111208
0.1766815	-0.13085565
0.1760254	-0.13055978
0.1759644	-0.1304217
0.1756897	-0.1302639
0.1751404	-0.13016528
0.1750641	-0.1300272
0.1743774	-0.12975105
0.1739044	-0.12945518
0.172821	-0.1290804
0.1714783	-0.12880425
0.1714325	-0.12880425
0.1716919	-0.12880425
0.1716919	-0.12886343
0.1716919	-0.12886343
0.1720276	-0.12886343
0.1716766	-0.12886343
0.1716156	-0.12882398
0.1717987	-0.12880425
0.1712952	-0.12880425
0.1703186	-0.1283703
0.1694946	-0.12779828
0.1688232	-0.12736433
0.1686859	-0.12712763
0.1688995	-0.12698955
0.1686096	-0.12689093
0.1680756	-0.1266345
0.1681213	-0.12637808
0.1677704	-0.1260822
0.1685333	-0.1256877
0.1695862	-0.12533265
0.1717987	-0.1249776
0.1735687	-0.12478035
0.1738586	-0.12478035
0.174057	-0.12480008
0.1741638	-0.12487898
0.174469	-0.12485925
0.1746826	-0.12485925
0.1743927	-0.12485925
0.1743927	-0.12485925
0.1745758	-0.1248198
0.1745911	-0.12480008
0.1759949	-0.12448448
0.1819763	-0.12389273
0.18396	-0.1237152
0.1865692	-0.12330098
0.1940613	-0.1226895
0.2133331	-0.12207803
0.218277	-0.12154545
0.2203369	-0.1212693
0.223114	-0.12097343
0.2248688	-0.120717
0.2261505	-0.1205592
0.2263489	-0.12053948
0.2261047	-0.12057893
0.2263336	-0.12057893
0.2263184	-0.12057893
0.2268219	-0.12057893
0.2268677	-0.12057893
0.2264404	-0.12057893
0.226593	-0.12057893
0.2261963	-0.1205592
0.2262573	-0.12053948
0.2305756	-0.12014498
0.2381439	-0.11939543
0.2420197	-0.11907983
0.2530365	-0.11856698
0.2671814	-0.11799495
0.2788086	-0.11767935
0.2939453	-0.11730458
0.3115692	-0.11691008
0.3214722	-0.11667338
0.3271179	-0.11655503
0.330368	-0.11651558
0.3299408	-0.11651558
0.3353119	-0.11655503
0.3369141	-0.11655503
0.3373871	-0.11655503
0.3374634	-0.11655503
0.3385468	-0.11655503
0.3395233	-0.11655503
0.3391724	-0.11655503
0.3400879	-0.11655503
0.3469849	-0.11647613
0.4107208	-0.11572658
0.4570618	-0.11515455
0.4988861	-0.11454308
0.5211945	-0.1140894
0.5267334	-0.1138527
0.541626	-0.11328068
0.5468597	-0.11276783
0.5465851	-0.1125114
0.5465088	-0.11247195
0.5455017	-0.11225498
0.5437164	-0.11213663
0.5431213	-0.11213663
0.5387878	-0.11221553
0.5409851	-0.11221553
0.5410767	-0.11221553
0.541687	-0.11221553
0.5414429	-0.11221553
0.5420685	-0.11221553
0.5426483	-0.1121958
0.5431061	-0.11217608
0.5408173	-0.11184075
0.5353088	-0.11107148
0.5347137	-0.11063753
0.5353394	-0.11051918
0.5367126	-0.11026275
0.5390625	-0.11000633
0.5449219	-0.10955265
0.5696716	-0.10876365
0.5847778	-0.1084875
0.5915222	-0.10834943
0.598175	-0.10823108
0.5972137	-0.10823108
0.5964661	-0.1082508
0.5958252	-0.10827053
0.5945587	-0.10827053
0.5942688	-0.10827053
0.5948639	-0.10827053
0.5953522	-0.10827053
0.5966187	-0.1082508
0.5965729	-0.1082508
0.5966644	-0.10823108
0.5982208	-0.10823108
0.6117859	-0.10787603
0.6328583	-0.10756043
0.6374207	-0.10736318
0.6551666	-0.10688978
0.6865082	-0.1064361
0.7124481	-0.10623885
0.7464447	-0.10582463
0.7920837	-0.10535123
0.8292084	-0.10503563
0.8616028	-0.10481865
0.8921509	-0.1046214
0.8925934	-0.1046214
0.8924866	-0.10464113
0.9070129	-0.10468058
0.9049225	-0.10468058
0.905304	-0.10468058
0.9069672	-0.10468058
0.9092407	-0.10468058
0.9112549	-0.10468058
0.910614	-0.10468058
0.9115601	-0.1046214
0.9715729	-0.10400993
1.0164032	-0.10373378
1.073761	-0.10324065
1.1559143	-0.10258973
1.1796417	-0.1023333
1.1996307	-0.10207688
1.2247009	-0.10174155
1.2429047	-0.10148513
1.2732239	-0.1009131
1.2912598	-0.10061723
1.2910614	-0.1005975
1.2909698	-0.1005975
1.2917633	-0.10061723
1.2910156	-0.10063695
1.2918091	-0.10063695
1.289917	-0.10063695
1.2909088	-0.10063695
1.2921906	-0.10063695
1.2917328	-0.10061723
1.2926483	-0.10061723
1.3043823	-0.10032135
1.3115387	-0.0993351
1.3070068	-0.09884198
1.3034973	-0.09864473
1.2920685	-0.0980727
1.2890167	-0.09797408
1.2804565	-0.09765848
1.2787323	-0.0975204
1.2803955	-0.0973626
1.2741699	-0.09684975
1.2693176	-0.09669195
1.2686615	-0.09669195
1.2571411	-0.0967314
1.2476654	-0.09677085
1.2468567	-0.09677085
1.2482452	-0.09677085
1.2490692	-0.09677085
1.2490692	-0.09677085
1.2481995	-0.09677085
1.2487946	-0.09677085
1.2490234	-0.09677085
1.2510986	-0.09653415
1.2280579	-0.09566625
1.2206116	-0.09544928
1.1984863	-0.0949956
1.1419525	-0.09406853
1.136673	-0.09393045
1.1276703	-0.09355568
1.1077118	-0.0931809
1.1026306	-0.09300338
1.085434	-0.09251025
1.0839081	-0.09237218
1.0837708	-0.09237218
1.0821381	-0.09237218
1.0830688	-0.09237218
1.0836639	-0.09237218
1.0836182	-0.09237218
1.0830536	-0.09237218
1.0826416	-0.09237218
1.0832672	-0.09237218
1.0831146	-0.09237218
1.0796051	-0.09203685
1.043457	-0.09095198
1.0262909	-0.09016298
0.9895935	-0.08941343
0.9760284	-0.08927535
0.9673767	-0.08895975
0.9608307	-0.08872305
0.95784	-0.08856525
0.9508514	-0.0882102
0.9356995	-0.08755928
0.9301758	-0.08748038
0.9302521	-0.08748038
0.9266205	-0.08748038
0.9275513	-0.0875001
0.9266052	-0.0875001
0.9272919	-0.0875001
0.9258118	-0.0875001
0.9265137	-0.0875001
0.9263611	-0.08748038
0.926651	-0.08748038
0.9118042	-0.08706615
0.8809662	-0.08619825
0.8774567	-0.086001
0.8602448	-0.08525145
0.8418274	-0.08456108
0.8305664	-0.08422575
0.828064	-0.0841074
0.820694	-0.0839496
0.7991791	-0.08357483
0.7841187	-0.08318033
0.7784271	-0.08304225
0.7771759	-0.08304225
0.7767334	-0.08304225
0.7769012	-0.08304225
0.776474	-0.08304225
0.7776184	-0.08304225
0.7780457	-0.08304225
0.7771149	-0.08304225
0.77565	-0.08304225
0.7756348	-0.08304225
0.7763214	-0.08304225
0.7518921	-0.08254913
0.7345428	-0.08223353
0.7173157	-0.08187848
0.6808929	-0.08132618
0.6653137	-0.08108948
0.6552582	-0.08083305
0.6440887	-0.08051745
0.6307983	-0.08022158
0.6048737	-0.07980735
0.5562286	-0.0793734
0.5213318	-0.0792156
0.5200043	-0.0792156
0.5156708	-0.0792156
0.5157471	-0.07923533
0.5169373	-0.07923533
0.515686	-0.07923533
0.5151215	-0.07923533
0.5139465	-0.07923533
0.5123444	-0.07923533
0.5140381	-0.0792156
0.5145569	-0.07917615
0.4569092	-0.07852523
0.4513245	-0.07822935
0.4446411	-0.0778743
0.4158936	-0.07726283
0.3763428	-0.07659218
0.3550415	-0.0762174
0.3429108	-0.07603988
0.3312073	-0.0758229
0.3009644	-0.07532978
0.296814	-0.0752706
0.297287	-0.0752706
0.2948608	-0.07529033
0.2902374	-0.07531005
0.2904358	-0.07531005
0.2901459	-0.07531005
0.2901154	-0.07531005
0.2900085	-0.07531005
0.2885132	-0.07531005
0.288269	-0.07531005
0.2874451	-0.07529033
0.2868195	-0.07529033
0.2775421	-0.07501418
0.2708588	-0.0747183
0.2664185	-0.07444215
0.2545166	-0.0738504
0.2430725	-0.073377
0.2438202	-0.073377
0.2390747	-0.07312058
0.2360992	-0.0729036
0.2341919	-0.07280498
0.2343445	-0.07280498
0.2348022	-0.07276553
0.2310181	-0.07246965
0.2276154	-0.07233158
0.2277679	-0.07233158
0.2276001	-0.0723513
0.2271729	-0.0723513
0.2271118	-0.0723513
0.2267609	-0.0723513
0.2270966	-0.0723513
0.2279205	-0.0723513
0.2275238	-0.0723513
0.2271576	-0.0723513
0.2272034	-0.0723513
0.2277832	-0.07233158
0.2279205	-0.07225268
0.2233429	-0.07170038
0.2173767	-0.07097055
0.2147369	-0.0707733
0.2135162	-0.07073385
0.2116089	-0.07047743
0.20961	-0.07020128
0.2026978	-0.06945173
0.199295	-0.06899805
0.1984863	-0.0688008
0.1955719	-0.0684063
0.1949615	-0.06828795
0.1946869	-0.06828795
0.1944122	-0.06828795
0.1944122	-0.06830768
0.1946564	-0.06830768
0.1942139	-0.06830768
0.1943359	-0.06828795
0.1944275	-0.06828795
0.1946259	-0.06828795
0.1956024	-0.06828795
0.1935272	-0.06781455
0.1877136	-0.06704528
0.1834106	-0.06639435
0.1817932	-0.06623655
0.1809692	-0.06578288
0.1807404	-0.0655659
0.1801758	-0.06538838
0.1797333	-0.06495443
0.1801453	-0.0647769
0.1798248	-0.0643824
0.1798248	-0.06386955
0.1800232	-0.06365258
0.1798706	-0.06365258
0.1800842	-0.06365258
0.1796417	-0.0636723
0.1798553	-0.0636723
0.1800537	-0.0636723
0.1799164	-0.0636723
0.1799164	-0.0636723
0.1801605	-0.06365258
0.1798096	-0.06365258
0.180191	-0.06365258
0.1798859	-0.06357368
0.1805878	-0.06310028
0.1812286	-0.06270578
0.1821594	-0.06237045
0.1829071	-0.06195623
0.184021	-0.0616209
0.1854706	-0.06124613
0.1862946	-0.0609897
0.1874847	-0.06079245
0.1890106	-0.06049658
0.18927	-0.0604374
0.1890259	-0.0604374
0.1888275	-0.06045713
0.1890717	-0.06049658
0.1891632	-0.06049658
0.1890411	-0.06049658
0.1891327	-0.06049658
0.1889038	-0.06049658
0.1894836	-0.06049658
0.1898499	-0.06045713
0.1893616	-0.06045713
0.1896362	-0.0604374
0.1904602	-0.06024015
0.193222	-0.0596484
0.1946716	-0.05915528
0.1964569	-0.05874105
0.1961517	-0.05840573
0.195816	-0.05789288
0.1956024	-0.0576759
0.1952667	-0.05755755
0.1953583	-0.05734058
0.1951447	-0.05734058
0.1948395	-0.05734058
0.1945496	-0.05734058
0.1944885	-0.05741948
0.1945801	-0.05741948
0.1948547	-0.05741948
0.1948395	-0.05741948
0.1950684	-0.05741948
0.1945648	-0.0573603
0.1952209	-0.05734058
0.1949158	-0.05734058
0.194809	-0.05734058
0.1953735	-0.05722223
0.1946716	-0.0565713
0.1949005	-0.05619653
0.19664	-0.05576258
0.1973724	-0.05544698
0.1985016	-0.05519055
0.2003174	-0.05479605
0.2011566	-0.05453963
0.20224	-0.05440155
0.2037811	-0.0540465
0.2058258	-0.05384925
0.2052612	-0.05384925
0.2058411	-0.05384925
0.2059631	-0.05390843
0.206192	-0.05390843
0.2053986	-0.05390843
0.2052765	-0.05390843
0.2061462	-0.0538887
0.2068329	-0.05384925
0.2069092	-0.05384925
0.2066956	-0.05384925
0.206665	-0.05379008
0.2096252	-0.05331668
0.2097778	-0.05290245
0.2089691	-0.05235015
0.2062683	-0.05189648
0.2045288	-0.05165978
0.203064	-0.05134418
0.2007141	-0.05100885
0.1998291	-0.0507327
0.1994781	-0.05045655
0.1991882	-0.05039738
0.1989136	-0.05039738
0.1993256	-0.05043683
0.199707	-0.05045655
0.1990967	-0.05045655
0.1993256	-0.05045655
0.1994781	-0.05045655
0.1986084	-0.05045655
0.1987152	-0.05045655
0.1986389	-0.05039738
0.1979675	-0.05039738
0.1975555	-0.05037765
0.1977539	-0.04996343
0.1989594	-0.04945058
0.2001953	-0.04901663
0.2016144	-0.04870103
0.2020111	-0.0485235
0.20224	-0.0482868
0.2037354	-0.04803038
0.2053833	-0.04793175
0.2060242	-0.04779368
0.207077	-0.0474189
0.2064514	-0.04724138
0.2067719	-0.04724138
0.2052917	-0.0472611
0.2054901	-0.04734
0.2047577	-0.04734
0.204895	-0.04734
0.2053375	-0.04734
0.2051697	-0.04734
0.2057343	-0.04734
0.2055664	-0.04728083
0.2056274	-0.04728083
0.2055817	-0.04728083
0.2057495	-0.0472611
0.203598	-0.04682715
0.2023621	-0.04651155
0.1990662	-0.04617623
0.1960754	-0.045762
0.1945953	-0.04550558
0.193634	-0.04532805
0.1927185	-0.04511108
0.1929169	-0.04501245
0.1932526	-0.04499273
0.1931305	-0.044973
0.1934814	-0.04495328
0.1927948	-0.04495328
0.1935272	-0.04499273
0.1930847	-0.04501245
0.192627	-0.04501245
0.1932526	-0.04501245
0.1925354	-0.04501245
0.1928406	-0.04501245
0.1928711	-0.04501245
0.1933289	-0.04495328
0.1934509	-0.04495328
0.1934814	-0.04495328
0.1929626	-0.04493355
0.1925507	-0.04461795
0.1924286	-0.04451933
0.1917725	-0.04400648
0.1924744	-0.04351335
0.1926727	-0.04327665
0.1931763	-0.04303995
0.1929474	-0.0428427
0.1935272	-0.042606
0.1925964	-0.04219178
0.1917572	-0.04185645
0.1907806	-0.0416592
0.1899719	-0.04160003
0.1904755	-0.04160003
0.1909485	-0.04163948
0.1904907	-0.04163948
0.1907654	-0.04163948
0.1910095	-0.04163948
0.1910858	-0.04163948
0.1903992	-0.04161975
0.1911011	-0.04160003
0.1911621	-0.04160003
0.1898346	-0.04120553
0.1871033	-0.04065323
0.1863251	-0.03994313
0.1859283	-0.03950918
0.1863708	-0.03919358
0.1859283	-0.03879908
0.1865997	-0.0385821
0.1860199	-0.03844403
0.1859589	-0.03828623
0.1858368	-0.0382665
0.1861725	-0.0382665
0.1856842	-0.03830595
0.1854706	-0.03830595
0.1850739	-0.03830595
0.1853027	-0.03830595
0.1849518	-0.03830595
0.1854095	-0.0382665
0.1851196	-0.0382665
0.1847076	-0.03824678
0.1840668	-0.03791145
0.1832581	-0.03712245
0.1825409	-0.03666878
0.1823883	-0.03623483
0.1822815	-0.03584033
0.1825256	-0.03548528
0.1820984	-0.0351894
0.1822968	-0.0351105
0.1819153	-0.03505133
0.182312	-0.0350316
0.1822662	-0.03505133
0.1819	-0.03509078
0.1822662	-0.03509078
0.181839	-0.03509078
0.1820374	-0.03509078
0.1820374	-0.03509078
0.1814117	-0.03505133
0.1816406	-0.03505133
0.1812286	-0.0350316
0.1812744	-0.0349527
0.1801758	-0.0343215
0.1797485	-0.03349305
0.1795807	-0.03294075
0.1794739	-0.0325068
0.1791229	-0.0321912
0.1790924	-0.0319545
0.1784515	-0.0317178
0.1784821	-0.03154028
0.1781769	-0.0313233
0.1777649	-0.03130358
0.1778412	-0.0313233
0.1778564	-0.03136275
0.1774292	-0.03136275
0.1777344	-0.03136275
0.1775055	-0.03136275
0.1773682	-0.03136275
0.1768799	-0.03136275
0.1770172	-0.0313233
0.1773071	-0.0313233
0.1771698	-0.03130358
0.1766663	-0.03094853
0.1772766	-0.03063293
0.1771698	-0.03023843
0.17659	-0.03008063
0.1765289	-0.02986365
0.1760559	-0.02960723
0.1758118	-0.0292719
0.1756439	-0.02891685
0.1759491	-0.0287196
0.1757507	-0.02854208
0.1751556	-0.0284829
0.1755066	-0.0284829
0.1756744	-0.0284829
0.1759491	-0.02854208
0.1759186	-0.02854208
0.1760864	-0.02854208
0.1763153	-0.02854208
0.1764221	-0.02854208
0.1761322	-0.02854208
0.1761475	-0.02854208
0.1766205	-0.02854208
0.1763306	-0.02852235
0.1759796	-0.02850263
0.1758575	-0.0279306
0.1765137	-0.02727968
0.1773224	-0.0269049
0.1770782	-0.02660903
0.1776276	-0.02631315
0.1776733	-0.02593838
0.1781006	-0.02566223
0.1778564	-0.0254847
0.1777802	-0.02538608
0.1777954	-0.02538608
0.1776123	-0.02538608
0.1775818	-0.0254058
0.177597	-0.0254058
0.1776123	-0.0254058
0.1780701	-0.0254058
0.1781311	-0.0254058
0.1783905	-0.02538608
0.1780853	-0.02538608
0.1783142	-0.02534663
0.1782837	-0.02487323
0.1790009	-0.02436038
0.1796265	-0.02368973
0.1795349	-0.0233544
0.1799927	-0.0231177
0.1797028	-0.0227232
0.1793976	-0.02242733
0.1795197	-0.02199338
0.1794281	-0.0216975
0.1785583	-0.0213819
0.1792908	-0.02102685
0.1791382	-0.02094795
0.1797943	-0.02096768
0.1798248	-0.02100713
0.1797028	-0.02100713
0.1804962	-0.02100713
0.1806793	-0.02100713
0.1806335	-0.02100713
0.1808319	-0.0209874
0.1807098	-0.0209874
0.181015	-0.02094795
0.1821289	-0.02055345
0.1826019	-0.02023785
0.1832581	-0.01994198
0.1832581	-0.01984335
0.18367	-0.01970528
0.1838989	-0.01935023
0.1836853	-0.0190149
0.1837921	-0.01873875
0.1836395	-0.01832453
0.1835785	-0.01793003
0.1838226	-0.01777223
0.1840515	-0.01749608
0.1856537	-0.01692405
0.1858215	-0.01686488
0.1862793	-0.01692405
0.1861572	-0.01692405
0.1865082	-0.01692405
0.1868286	-0.01692405
0.1872253	-0.01692405
0.1872864	-0.01692405
0.1873169	-0.01692405
0.187027	-0.01690433
0.1880493	-0.01690433
0.1876221	-0.01676625
0.1879883	-0.01629285
0.1868439	-0.0158589
0.1865845	-0.01516853
0.1867828	-0.0147543
0.1873322	-0.01439925
0.1870117	-0.01384695
0.186615	-0.01362998
0.1865845	-0.01361025
0.1864624	-0.0135708
0.1871796	-0.01351163
0.1869354	-0.01351163
0.186554	-0.0133341
0.1860352	-0.0128607
0.1862183	-0.01266345
0.1858521	-0.01258455
0.1859894	-0.01250565
0.1863251	-0.01250565
0.1860504	-0.01250565
0.1864014	-0.01250565
0.186554	-0.01250565
0.1864166	-0.01250565
0.1865234	-0.01250565
0.1865082	-0.01250565
0.1862488	-0.01242675
0.1861115	-0.01195335
0.1865692	-0.01161803
0.1865082	-0.011046
0.186554	-0.01043453
0.1859589	-0.01007948
0.1858215	-0.0098625
0.1854553	-0.00950745
0.1851654	-0.0089157
0.1854706	-0.00854093
0.1846619	-0.00822533
0.1847687	-0.00792945
0.1848602	-0.00790973
0.184845	-0.00792945
0.1850739	-0.00792945
0.1846313	-0.00792945
0.1846466	-0.00792945
0.1846466	-0.00792945
0.1847534	-0.00792945
0.1844177	-0.00792945
0.1842804	-0.00790973
0.1840668	-0.0074166
0.184082	-0.00712073
0.1843262	-0.00668678
0.183609	-0.00611475
0.1837769	-0.00566108
0.1837463	-0.00530603
0.1837769	-0.0051285
0.1837158	-0.004734
0.1838379	-0.0041817
0.1837311	-0.003945
0.1841583	-0.00392528
0.1842041	-0.00392528
0.1834412	-0.00392528
0.1846466	-0.00392528
0.1841888	-0.00392528
0.1842804	-0.00392528
0.1842804	-0.00392528
0.1846313	-0.00392528
0.1844177	-0.00392528
0.1845856	-0.00392528
0.1838837	-0.0034716
0.1844788	-0.00286013
0.1842041	-0.00240645
0.184021	-0.00218948
0.1841125	-0.00199223
0.1838837	-0.00159773
0.1842804	-0.0010257
0.1842651	-0.000650925
0.1841278	-0.00011835
0.1848602	1.9725e-05
0.184433	1.9725e-05
0.184845	1.9725e-05
0.1849518	1.9725e-05
0.1846771	1.9725e-05
0.1846771	1.9725e-05
0.1848297	1.9725e-05
0.1855164	1.9725e-05
0.1849365	1.9725e-05
0.1852875	1.9725e-05
0.185318	1.9725e-05
0.1853943	-2.05693481e-16
0.1853485	-2.05693481e-16
0.1851959	-2.05693481e-16
0.1851044	-2.05693481e-16
0.1854553	-2.05693481e-16
0.184845	-2.05693481e-16
0.185318	-2.05693481e-16
0.1852112	-2.05693481e-16
0.1854553	-2.05693481e-16
0.1854553	-2.05693481e-16
0.1855316	-2.05693481e-16
0.1854248	-2.05693481e-16
0.1856232	-2.05693481e-16
0.1855164	-2.05693481e-16
0.1853638	-2.05693481e-16
0.1847687	-2.05693481e-16
0.1852264	-2.05693481e-16
0.1852264	-2.05693481e-16
0.1848145	-2.05693481e-16
0.1850739	-2.05693481e-16
0.1853333	-2.05693481e-16
0.1849213	-2.05693481e-16
0.184906	-2.05693481e-16
0.1847687	-2.05693481e-16
0.1846924	-2.05693481e-16
0.1846619	-2.05693481e-16
0.1842194	-2.05693481e-16
0.1847992	-2.05693481e-16
0.1844025	-2.05693481e-16
0.1840057	-2.05693481e-16
0.1842651	-2.05693481e-16
0.1836395	-2.05693481e-16
0.1836395	-2.05693481e-16
0.1836548	-2.05693481e-16
0.1837769	-2.05693481e-16
0.1840668	-2.05693481e-16
0.184082	-2.05693481e-16
0.1840515	-2.05693481e-16
0.1844177	-2.05693481e-16
0.1843262	-2.05693481e-16
0.1841431	-2.05693481e-16
0.1843719	-2.05693481e-16
0.1847534	-2.05693481e-16
0.1844788	-2.05693481e-16
0.184845	-2.05693481e-16
0.1846771	-2.05693481e-16
0.1846619	-2.05693481e-16
0.1851501	-2.05693481e-16
0.1852417	-2.05693481e-16
0.1851349	-2.05693481e-16
0.1842499	-2.05693481e-16
0.185318	-2.05693481e-16
0.1853333	-2.05693481e-16
0.1850281	-2.05693481e-16
0.1850281	-2.05693481e-16
0.1850739	-2.05693481e-16
0.1849823	-2.05693481e-16
0.1858978	-2.05693481e-16
0.1853943	-2.05693481e-16
0.1853333	-2.05693481e-16
0.1851196	-2.05693481e-16
0.1853333	-2.05693481e-16
0.1851196	-2.05693481e-16
0.1856232	-2.05693481e-16
0.1855774	-2.05693481e-16
0.1852417	-2.05693481e-16
0.1850891	-2.05693481e-16
0.1848602	-2.05693481e-16
0.1849823	-2.05693481e-16
0.1851501	-2.05693481e-16
0.1846924	-2.05693481e-16
0.184845	-2.05693481e-16
0.1848297	-2.05693481e-16
0.1854553	-2.05693481e-16
0.1847687	-2.05693481e-16
0.1855316	-2.05693481e-16
0.184906	-2.05693481e-16
0.1853333	-2.05693481e-16
0.1854095	-2.05693481e-16
0.1854858	-2.05693481e-16
0.1858063	-2.05693481e-16
0.1857758	-2.05693481e-16
0.1852417	-2.05693481e-16
0.1855164	-2.05693481e-16
0.1853027	-2.05693481e-16
0.1856689	-2.05693481e-16
0.1851807	-2.05693481e-16
0.1856384	-2.05693481e-16
0.1856842	-2.05693481e-16
0.1860962	-2.05693481e-16
0.1856689	-2.05693481e-16
0.1857758	-2.05693481e-16
0.1859741	-2.05693481e-16
0.1855316	-2.05693481e-16
0.1860352	-2.05693481e-16
0.1863098	-2.05693481e-16
0.1857452	-2.05693481e-16
0.1856689	-2.05693481e-16
0.1860504	-2.05693481e-16
0.1860809	-2.05693481e-16
0.1859894	-2.05693481e-16
0.186554	-2.05693481e-16
0.1862793	-2.05693481e-16
0.1859589	-2.05693481e-16
0.1862488	-2.05693481e-16
0.1860352	-2.05693481e-16
0.1865692	-2.05693481e-16
