Light Intensity (% of scale max) Alessandra_0.08_1.5_lampadina	Position (m) Alessandra_0.08_1.5_lampadina
0.03499	0.0
0.03479	0.0
0.03525	0.0
0.03491	0.0
0.03522	0.0
0.03499	0.0
0.03497	0.0
0.03516	0.0
0.03519	0.0
0.03481	0.0
0.03523	0.0
0.03548	0.0
0.03511	0.0
0.03548	0.0
0.03549	0.0
0.03513	0.0
0.03523	0.0
0.03549	0.0
0.03526	0.0
0.03506	0.0
0.03503	0.0
0.03554	0.0
0.03488	0.0
0.03542	0.0
0.03513	0.0
0.03539	0.0
0.0349	0.0
0.03519	0.0
0.03542	0.0
0.03502	-1.9725e-05
0.03545	-1.9725e-05
0.03493	-1.9725e-05
0.0349	-1.9725e-05
0.0351	-1.9725e-05
0.03468	-1.9725e-05
0.03519	-1.9725e-05
0.03517	-1.9725e-05
0.03522	-3.945e-05
0.03543	-3.945e-05
0.03543	-3.945e-05
0.0351	-3.945e-05
0.03552	-3.945e-05
0.03513	-5.9175e-05
0.03496	-9.8625e-05
0.03543	-0.00011835
0.03505	-0.0001578
0.03473	-0.00019725
0.03497	-0.0002367
0.03523	-0.0002367
0.0352	-0.000295875
0.03531	-0.000374775
0.03481	-0.00051285
0.03474	-0.000690375
0.03447	-0.00082845
0.03444	-0.00098625
0.03447	-0.001105
0.03439	-0.001262
0.03442	-0.00146
0.03424	-0.001657
0.03401	-0.001874
0.03404	-0.00215
0.03416	-0.002367
0.03392	-0.002505
0.03461	-0.002584
0.03467	-0.002683
0.03484	-0.002781
0.03462	-0.002919
0.03476	-0.003077
0.0349	-0.003314
0.03552	-0.00359
0.03545	-0.003906
0.03622	-0.004399
0.03662	-0.00499
0.03703	-0.00505
0.03734	-0.00505
0.0368	-0.00505
0.03738	-0.00505
0.03706	-0.00505
0.03709	-0.00505
0.03751	-0.00505
0.03677	-0.00505
0.03725	-0.00505
0.03722	-0.00505
0.03696	-0.00505
0.03778	-0.00505
0.03757	-0.00505
0.03743	-0.00505
0.03731	-0.00505
0.03734	-0.00505
0.0372	-0.00505
0.03717	-0.00505
0.03734	-0.00505
0.03717	-0.00505
0.03729	-0.005148
0.03777	-0.005523
0.03725	-0.005858
0.03723	-0.006056
0.03708	-0.006253
0.0369	-0.006568
0.03563	-0.006923
0.03532	-0.007219
0.03528	-0.007673
0.03458	-0.008028
0.03435	-0.008304
0.03407	-0.008718
0.034	-0.009034
0.0341	-0.009192
0.03416	-0.00931
0.03374	-0.009448
0.03421	-0.009586
0.03389	-0.009705
0.03441	-0.01006
0.03464	-0.010257
0.03526	-0.010336
0.03494	-0.010573
0.03546	-0.010809
0.03561	-0.011007
0.03574	-0.011224
0.03622	-0.011519
0.03653	-0.011657
0.03632	-0.011657
0.03607	-0.011657
0.03607	-0.011657
0.03618	-0.011657
0.03596	-0.011657
0.0361	-0.011657
0.03595	-0.011657
0.03624	-0.011657
0.03632	-0.011657
0.03592	-0.011657
0.03596	-0.011657
0.03603	-0.011657
0.03618	-0.011657
0.03601	-0.011657
0.03571	-0.011657
0.03571	-0.011657
0.03641	-0.011736
0.03616	-0.012091
0.03699	-0.012308
0.0374	-0.012545
0.03783	-0.01292
0.03821	-0.013255
0.03838	-0.013591
0.03783	-0.014005
0.03735	-0.01436
0.03604	-0.014754
0.03589	-0.01505
0.03545	-0.015326
0.03482	-0.015583
0.035	-0.015741
0.03452	-0.015879
0.03441	-0.016017
0.03427	-0.016214
0.0343	-0.016411
0.03427	-0.016786
0.03371	-0.017141
0.03377	-0.017457
0.03497	-0.018108
0.03531	-0.018463
0.03595	-0.018758
0.03682	-0.018995
0.03723	-0.019074
0.03702	-0.019074
0.037	-0.019074
0.03682	-0.019074
0.03685	-0.019074
0.03687	-0.019074
0.03714	-0.019074
0.03708	-0.019074
0.03699	-0.019074
0.03714	-0.019074
0.03688	-0.019074
0.03708	-0.019074
0.0367	-0.019074
0.037	-0.019074
0.03687	-0.019074
0.0374	-0.019074
0.03752	-0.019074
0.03748	-0.019074
0.03699	-0.019074
0.03729	-0.019074
0.03725	-0.019133
0.03773	-0.01939
0.03796	-0.019646
0.0385	-0.019883
0.03856	-0.020159
0.03862	-0.020435
0.03827	-0.02081
0.03836	-0.021264
0.0383	-0.021619
0.03804	-0.022033
0.03841	-0.022348
0.03763	-0.022565
0.03699	-0.022822
0.03674	-0.02294
0.03619	-0.023137
0.03568	-0.023335
0.03528	-0.023473
0.03523	-0.02367
0.03435	-0.023887
0.03413	-0.024005
0.03383	-0.024242
0.03391	-0.0244
0.03342	-0.024538
0.03391	-0.024755
0.03404	-0.025051
0.03403	-0.025248
0.03491	-0.025524
0.03548	-0.025702
0.03593	-0.025899
0.03659	-0.026175
0.03709	-0.02651
0.03757	-0.026806
0.03835	-0.027043
0.03838	-0.02726
0.03908	-0.027457
0.03925	-0.027615
0.03908	-0.027674
0.03899	-0.027674
0.03918	-0.027654
0.0387	-0.027654
0.03864	-0.027654
0.03879	-0.027654
0.03925	-0.027654
0.03877	-0.027654
0.03917	-0.027654
0.0386	-0.027654
0.03857	-0.027654
0.03932	-0.027654
0.03911	-0.027654
0.03888	-0.027654
0.03929	-0.027654
0.03897	-0.027654
0.03922	-0.027674
0.0394	-0.027674
0.039	-0.027733
0.04031	-0.028148
0.04199	-0.028404
0.04265	-0.028542
0.04333	-0.0287
0.04443	-0.028917
0.04501	-0.029134
0.04497	-0.02941
0.04376	-0.029804
0.04225	-0.030061
0.04057	-0.030317
0.0392	-0.030593
0.0387	-0.030771
0.03766	-0.030968
0.03693	-0.031166
0.0359	-0.031442
0.03525	-0.031757
0.03456	-0.032132
0.0336	-0.032487
0.03442	-0.032803
0.0343	-0.032921
0.03467	-0.033079
0.03506	-0.033217
0.03534	-0.033296
0.03545	-0.033335
0.03598	-0.033414
0.03593	-0.033434
0.03592	-0.033454
0.03613	-0.033454
0.03575	-0.033414
0.03621	-0.033394
0.03577	-0.033394
0.03593	-0.033394
0.03586	-0.033394
0.03563	-0.033394
0.03615	-0.033394
0.03621	-0.033394
0.03606	-0.033394
0.03601	-0.033394
0.03621	-0.033394
0.03606	-0.033434
0.03619	-0.033434
0.03616	-0.033434
0.03656	-0.033493
0.03778	-0.033986
0.03899	-0.034243
0.03946	-0.0344
0.03975	-0.034538
0.04041	-0.034736
0.04152	-0.034992
0.04265	-0.035229
0.04266	-0.035347
0.04401	-0.035643
0.04587	-0.03586
0.04662	-0.036077
0.04865	-0.036333
0.05023	-0.036511
0.0515	-0.036807
0.05138	-0.037182
0.05095	-0.037339
0.05013	-0.037497
0.04741	-0.037793
0.04634	-0.037971
0.04498	-0.038128
0.04318	-0.038345
0.04114	-0.038562
0.03931	-0.038779
0.03688	-0.039174
0.03516	-0.039628
0.03436	-0.039904
0.03375	-0.039923
0.03418	-0.039904
0.03455	-0.039884
0.03397	-0.039884
0.03423	-0.039884
0.0345	-0.039884
0.03448	-0.039884
0.03452	-0.039884
0.03473	-0.039884
0.03467	-0.039884
0.03424	-0.039864
0.03448	-0.039864
0.03465	-0.039864
0.03424	-0.039864
0.03436	-0.039864
0.03438	-0.039864
0.03462	-0.039864
0.03435	-0.039884
0.03426	-0.039923
0.03479	-0.039923
0.03415	-0.039923
0.03441	-0.039983
0.03421	-0.040338
0.03406	-0.040594
0.0343	-0.04091
0.03664	-0.041206
0.03798	-0.041383
0.03993	-0.041659
0.04335	-0.041955
0.04465	-0.042192
0.0468	-0.042488
0.04703	-0.042547
0.04836	-0.042744
0.04788	-0.042882
0.04907	-0.04304
0.04936	-0.043099
0.04936	-0.043099
0.04988	-0.043158
0.05055	-0.043296
0.05072	-0.043454
0.05106	-0.043651
0.05173	-0.04379
0.05206	-0.043987
0.05283	-0.044105
0.05356	-0.044223
0.05431	-0.04448
0.05542	-0.044618
0.05598	-0.044815
0.05661	-0.044973
0.05713	-0.04521
0.05707	-0.045545
0.05733	-0.045584
0.05693	-0.045584
0.05727	-0.045525
0.05724	-0.045525
0.05716	-0.045525
0.05702	-0.045525
0.05699	-0.045525
0.05687	-0.045525
0.05731	-0.045525
0.05731	-0.045525
0.05701	-0.045525
0.05714	-0.045525
0.05722	-0.045525
0.05708	-0.045525
0.05742	-0.045584
0.05756	-0.045584
0.05713	-0.045604
0.0571	-0.045663
0.05635	-0.045861
0.05611	-0.0459
0.05484	-0.046058
0.05136	-0.046373
0.04823	-0.04665
0.04431	-0.046906
0.04074	-0.047182
0.03725	-0.047478
0.03568	-0.047715
0.03459	-0.047912
0.03377	-0.048149
0.03407	-0.048405
0.03465	-0.048681
0.03546	-0.048997
0.03709	-0.049273
0.03972	-0.049549
0.04376	-0.049845
0.04886	-0.050121
0.05254	-0.050318
0.05627	-0.050476
0.06094	-0.050693
0.06595	-0.050891
0.07082	-0.051068
0.07483	-0.051265
0.0788	-0.051482
0.0816	-0.05168
0.08287	-0.051857
0.0835	-0.051995
0.08345	-0.052153
0.08408	-0.052192
0.08345	-0.052252
0.08275	-0.05239
0.0818	-0.052488
0.08122	-0.052547
0.08138	-0.052567
0.08105	-0.052567
0.08124	-0.052547
0.08063	-0.052508
0.08073	-0.052508
0.08109	-0.052508
0.08104	-0.052508
0.08072	-0.052508
0.08124	-0.052508
0.08124	-0.052508
0.08139	-0.052508
0.08095	-0.052508
0.0815	-0.052508
0.08113	-0.052508
0.08148	-0.052508
0.08131	-0.052508
0.08163	-0.052528
0.08183	-0.052547
0.08206	-0.052547
0.08202	-0.052567
0.08154	-0.052587
0.07957	-0.052824
0.07553	-0.05308
0.07217	-0.053297
0.06895	-0.053494
0.06609	-0.053652
0.06314	-0.05381
0.06116	-0.053968
0.05664	-0.054224
0.05231	-0.054559
0.04761	-0.054895
0.04446	-0.055112
0.04083	-0.055388
0.03882	-0.055565
0.03738	-0.055782
0.03635	-0.055901
0.03545	-0.056058
0.03514	-0.056197
0.03503	-0.056295
0.03493	-0.056433
0.03549	-0.056512
0.03549	-0.056611
0.03683	-0.056729
0.03798	-0.056847
0.03883	-0.056907
0.04166	-0.057045
0.04585	-0.057262
0.04965	-0.0574
0.05319	-0.057518
0.05585	-0.057636
0.06084	-0.057814
0.06223	-0.057853
0.06204	-0.057853
0.06209	-0.057853
0.0621	-0.057853
0.06172	-0.057775
0.06172	-0.057775
0.06163	-0.057775
0.06169	-0.057775
0.06154	-0.057775
0.06223	-0.057775
0.06194	-0.057775
0.06161	-0.057775
0.06157	-0.057775
0.06161	-0.057775
0.06186	-0.057775
0.06152	-0.057794
0.06207	-0.057853
0.0621	-0.057853
0.0623	-0.057853
0.06285	-0.057893
0.07021	-0.058149
0.07867	-0.058445
0.08574	-0.058702
0.09262	-0.058997
0.09618	-0.059195
0.09779	-0.059353
0.09962	-0.05953
0.10072	-0.059747
0.10152	-0.059964
0.10207	-0.060161
0.10196	-0.060339
0.10144	-0.060477
0.09952	-0.060654
0.09814	-0.060832
0.09575	-0.061029
0.0943	-0.061207
0.09175	-0.061384
0.08807	-0.061621
0.08369	-0.061858
0.07834	-0.062134
0.0752	-0.062292
0.07222	-0.062449
0.06808	-0.062627
0.06535	-0.062745
0.06265	-0.062883
0.06046	-0.062982
0.05794	-0.063081
0.05551	-0.063199
0.05417	-0.063258
0.05116	-0.063396
0.04924	-0.063495
0.04704	-0.063613
0.04579	-0.063692
0.04283	-0.06387
0.0406	-0.064027
0.04019	-0.064106
0.03986	-0.064106
0.03996	-0.064106
0.04024	-0.064067
0.04008	-0.064067
0.0403	-0.064067
0.0403	-0.064067
0.04019	-0.064067
0.04008	-0.064067
0.04013	-0.064067
0.03996	-0.064067
0.03996	-0.064067
0.04027	-0.064067
0.03987	-0.064067
0.04007	-0.064087
0.04002	-0.064106
0.03987	-0.064106
0.04005	-0.064185
0.04005	-0.064461
0.04222	-0.064599
0.0441	-0.064698
0.04668	-0.064915
0.05045	-0.065073
0.05759	-0.065191
0.06393	-0.065369
0.07411	-0.065605
0.08496	-0.065842
0.09772	-0.066098
0.10765	-0.066315
0.11601	-0.066513
0.12256	-0.066671
0.12837	-0.066868
0.1337	-0.067026
0.13995	-0.067262
0.14449	-0.067479
0.14645	-0.067657
0.14845	-0.067795
0.14896	-0.067893
0.14917	-0.068032
0.14903	-0.06817
0.14897	-0.068229
0.14801	-0.068367
0.14699	-0.068426
0.14549	-0.068544
0.14391	-0.068663
0.14279	-0.068761
0.13959	-0.068899
0.13791	-0.068998
0.13695	-0.069057
0.13425	-0.069136
0.13297	-0.069215
0.12996	-0.069333
0.12622	-0.069471
0.12152	-0.069629
0.11707	-0.069787
0.10573	-0.070043
0.09818	-0.07026
0.09206	-0.070418
0.08501	-0.070556
0.08011	-0.070694
0.07404	-0.070852
0.06804	-0.070971
0.06833	-0.070971
0.0686	-0.070951
0.06889	-0.070951
0.06833	-0.070951
0.06831	-0.070951
0.06839	-0.070951
0.06839	-0.070951
0.06807	-0.070951
0.06827	-0.070951
0.06898	-0.070951
0.0688	-0.070951
0.06868	-0.070951
0.06856	-0.070951
0.06822	-0.070971
0.06822	-0.070971
0.06531	-0.071089
0.0576	-0.071306
0.05464	-0.071405
0.05338	-0.071464
0.04991	-0.071602
0.04662	-0.07172
0.0448	-0.071838
0.04266	-0.071996
0.04192	-0.072134
0.0435	-0.072391
0.04822	-0.072627
0.05794	-0.072904
0.0746	-0.073219
0.09735	-0.073535
0.1228	-0.073811
0.14316	-0.073988
0.15714	-0.074107
0.16948	-0.074205
0.18144	-0.074304
0.19495	-0.074403
0.21147	-0.07458
0.24583	-0.074876
0.27452	-0.075152
0.30586	-0.075468
0.32697	-0.075764
0.33705	-0.075862
0.34103	-0.07604
0.34195	-0.076079
0.34258	-0.076119
0.3423	-0.076178
0.34244	-0.076217
0.34085	-0.076316
0.34013	-0.076355
0.33846	-0.076415
0.33542	-0.076474
0.33226	-0.076553
0.32863	-0.076612
0.32822	-0.076632
0.32784	-0.076632
0.32776	-0.076632
0.32797	-0.076632
0.32759	-0.076632
0.32814	-0.076632
0.32803	-0.076632
0.3279	-0.076632
0.32785	-0.076671
0.3158	-0.076849
0.30736	-0.076908
0.29909	-0.076967
0.28828	-0.077085
0.27032	-0.077243
0.26279	-0.077322
0.24979	-0.077421
0.22301	-0.077657
0.20517	-0.077835
0.17908	-0.078052
0.13034	-0.078427
0.10939	-0.078624
0.09146	-0.078801
0.07344	-0.079018
0.06453	-0.079156
0.05779	-0.079314
0.05373	-0.079433
0.05215	-0.079551
0.05255	-0.079768
0.05557	-0.079886
0.05815	-0.079945
0.05835	-0.079945
0.05731	-0.079945
0.05769	-0.079926
0.05815	-0.079926
0.05818	-0.079926
0.05804	-0.079926
0.05821	-0.079926
0.0582	-0.079926
0.05811	-0.079926
0.05826	-0.079926
0.05821	-0.079926
0.0582	-0.079926
0.05766	-0.079926
0.05841	-0.079926
0.058	-0.079926
0.05812	-0.079926
0.05838	-0.079926
0.05876	-0.079945
0.0587	-0.079945
0.05888	-0.079965
0.05893	-0.079965
0.05952	-0.079965
0.06186	-0.080044
0.07587	-0.080241
0.09448	-0.080439
0.11674	-0.080636
0.14798	-0.080853
0.19012	-0.081109
0.23152	-0.081306
0.27254	-0.081484
0.32835	-0.081701
0.3519	-0.08178
0.38596	-0.081957
0.47266	-0.082174
0.53894	-0.082431
0.59142	-0.082648
0.63448	-0.082845
0.67461	-0.083042
0.70393	-0.08322
0.72827	-0.083378
0.74982	-0.083535
0.76501	-0.083654
0.77463	-0.083772
0.78273	-0.08393
0.78867	-0.084068
0.78537	-0.084265
0.77467	-0.084462
0.75902	-0.08462
0.74718	-0.084739
0.72954	-0.084877
0.71596	-0.084975
0.70326	-0.085034
0.69156	-0.085113
0.68164	-0.085173
0.67531	-0.085212
0.66528	-0.085271
0.65363	-0.08533
0.64407	-0.08539
0.62572	-0.085449
0.57227	-0.085626
0.49649	-0.085902
0.46033	-0.086021
0.38911	-0.086238
0.33739	-0.086396
0.2657	-0.086632
0.22754	-0.08677
0.1881	-0.086928
0.17072	-0.087007
0.15546	-0.087086
0.14206	-0.087165
0.13632	-0.087204
0.13628	-0.087204
0.13715	-0.087204
0.1371	-0.087185
0.13776	-0.087185
0.13673	-0.087185
0.13539	-0.087185
0.1351	-0.087185
0.13445	-0.087185
0.13522	-0.087185
0.13474	-0.087185
0.13545	-0.087185
0.13548	-0.087185
0.13596	-0.087185
0.13602	-0.087185
0.13638	-0.087185
0.13672	-0.087185
0.13565	-0.087185
0.13602	-0.087185
0.13501	-0.087185
0.13098	-0.087224
0.11853	-0.087401
0.12538	-0.087638
0.15594	-0.087855
0.21246	-0.088072
0.27238	-0.08825
0.33838	-0.088388
0.42305	-0.088546
0.58226	-0.088763
0.92746	-0.089078
1.26106	-0.089315
1.64328	-0.089571
2.34019	-0.089808
2.68208	-0.089966
2.93906	-0.090084
3.31906	-0.090262
3.82605	-0.090459
4.38356	-0.090676
5.37288	-0.090913
5.90999	-0.09111
6.33955	-0.091248
6.6882	-0.091366
6.93214	-0.091445
7.82874	-0.091642
8.4351	-0.09182
9.15984	-0.092057
10.02936	-0.092333
10.82123	-0.092589
12.1033	-0.092865
12.58026	-0.093023
13.02429	-0.093201
13.44765	-0.093358
13.80441	-0.093437
14.00195	-0.093516
14.16248	-0.093595
14.30293	-0.093635
14.45972	-0.093674
14.45282	-0.093694
14.4319	-0.093674
14.41087	-0.093674
14.42311	-0.093674
14.42052	-0.093674
14.40828	-0.093674
14.41165	-0.093674
14.40012	-0.093674
14.40553	-0.093674
14.40744	-0.093674
14.40608	-0.093674
14.40021	-0.093674
14.39694	-0.093674
14.40543	-0.093674
14.40541	-0.093674
14.4048	-0.093674
14.40492	-0.093674
14.40846	-0.093674
14.45709	-0.093674
14.47867	-0.093674
14.49406	-0.093674
14.59563	-0.093733
15.10069	-0.09393
15.4547	-0.094108
15.87741	-0.094345
16.2399	-0.094562
16.47955	-0.094719
16.60469	-0.094858
16.72562	-0.094976
16.84216	-0.095134
16.95477	-0.095351
16.95786	-0.095568
16.89246	-0.095745
16.80443	-0.095903
16.46086	-0.09612
16.16566	-0.096337
15.96609	-0.096455
15.65138	-0.096633
15.27408	-0.096771
14.99422	-0.096909
14.6739	-0.097067
14.40735	-0.097205
13.88084	-0.097382
13.24524	-0.097619
12.63593	-0.097836
12.20276	-0.097974
11.56757	-0.098112
11.14426	-0.09825
10.64503	-0.098408
10.15474	-0.098566
9.51253	-0.098763
8.46114	-0.099
7.79553	-0.099197
7.13205	-0.099414
6.51675	-0.099631
5.88272	-0.099848
5.10234	-0.100025
4.5546	-0.100223
3.98499	-0.100459
3.53021	-0.100637
3.10506	-0.100814
2.901	-0.100893
2.85089	-0.100913
2.8418	-0.100913
2.84573	-0.100913
2.84444	-0.100913
2.86949	-0.100913
2.87611	-0.100893
2.8576	-0.100893
2.86504	-0.100893
2.86555	-0.100893
2.86739	-0.100893
2.86676	-0.100893
2.86926	-0.100893
2.86415	-0.100893
2.86433	-0.100893
2.86754	-0.100893
2.8721	-0.100893
2.87094	-0.100893
2.87097	-0.100893
2.86511	-0.100913
2.85632	-0.100913
2.84282	-0.100913
2.83316	-0.100913
2.83176	-0.100913
2.48	-0.101051
2.22923	-0.101189
1.98598	-0.101327
1.77861	-0.101446
1.58728	-0.101584
1.32582	-0.101781
1.07533	-0.101978
0.7912	-0.102254
0.46892	-0.102511
0.32637	-0.102728
0.21974	-0.102945
0.16151	-0.103122
0.12383	-0.10328
0.10454	-0.103458
0.09822	-0.103615
0.1053	-0.103773
0.11937	-0.103911
0.14166	-0.104049
0.18146	-0.104227
0.20024	-0.104286
0.2121	-0.104326
0.23698	-0.104424
0.27588	-0.104543
0.32594	-0.1047
0.38524	-0.104858
0.45407	-0.105055
0.51888	-0.105233
0.58914	-0.105351
0.62755	-0.10545
0.67123	-0.105568
0.71703	-0.105706
0.76448	-0.105844
0.83383	-0.106101
0.89058	-0.106377
0.92477	-0.106554
0.94499	-0.106712
0.95491	-0.106771
0.95967	-0.106791
0.96078	-0.106791
0.96404	-0.10687
0.96513	-0.106988
0.95856	-0.107166
0.94049	-0.107363
0.91367	-0.107541
0.88431	-0.107699
0.85118	-0.107797
0.83037	-0.107876
0.80005	-0.107994
0.77536	-0.108093
0.75267	-0.108152
0.70979	-0.10829
0.66138	-0.108428
0.61029	-0.108586
0.55907	-0.108724
0.54214	-0.108744
0.54466	-0.108744
0.55414	-0.108744
0.55453	-0.108704
0.55099	-0.108724
0.55177	-0.108724
0.55206	-0.108724
0.55258	-0.108724
0.55165	-0.108724
0.55188	-0.108724
0.55298	-0.108724
0.55281	-0.108724
0.55417	-0.108704
0.55632	-0.108704
0.55765	-0.108704
0.55295	-0.108724
0.55005	-0.108744
0.5477	-0.108744
0.53851	-0.108764
0.45453	-0.109
0.37921	-0.109217
0.3459	-0.109296
0.2915	-0.109474
0.22923	-0.10971
0.17921	-0.109927
0.13547	-0.110164
0.09924	-0.110401
0.073	-0.110618
0.06186	-0.110795
0.05856	-0.110855
0.05705	-0.110933
0.05698	-0.111032
0.05698	-0.111131
0.05943	-0.111229
0.06296	-0.111348
0.06752	-0.111446
0.07446	-0.111565
0.08159	-0.111683
0.09796	-0.11186
0.11166	-0.111999
0.11884	-0.112077
0.12607	-0.112137
0.1349	-0.112235
0.14638	-0.112354
0.15633	-0.112433
0.16809	-0.112551
0.17755	-0.11263
0.18748	-0.112728
0.20917	-0.112866
0.22359	-0.113024
0.23521	-0.113162
0.25165	-0.11334
0.26341	-0.113498
0.27182	-0.113636
0.28175	-0.113794
0.28897	-0.113912
0.29538	-0.113991
0.30273	-0.114188
0.30948	-0.114405
0.31366	-0.114563
0.31403	-0.114721
0.31319	-0.114898
0.31248	-0.115016
0.31221	-0.115095
0.31006	-0.115233
0.30382	-0.115372
0.30243	-0.115411
0.3009	-0.11547
0.29724	-0.115529
0.28964	-0.115667
0.28023	-0.115825
0.26813	-0.116003
0.25186	-0.1162
0.23215	-0.116437
0.22375	-0.116535
0.22412	-0.116535
0.22485	-0.116535
0.22568	-0.116516
0.22598	-0.116516
0.22502	-0.116516
0.22604	-0.116516
0.22577	-0.116516
0.22604	-0.116516
0.22574	-0.116516
0.22636	-0.116516
0.226	-0.116516
0.22691	-0.116516
0.22652	-0.116516
0.22572	-0.116516
0.22495	-0.116516
0.22435	-0.116535
0.22403	-0.116535
0.22279	-0.116535
0.21831	-0.116614
0.19678	-0.116871
0.17342	-0.117088
0.14757	-0.117344
0.12737	-0.117522
0.1124	-0.117699
0.09464	-0.117916
0.07878	-0.118153
0.06412	-0.118409
0.05479	-0.118685
0.05141	-0.118961
0.05341	-0.119218
0.05927	-0.119494
0.06917	-0.119731
0.07671	-0.119869
0.08156	-0.120007
0.08784	-0.120086
0.09331	-0.120165
0.09821	-0.120263
0.10674	-0.120421
0.1154	-0.120599
0.12253	-0.120756
0.13109	-0.120934
0.13956	-0.121072
0.14441	-0.12119
0.15047	-0.121368
0.15613	-0.121565
0.16031	-0.121782
0.16266	-0.12196
0.16548	-0.122157
0.16635	-0.122256
0.16667	-0.122354
0.16684	-0.122453
0.1673	-0.122512
0.16714	-0.122591
0.16727	-0.122729
0.16682	-0.122867
0.16615	-0.122926
0.16492	-0.123045
0.16403	-0.123202
0.1613	-0.12336
0.15991	-0.123459
0.16057	-0.123459
0.1604	-0.123459
0.16083	-0.123419
0.16069	-0.123419
0.16029	-0.123419
0.16078	-0.123419
0.16068	-0.123419
0.16086	-0.123419
0.16054	-0.123419
0.16064	-0.123419
0.16071	-0.123419
0.16069	-0.123419
0.1609	-0.123419
0.16054	-0.123419
0.16006	-0.123459
0.16022	-0.123459
0.16022	-0.123459
0.15967	-0.123498
0.15091	-0.123794
0.14854	-0.123991
0.14272	-0.124208
0.13518	-0.124445
0.12724	-0.124662
0.11719	-0.124899
0.10825	-0.125096
0.09772	-0.125333
0.0853	-0.12555
0.07597	-0.125727
0.06813	-0.125905
0.06169	-0.126043
0.05719	-0.126161
0.05173	-0.126319
0.04822	-0.126437
0.04471	-0.126595
0.04187	-0.126773
0.04033	-0.12695
0.03993	-0.127068
0.04041	-0.127147
0.0416	-0.127246
0.04227	-0.127345
0.04449	-0.127483
0.04887	-0.127739
0.05444	-0.127976
0.05858	-0.128153
0.06276	-0.128272
0.06589	-0.12839
0.06996	-0.128548
0.07556	-0.128745
0.08104	-0.128923
0.08635	-0.129061
0.0894	-0.129159
0.09013	-0.129159
0.08961	-0.129159
0.08884	-0.129159
0.08855	-0.1291
0.08751	-0.1291
0.08759	-0.1291
0.08826	-0.1291
0.08809	-0.1291
0.08775	-0.1291
0.08836	-0.1291
0.08818	-0.1291
0.0878	-0.1291
0.08786	-0.1291
0.08797	-0.1291
0.08803	-0.1291
0.08795	-0.1291
0.08894	-0.1291
0.08893	-0.1291
0.08929	-0.129159
0.08958	-0.129159
0.08981	-0.129159
0.09062	-0.129159
0.0909	-0.129159
0.0921	-0.129199
0.10132	-0.129475
0.10562	-0.129633
0.11089	-0.12981
0.11662	-0.130007
0.12346	-0.130224
0.13046	-0.13052
0.13672	-0.130796
0.14131	-0.131092
0.14085	-0.131526
0.13329	-0.131881
0.11914	-0.132236
0.10324	-0.132591
0.09283	-0.132789
0.08731	-0.132907
0.082	-0.133006
0.07524	-0.133144
0.07071	-0.133223
0.06526	-0.133361
0.05878	-0.133519
0.05203	-0.133696
0.04726	-0.133874
0.04327	-0.134031
0.04124	-0.13413
0.03896	-0.134308
0.0369	-0.134544
0.03625	-0.134702
0.03654	-0.13486
0.03696	-0.134978
0.03854	-0.135116
0.03917	-0.135254
0.04071	-0.135353
0.04063	-0.135373
0.04053	-0.135373
0.04106	-0.135373
0.04056	-0.135294
0.04083	-0.135294
0.04045	-0.135294
0.0408	-0.135294
0.04051	-0.135294
0.0406	-0.135294
0.04077	-0.135294
0.04097	-0.135294
0.04063	-0.135294
0.04074	-0.135294
0.04117	-0.135294
0.04071	-0.135294
0.0405	-0.135294
0.04051	-0.135294
0.04111	-0.135294
0.04053	-0.135294
0.04068	-0.135294
0.04108	-0.135353
0.04068	-0.135373
0.04073	-0.135373
0.04083	-0.135373
0.0408	-0.135373
0.04063	-0.135392
0.04491	-0.135629
0.04782	-0.135747
0.04996	-0.135866
0.05473	-0.136024
0.05687	-0.136103
0.0587	-0.136181
0.06087	-0.136241
0.06366	-0.136339
0.06688	-0.136438
0.07117	-0.136576
0.0771	-0.136734
0.08353	-0.136911
0.08989	-0.137089
0.09377	-0.137227
0.09689	-0.137306
0.09789	-0.137345
0.10133	-0.137542
0.1041	-0.13774
0.10498	-0.138016
0.10165	-0.138331
0.097	-0.138608
0.09044	-0.138903
0.08398	-0.13914
0.07866	-0.139357
0.07333	-0.139594
0.06912	-0.139831
0.0638	-0.140146
0.05861	-0.140481
0.05408	-0.140777
0.04982	-0.141073
0.04672	-0.14129
0.04506	-0.141409
0.04361	-0.141487
0.04366	-0.141527
0.04337	-0.141527
0.04333	-0.141566
0.0417	-0.141665
0.04012	-0.141803
0.03851	-0.141921
0.0379	-0.142059
0.03671	-0.142178
0.0368	-0.142355
0.03621	-0.142572
0.03622	-0.142671
0.03621	-0.142671
0.03595	-0.142631
0.03636	-0.142631
0.03622	-0.142631
0.03625	-0.142631
0.03578	-0.142631
0.0359	-0.142631
0.03641	-0.142631
0.0363	-0.142631
0.03613	-0.142631
0.03619	-0.142631
0.03586	-0.142631
0.03615	-0.142631
0.03607	-0.142671
0.03618	-0.142671
0.03662	-0.142671
0.03705	-0.142947
0.03786	-0.143065
0.03909	-0.143204
0.04269	-0.143559
0.04562	-0.143795
0.04785	-0.143993
0.05135	-0.144229
0.05516	-0.144466
0.05856	-0.144663
0.06271	-0.1449
0.06763	-0.145117
0.0723	-0.145314
0.07512	-0.145432
0.07843	-0.145531
0.07964	-0.145571
0.08145	-0.145649
0.08429	-0.145787
0.08771	-0.145965
0.09071	-0.146202
0.09155	-0.146458
0.08943	-0.146695
0.08583	-0.146912
0.08105	-0.147109
0.07593	-0.147326
0.06912	-0.147543
0.0638	-0.14778
0.05774	-0.148016
0.05321	-0.148273
0.04996	-0.14845
0.0477	-0.148608
0.04555	-0.148786
0.04303	-0.148983
0.04132	-0.149141
0.04033	-0.14922
0.04033	-0.14922
0.04126	-0.1492
0.0412	-0.1492
0.0415	-0.1492
0.04164	-0.1492
0.04114	-0.1492
0.04146	-0.1492
0.04114	-0.1492
0.04152	-0.1492
0.04153	-0.1492
0.04158	-0.1492
0.04128	-0.1492
0.04132	-0.1492
0.04123	-0.1492
0.0407	-0.14922
0.04048	-0.149397
0.03734	-0.149752
0.03587	-0.150028
0.03516	-0.150285
0.03529	-0.150462
0.03535	-0.150561
0.03545	-0.1506
0.03581	-0.150679
0.0363	-0.150877
0.0378	-0.151094
0.03979	-0.15137
0.04346	-0.151725
0.0459	-0.15206
0.05167	-0.152553
0.05937	-0.153066
0.07008	-0.153638
0.07661	-0.15423
0.07205	-0.154802
0.06581	-0.155098
0.06516	-0.155117
0.06569	-0.155117
0.06613	-0.155117
0.06647	-0.155117
0.06657	-0.155117
0.06635	-0.155117
0.06647	-0.155117
0.06644	-0.155117
0.06639	-0.155117
0.06664	-0.155117
0.06647	-0.155117
0.06616	-0.155117
0.06577	-0.155117
0.06606	-0.155117
0.06561	-0.155117
0.06525	-0.155117
0.06425	-0.155177
0.06146	-0.155295
0.05771	-0.155472
0.05302	-0.155729
0.04961	-0.155926
0.04726	-0.156163
0.04433	-0.156478
0.04201	-0.156814
0.03925	-0.157149
0.03598	-0.157642
0.03439	-0.158135
0.03465	-0.158392
0.03503	-0.158471
0.03494	-0.15851
0.03616	-0.158707
0.03658	-0.158845
0.03757	-0.159003
0.03918	-0.159181
0.04089	-0.159358
0.04327	-0.159575
0.04918	-0.160029
0.05614	-0.160423
0.06142	-0.160838
0.06248	-0.16141
0.06081	-0.161725
0.06082	-0.161725
0.06049	-0.161725
0.0611	-0.161725
0.06116	-0.161725
0.06108	-0.161725
0.06099	-0.161725
0.06073	-0.161725
0.06128	-0.161725
0.06111	-0.161725
0.06104	-0.161725
0.06075	-0.161725
0.06075	-0.161725
0.061	-0.161725
0.06078	-0.161725
0.05974	-0.161804
0.0582	-0.162021
0.05611	-0.162238
0.05414	-0.162633
0.05258	-0.163185
0.05067	-0.163757
0.04671	-0.164211
0.04077	-0.164723
0.03845	-0.16496
0.03735	-0.165059
0.03587	-0.165256
0.03535	-0.165335
0.03558	-0.165335
0.03548	-0.165315
0.03632	-0.165315
0.03577	-0.165315
0.03593	-0.165315
0.03625	-0.165315
0.03596	-0.165315
0.03644	-0.165315
0.03613	-0.165315
0.03622	-0.165315
0.03622	-0.165315
0.03583	-0.165315
0.03589	-0.165315
0.03619	-0.165335
0.03571	-0.165335
0.03568	-0.165335
0.03581	-0.165335
0.03563	-0.165335
0.03514	-0.165453
0.0341	-0.165749
0.03441	-0.166144
0.03738	-0.166657
0.04167	-0.167229
0.04512	-0.167741
0.04797	-0.168491
0.05095	-0.168945
0.0547	-0.169339
0.05673	-0.169813
0.05641	-0.170187
0.05513	-0.170385
0.05496	-0.170365
0.05521	-0.170365
0.05556	-0.170365
0.0555	-0.170365
0.05539	-0.170365
0.05559	-0.170365
0.05545	-0.170365
0.05486	-0.170365
0.05499	-0.170365
0.05498	-0.170365
0.05467	-0.170385
0.05453	-0.170424
0.05345	-0.170562
0.05032	-0.170819
0.04625	-0.171213
0.04233	-0.171785
0.03821	-0.172574
0.03568	-0.173126
0.03412	-0.173619
0.03447	-0.174152
0.03618	-0.174665
0.0408	-0.175158
0.04382	-0.175572
0.0435	-0.175592
0.04353	-0.175592
0.04344	-0.175592
0.04358	-0.175592
0.04369	-0.175592
0.04369	-0.175592
0.04343	-0.175592
0.04367	-0.175592
0.04408	-0.175592
0.04488	-0.175809
0.04599	-0.176144
0.04625	-0.17644
0.04721	-0.176894
0.04945	-0.177269
0.05267	-0.177742
0.05383	-0.178176
0.05211	-0.178531
0.04764	-0.178965
0.04245	-0.179438
0.0401	-0.179714
0.04024	-0.179734
0.04022	-0.179714
0.04063	-0.179714
0.04077	-0.179714
0.04112	-0.179714
0.04065	-0.179714
0.04094	-0.179714
0.04065	-0.179714
0.04016	-0.179714
0.04015	-0.179734
0.03967	-0.179754
0.0392	-0.179774
0.03981	-0.179793
0.03897	-0.179793
0.03934	-0.179813
0.03911	-0.179813
0.039	-0.179813
0.03918	-0.179813
0.03964	-0.179793
0.04001	-0.179793
0.0401	-0.179793
0.04022	-0.179793
0.03983	-0.179793
0.03992	-0.179793
0.04021	-0.179793
0.04048	-0.179793
0.0401	-0.179793
0.04044	-0.179793
0.04015	-0.179793
0.03981	-0.179793
0.04021	-0.179793
0.04024	-0.179793
0.04039	-0.179774
0.03989	-0.179774
0.04013	-0.179774
0.03995	-0.179754
0.03893	-0.179517
0.03825	-0.17934
0.03885	-0.179221
0.03879	-0.179202
0.03908	-0.179182
0.03967	-0.179123
0.04033	-0.178985
0.04179	-0.178827
0.04396	-0.17861
0.04715	-0.178314
0.05081	-0.177998
0.05305	-0.177683
0.05351	-0.177288
0.0518	-0.176894
0.0495	-0.176657
0.04817	-0.17642
0.04674	-0.176085
0.04662	-0.175947
0.04655	-0.175947
0.04636	-0.175947
0.04628	-0.175947
0.04654	-0.175947
0.0459	-0.176026
0.04613	-0.176026
0.04594	-0.176026
0.04584	-0.176026
0.04573	-0.176026
0.04555	-0.176026
0.04585	-0.176026
0.04568	-0.176006
0.04613	-0.175967
0.04633	-0.175868
0.0463	-0.175829
0.04633	-0.175809
0.0464	-0.17571
0.04594	-0.175474
0.04471	-0.175197
0.04358	-0.174921
0.04158	-0.174665
0.03955	-0.174408
0.03766	-0.174191
0.03571	-0.173935
0.03471	-0.173619
0.03418	-0.173245
0.03461	-0.172969
0.03482	-0.172732
0.03571	-0.172495
0.03688	-0.172199
0.03789	-0.172041
0.03798	-0.171963
0.03874	-0.171785
0.04039	-0.171588
0.04111	-0.17141
0.04167	-0.171272
0.04218	-0.171252
0.04218	-0.171213
0.04187	-0.171193
0.04199	-0.171114
0.04329	-0.170996
0.0443	-0.170799
0.04692	-0.170483
0.05151	-0.170168
0.05534	-0.169813
0.05682	-0.169457
0.05612	-0.169043
0.05345	-0.168609
0.05121	-0.168353
0.04849	-0.168057
0.0481	-0.167919
0.04826	-0.167919
0.04797	-0.167919
0.04799	-0.167939
0.04771	-0.167939
0.04807	-0.167939
0.04782	-0.167939
0.04755	-0.167939
0.04776	-0.167939
0.04741	-0.167939
0.04749	-0.167939
0.04749	-0.167939
0.04782	-0.167939
0.04797	-0.167939
0.04785	-0.167939
0.04808	-0.167939
0.04773	-0.167919
0.0472	-0.167781
0.04654	-0.167544
0.04573	-0.167288
0.04375	-0.166992
0.04189	-0.166676
0.03975	-0.16642
0.03683	-0.166104
0.0351	-0.165651
0.03427	-0.165236
0.03606	-0.164743
0.04211	-0.164151
0.04887	-0.16356
0.05225	-0.163106
0.05389	-0.162573
0.05472	-0.162041
0.05673	-0.161686
0.05995	-0.161291
0.06119	-0.160995
0.06155	-0.160976
0.06163	-0.160976
0.06142	-0.160976
0.06133	-0.160976
0.06114	-0.160995
0.06195	-0.160995
0.0612	-0.160995
0.06146	-0.160995
0.0614	-0.160995
0.06161	-0.160995
0.06142	-0.160995
0.06139	-0.160995
0.06088	-0.160995
0.06137	-0.160995
0.06119	-0.160995
0.06117	-0.160995
0.06093	-0.160995
0.06082	-0.160976
0.06148	-0.160897
0.06212	-0.160502
0.06075	-0.160246
0.05623	-0.159891
0.04858	-0.159437
0.04295	-0.158964
0.03703	-0.158392
0.03392	-0.15778
0.03371	-0.157307
0.03571	-0.156893
0.03931	-0.156478
0.04285	-0.156084
0.04581	-0.155788
0.04842	-0.155433
0.05177	-0.155137
0.05849	-0.154723
0.06329	-0.154447
0.06631	-0.154289
0.06818	-0.15419
0.06882	-0.15419
0.06927	-0.15419
0.06926	-0.15421
0.06934	-0.15421
0.06946	-0.15421
0.0694	-0.15421
0.06929	-0.15421
0.06964	-0.15421
0.06929	-0.15421
0.06935	-0.15421
0.06964	-0.15421
0.06964	-0.15421
0.06958	-0.15421
0.06934	-0.15419
0.06947	-0.15419
0.06952	-0.15419
0.06943	-0.15419
0.06924	-0.15419
0.06927	-0.154171
0.07162	-0.154072
0.07384	-0.153914
0.07538	-0.153796
0.07617	-0.153638
0.07634	-0.15348
0.07541	-0.153303
0.07315	-0.153125
0.06921	-0.152869
0.06548	-0.152672
0.06158	-0.152474
0.05785	-0.152257
0.05498	-0.15206
0.05145	-0.151883
0.04887	-0.151626
0.04602	-0.15137
0.04364	-0.151153
0.04189	-0.150916
0.03973	-0.150719
0.03795	-0.150443
0.03654	-0.150206
0.03571	-0.149949
0.03502	-0.149713
0.03485	-0.149476
0.03548	-0.14916
0.03612	-0.148943
0.03743	-0.148727
0.03897	-0.148529
0.04066	-0.148411
0.04158	-0.148293
0.04256	-0.148214
0.04388	-0.148095
0.04521	-0.147977
0.04716	-0.147819
0.04953	-0.147642
0.05219	-0.147484
0.05562	-0.147306
0.05838	-0.147149
0.06258	-0.146971
0.06737	-0.146774
0.07324	-0.146576
0.07919	-0.14636
0.08487	-0.146143
0.08888	-0.145926
0.09122	-0.145709
0.09163	-0.145531
0.09024	-0.145354
0.08749	-0.145176
0.08495	-0.145058
0.08284	-0.144979
0.08183	-0.14492
0.08131	-0.14492
0.08034	-0.14492
0.08034	-0.14492
0.07607	-0.144979
0.07068	-0.145038
0.07072	-0.145038
0.07109	-0.145038
0.07089	-0.145038
0.07063	-0.145038
0.07103	-0.145038
0.07092	-0.145038
0.07082	-0.145038
0.07089	-0.145038
0.07085	-0.145038
0.07062	-0.145038
0.07085	-0.144959
0.07079	-0.144959
0.07115	-0.144841
0.06924	-0.144624
0.06841	-0.144387
0.06339	-0.14419
0.05582	-0.143815
0.04868	-0.14342
0.04469	-0.143085
0.04105	-0.142809
0.03831	-0.142572
0.03656	-0.142355
0.0359	-0.142138
0.03545	-0.141902
0.0359	-0.141704
0.03697	-0.141527
0.03786	-0.141369
0.03915	-0.141211
0.04071	-0.141093
0.04233	-0.140955
0.04448	-0.140797
0.04637	-0.140679
0.0486	-0.140541
0.05081	-0.140383
0.05348	-0.140225
0.05533	-0.140067
0.05812	-0.13989
0.06113	-0.139712
0.06409	-0.139535
0.06776	-0.139357
0.07033	-0.13918
0.07381	-0.139022
0.07664	-0.138903
0.07878	-0.138785
0.08208	-0.138686
0.086	-0.138529
0.09013	-0.138371
0.0946	-0.138213
0.0975	-0.138016
0.10065	-0.137838
0.10342	-0.137641
0.10381	-0.137483
0.10382	-0.137345
0.10242	-0.137207
0.09943	-0.137089
0.09615	-0.136931
0.09377	-0.136793
0.09201	-0.136635
0.08824	-0.136458
0.0838	-0.13628
0.08005	-0.136103
0.07657	-0.135964
0.07404	-0.135846
0.06979	-0.135728
0.06552	-0.135609
0.06491	-0.13557
0.06422	-0.13559
0.06427	-0.13559
0.05363	-0.135708
0.05214	-0.135747
0.05107	-0.135747
0.05026	-0.135747
0.05014	-0.135747
0.05006	-0.135747
0.05081	-0.135747
0.05049	-0.135747
0.0504	-0.135747
0.05025	-0.135747
0.05064	-0.135767
0.05028	-0.135767
0.05029	-0.135767
0.0499	-0.135747
0.05028	-0.135669
0.04999	-0.135629
0.05006	-0.135629
0.05025	-0.135629
0.04936	-0.13557
0.04517	-0.135314
0.04044	-0.135077
0.03694	-0.13482
0.03624	-0.134564
0.03781	-0.134347
0.04041	-0.13413
0.04604	-0.133933
0.05299	-0.133696
0.06242	-0.13342
0.07419	-0.133183
0.09015	-0.132927
0.10391	-0.13271
0.11531	-0.132532
0.12268	-0.132355
0.12956	-0.132197
0.13432	-0.132059
0.13806	-0.131921
0.1398	-0.131822
0.14142	-0.131763
0.14223	-0.131704
0.14273	-0.131664
0.14302	-0.131605
0.14288	-0.131546
0.14374	-0.131467
0.14409	-0.131408
0.14423	-0.131329
0.1442	-0.13129
0.14429	-0.131211
0.1441	-0.131112
0.14368	-0.131033
0.14262	-0.130935
0.14261	-0.130895
0.14185	-0.130816
0.14043	-0.130698
0.13829	-0.13058
0.1368	-0.130481
0.13365	-0.130323
0.12903	-0.130146
0.12178	-0.129948
0.1144	-0.129771
0.10725	-0.129593
0.10272	-0.129455
0.09927	-0.129337
0.09547	-0.129218
0.09369	-0.12914
0.09209	-0.12908
0.08983	-0.129002
0.08839	-0.128923
0.08742	-0.128844
0.08614	-0.128785
0.0842	-0.128706
0.0829	-0.128666
0.08121	-0.128587
0.07948	-0.128548
0.07726	-0.128469
0.07516	-0.12841
0.07262	-0.128311
0.06886	-0.128193
0.06583	-0.128094
0.06248	-0.127956
0.05939	-0.127838
0.05641	-0.127719
0.05321	-0.127581
0.04968	-0.127443
0.04642	-0.127285
0.04207	-0.127128
0.03978	-0.12697
0.03964	-0.126773
0.0405	-0.126694
0.04115	-0.126674
0.04068	-0.126674
0.04063	-0.126674
0.0407	-0.126694
0.04247	-0.126694
0.04317	-0.126753
0.04311	-0.126773
0.04303	-0.126773
0.04301	-0.126773
0.04343	-0.126773
0.04294	-0.126773
0.04355	-0.126773
0.043	-0.126773
0.04317	-0.126773
0.04292	-0.126773
0.04338	-0.126773
0.04286	-0.126773
0.043	-0.126773
0.04337	-0.126773
0.04376	-0.126773
0.04384	-0.126753
0.04362	-0.126713
0.04346	-0.126713
0.04346	-0.126694
0.04352	-0.126694
0.04567	-0.126615
0.05373	-0.126358
0.06329	-0.126122
0.07709	-0.125826
0.09137	-0.12553
0.10393	-0.125273
0.11284	-0.125076
0.12173	-0.12484
0.1324	-0.124563
0.14575	-0.124208
0.1557	-0.123893
0.16039	-0.123557
0.16429	-0.123281
0.16566	-0.123084
0.16663	-0.122966
0.16672	-0.122926
0.16672	-0.122906
0.16673	-0.122867
0.16672	-0.122808
0.1666	-0.122749
0.16684	-0.12265
0.16635	-0.122551
0.16489	-0.122394
0.16341	-0.122295
0.16266	-0.122177
0.16078	-0.122098
0.16069	-0.121999
0.15985	-0.12192
0.15858	-0.121841
0.15848	-0.121762
0.15776	-0.121644
0.15494	-0.121526
0.15115	-0.121407
0.14722	-0.12125
0.14105	-0.121072
0.13338	-0.120895
0.1237	-0.120697
0.1147	-0.120539
0.10733	-0.120401
0.09927	-0.120263
0.09105	-0.120125
0.08412	-0.120007
0.0788	-0.119928
0.0712	-0.11977
0.06349	-0.119612
0.05766	-0.119455
0.05229	-0.119277
0.04875	-0.1191
0.04781	-0.118902
0.04974	-0.118705
0.05734	-0.118468
0.06631	-0.118271
0.07555	-0.118113
0.08232	-0.117995
0.08554	-0.117975
0.08556	-0.117975
0.08624	-0.117975
0.08911	-0.117995
0.09691	-0.117995
0.09717	-0.117995
0.09712	-0.117995
0.09717	-0.117995
0.09697	-0.118015
0.09724	-0.118015
0.09726	-0.118015
0.09726	-0.118015
0.09749	-0.118015
0.09734	-0.118015
0.09669	-0.118015
0.09697	-0.118015
0.09679	-0.118015
0.09727	-0.118015
0.09715	-0.118015
0.0975	-0.117995
0.0974	-0.117995
0.09708	-0.117995
0.09775	-0.117995
0.09711	-0.117995
0.09802	-0.117995
0.09821	-0.117975
0.09769	-0.117975
0.09926	-0.117975
0.10963	-0.117857
0.12143	-0.117719
0.1356	-0.117581
0.15079	-0.117423
0.16522	-0.117285
0.17891	-0.117147
0.18962	-0.117028
0.19937	-0.11689
0.21156	-0.116752
0.22272	-0.116594
0.23427	-0.116456
0.25002	-0.116259
0.26819	-0.116062
0.28569	-0.115845
0.29515	-0.115687
0.30284	-0.11549
0.30788	-0.115332
0.31145	-0.115174
0.313	-0.115016
0.31323	-0.114839
0.31012	-0.114661
0.30626	-0.114484
0.30087	-0.114326
0.29669	-0.114208
0.29425	-0.114129
0.2923	-0.11405
0.29027	-0.113991
0.28796	-0.113912
0.28439	-0.113833
0.27946	-0.113715
0.27022	-0.113537
0.25932	-0.11336
0.24864	-0.113202
0.2352	-0.113044
0.22322	-0.112906
0.21378	-0.112807
0.20381	-0.112709
0.18913	-0.11261
0.17516	-0.112472
0.16528	-0.112373
0.15649	-0.112294
0.14914	-0.112216
0.14114	-0.112137
0.12585	-0.112018
0.11215	-0.11192
0.09256	-0.111782
0.07243	-0.111604
0.06078	-0.111446
0.05638	-0.111308
0.05527	-0.11119
0.05508	-0.111131
0.05515	-0.111071
0.05577	-0.111052
0.05537	-0.111052
0.05524	-0.111052
0.05545	-0.111052
0.05524	-0.111052
0.05559	-0.111052
0.05531	-0.111052
0.05519	-0.111091
0.05537	-0.111091
0.05522	-0.111091
0.05569	-0.111091
0.05557	-0.111091
0.05539	-0.111091
0.05528	-0.111091
0.05513	-0.111091
0.0553	-0.111091
0.0554	-0.111091
0.05511	-0.111091
0.05518	-0.111091
0.05528	-0.111091
0.05553	-0.111091
0.05489	-0.111091
0.05489	-0.111091
0.05534	-0.111091
0.05557	-0.111091
0.05534	-0.111052
0.0549	-0.111052
0.05539	-0.111052
0.05545	-0.111052
0.05522	-0.111052
0.05533	-0.111052
0.05534	-0.111052
0.05595	-0.110973
0.05969	-0.110874
0.06299	-0.110776
0.06892	-0.110677
0.07387	-0.110598
0.07956	-0.110499
0.08722	-0.110401
0.09352	-0.110322
0.10033	-0.110263
0.1087	-0.110184
0.12086	-0.110085
0.13132	-0.110006
0.14346	-0.109927
0.15074	-0.109888
0.15475	-0.109868
0.1555	-0.109868
0.15527	-0.109868
0.1555	-0.109868
0.15547	-0.109868
0.15498	-0.109868
0.15462	-0.109868
0.15549	-0.109868
0.15518	-0.109868
0.15584	-0.109868
0.15582	-0.109868
0.155	-0.109868
0.15627	-0.109868
0.15608	-0.109868
0.15675	-0.109868
0.15668	-0.109868
0.15672	-0.109868
0.15703	-0.109868
0.15675	-0.109868
0.15848	-0.109868
0.16551	-0.109829
0.17755	-0.10977
0.18933	-0.10973
0.20062	-0.109671
0.21133	-0.109632
0.21939	-0.109592
0.22839	-0.109553
0.24365	-0.109493
0.27441	-0.109395
0.32199	-0.109277
0.38004	-0.109138
0.43698	-0.10902
0.49222	-0.108921
0.52454	-0.108862
0.54514	-0.108823
0.58961	-0.108764
0.60573	-0.108704
0.62756	-0.108645
0.65385	-0.108566
0.68594	-0.108488
0.7205	-0.108369
0.75768	-0.108271
0.79285	-0.108152
0.83194	-0.107994
0.88524	-0.107758
0.91957	-0.107521
0.94879	-0.107284
0.95966	-0.107126
0.96181	-0.107067
0.96265	-0.107048
0.96301	-0.107028
0.96834	-0.106949
0.97649	-0.106791
0.9772	-0.106633
0.96936	-0.106515
0.96135	-0.106436
0.94513	-0.106318
0.92497	-0.106199
0.8987	-0.106061
0.86308	-0.105923
0.82384	-0.105805
0.7916	-0.105726
0.77022	-0.105687
0.7589	-0.105667
0.74976	-0.105627
0.73714	-0.105608
0.70749	-0.105529
0.66231	-0.10543
0.60643	-0.105312
0.52065	-0.105174
0.43071	-0.105016
0.35725	-0.104878
0.3096	-0.104759
0.26544	-0.104621
0.22839	-0.104503
0.2025	-0.104404
0.18571	-0.104345
0.17664	-0.104326
0.17084	-0.104286
0.16362	-0.104247
0.1485	-0.104207
0.13683	-0.104148
0.12894	-0.104089
0.12131	-0.10403
0.11287	-0.103951
0.10715	-0.103872
0.10277	-0.103773
0.10062	-0.103694
0.09995	-0.103615
0.1019	-0.103517
0.10809	-0.103418
0.12556	-0.1033
0.14439	-0.103221
0.16872	-0.103142
0.19487	-0.103083
0.2187	-0.103024
0.24185	-0.102984
0.24657	-0.102984
0.24406	-0.102984
0.24164	-0.102984
0.25395	-0.103004
0.26051	-0.103004
0.26054	-0.103004
0.26599	-0.103004
0.26678	-0.103004
0.26605	-0.103004
0.26666	-0.103004
0.26573	-0.103004
0.26627	-0.103004
0.26639	-0.103004
0.2668	-0.103004
0.26587	-0.103004
0.26569	-0.103004
0.26543	-0.103004
0.26479	-0.103004
0.26506	-0.103004
0.26619	-0.103004
0.2655	-0.103004
0.26587	-0.103004
0.26848	-0.103004
0.26828	-0.103004
0.26952	-0.103004
0.26956	-0.103004
0.2704	-0.103004
0.27031	-0.103004
0.27023	-0.103004
0.26938	-0.103004
0.26889	-0.103004
0.26797	-0.103004
0.26691	-0.103004
0.26663	-0.103004
0.26617	-0.103004
0.26685	-0.103004
0.26691	-0.103004
0.26732	-0.103004
0.26683	-0.102984
0.3421	-0.102846
0.40265	-0.102748
0.51283	-0.102649
0.58224	-0.10255
0.66071	-0.102471
0.75252	-0.102373
0.85629	-0.102254
0.96075	-0.102156
1.06326	-0.102037
1.19893	-0.101919
1.37907	-0.101761
1.62489	-0.101584
2.15686	-0.101347
2.62289	-0.10113
3.05539	-0.100893
3.49878	-0.100657
3.98149	-0.1004
4.47067	-0.100144
5.76955	-0.099828
6.72992	-0.099572
7.63898	-0.099335
8.31807	-0.099118
8.97414	-0.098921
9.58189	-0.098803
9.90086	-0.098704
10.21246	-0.098586
10.70842	-0.098408
11.31711	-0.098191
12.30569	-0.097954
12.93135	-0.097737
13.31096	-0.09754
13.58954	-0.097343
14.00018	-0.097165
14.3672	-0.096948
14.77084	-0.096731
15.06529	-0.096554
15.49191	-0.096396
15.66188	-0.096317
15.70435	-0.096297
15.67056	-0.096297
15.62761	-0.096297
15.84073	-0.096376
15.7963	-0.096376
15.78246	-0.096376
15.78697	-0.096376
15.78268	-0.096376
15.78	-0.096376
15.77875	-0.096376
15.78323	-0.096376
15.78064	-0.096376
15.77551	-0.096376
15.77983	-0.096376
15.76976	-0.096376
15.78233	-0.096376
15.78571	-0.096376
15.80002	-0.096376
15.81883	-0.096376
15.8343	-0.096357
15.83463	-0.096357
15.91866	-0.096337
16.30379	-0.095982
16.38501	-0.095745
16.42798	-0.095528
16.33723	-0.095252
16.16614	-0.094976
15.93707	-0.094739
15.60287	-0.094483
15.04074	-0.094246
14.59641	-0.094009
14.16927	-0.093812
13.60796	-0.093595
12.83159	-0.093378
12.3026	-0.093201
11.75443	-0.093003
11.30605	-0.092865
10.53407	-0.092688
10.05559	-0.09253
9.62883	-0.092392
9.16689	-0.092214
8.6358	-0.092017
7.64052	-0.09178
6.91241	-0.091544
5.99648	-0.091268
5.1615	-0.090991
4.59534	-0.090755
4.0444	-0.090498
3.21748	-0.090222
2.41045	-0.089907
1.78107	-0.08965
1.32813	-0.089433
0.96216	-0.089157
0.68552	-0.08894
0.58876	-0.088841
0.52647	-0.088743
0.48553	-0.088703
0.48782	-0.088703
0.49286	-0.088703
0.50032	-0.088703
0.50383	-0.088703
0.50745	-0.088723
0.50728	-0.088723
0.5058	-0.088723
0.50743	-0.088723
0.50752	-0.088723
0.50716	-0.088723
0.50841	-0.088723
0.50812	-0.088723
0.50864	-0.088723
0.50923	-0.088723
0.50862	-0.088723
0.50966	-0.088723
0.50935	-0.088723
0.50792	-0.088723
0.5034	-0.088703
0.49899	-0.088703
0.48547	-0.088605
0.28799	-0.088368
0.20047	-0.088131
0.14423	-0.087895
0.11722	-0.087678
0.11081	-0.0875
0.12143	-0.087323
0.15527	-0.087086
0.22034	-0.08681
0.30763	-0.086514
0.3844	-0.086257
0.43518	-0.0861
0.47365	-0.085922
0.52046	-0.085745
0.57018	-0.085508
0.6295	-0.085232
0.68839	-0.084916
0.73103	-0.084561
0.75684	-0.084206
0.73993	-0.083812
0.69104	-0.083417
0.64032	-0.083101
0.59088	-0.082865
0.5463	-0.082667
0.51233	-0.082529
0.47594	-0.082372
0.45071	-0.082273
0.41635	-0.082115
0.37665	-0.081938
0.33363	-0.08176
0.29137	-0.081583
0.24272	-0.081366
0.19733	-0.081228
0.17509	-0.081089
0.16853	-0.08103
0.16951	-0.08103
0.17026	-0.08103
0.17128	-0.08105
0.16838	-0.08105
0.16937	-0.08105
0.16893	-0.08105
0.16933	-0.08105
0.16913	-0.08105
0.16908	-0.08105
0.16933	-0.08105
0.16924	-0.08105
0.17029	-0.08105
0.16957	-0.08105
0.16962	-0.08105
0.16937	-0.08105
0.16763	-0.08105
0.16693	-0.08105
0.12935	-0.080754
0.08702	-0.080419
0.06548	-0.080143
0.05273	-0.079847
0.05331	-0.079531
0.06227	-0.079334
0.07838	-0.079058
0.09859	-0.078821
0.13257	-0.078505
0.15762	-0.078229
0.17053	-0.077933
0.1868	-0.077716
0.19853	-0.077638
0.21043	-0.077539
0.22845	-0.077401
0.24379	-0.077283
0.2695	-0.077046
0.28812	-0.076868
0.30527	-0.076671
0.32025	-0.076474
0.33469	-0.076178
0.33536	-0.075862
0.3116	-0.075547
0.2619	-0.075231
0.23598	-0.074955
0.21001	-0.074718
0.18152	-0.074462
0.16119	-0.074284
0.14191	-0.074087
0.13931	-0.074048
0.13809	-0.074067
0.13602	-0.074087
0.13625	-0.074087
0.13622	-0.074087
0.13669	-0.074087
0.13591	-0.074087
0.13643	-0.074087
0.13553	-0.074087
0.13658	-0.074087
0.13586	-0.074087
0.13571	-0.074087
0.1347	-0.074087
0.13535	-0.074087
0.134	-0.074067
0.12263	-0.07385
0.09108	-0.073555
0.06836	-0.073239
0.05275	-0.072864
0.04277	-0.072489
0.0406	-0.072213
0.04262	-0.071937
0.04816	-0.071641
0.05627	-0.071326
0.0649	-0.07101
0.07452	-0.070734
0.0856	-0.070418
0.09462	-0.070182
0.10321	-0.069945
0.10962	-0.069728
0.11526	-0.069511
0.1216	-0.069294
0.12813	-0.068978
0.13396	-0.068604
0.13724	-0.068248
0.13708	-0.067933
0.13518	-0.067696
0.13266	-0.067519
0.12869	-0.067282
0.12169	-0.066966
0.10648	-0.066651
0.09615	-0.066394
0.08566	-0.066158
0.07678	-0.065941
0.07527	-0.065881
0.07362	-0.065862
0.07335	-0.065842
0.07338	-0.065842
0.07382	-0.065842
0.07372	-0.065862
0.07309	-0.065862
0.07292	-0.065862
0.07304	-0.065862
0.07278	-0.065862
0.07307	-0.065862
0.07318	-0.065862
0.07346	-0.065862
0.07277	-0.065862
0.07335	-0.065862
0.07384	-0.065862
0.07362	-0.065862
0.07321	-0.065862
0.07277	-0.065862
0.07248	-0.065842
0.07173	-0.065783
0.06189	-0.065467
0.05141	-0.065132
0.04442	-0.064836
0.0399	-0.064461
0.03885	-0.064106
0.04259	-0.063771
0.04726	-0.063436
0.05302	-0.06312
0.05832	-0.062824
0.06448	-0.062528
0.07077	-0.062232
0.07597	-0.061917
0.08102	-0.06166
0.08504	-0.061384
0.08917	-0.061049
0.0941	-0.060714
0.09732	-0.060378
0.09926	-0.060043
0.10022	-0.059747
0.09956	-0.059471
0.0986	-0.059254
0.09663	-0.059057
0.09387	-0.058879
0.09169	-0.058721
0.08865	-0.058544
0.08472	-0.058386
0.07993	-0.058189
0.07277	-0.057952
0.05791	-0.057656
0.04599	-0.05738
0.04021	-0.057084
0.03674	-0.056788
0.03526	-0.056492
0.03462	-0.056295
0.03439	-0.056216
0.03529	-0.056216
0.035	-0.056216
0.03484	-0.056216
0.03494	-0.056295
0.03474	-0.056295
0.03496	-0.056295
0.03502	-0.056295
0.03491	-0.056295
0.03517	-0.056295
0.03493	-0.056295
0.03476	-0.056295
0.035	-0.056295
0.03506	-0.056295
0.03494	-0.056295
0.03516	-0.056295
0.03517	-0.056295
0.03505	-0.056256
0.03537	-0.056216
0.03506	-0.056216
0.03543	-0.056157
0.03659	-0.055841
0.0383	-0.055526
0.04121	-0.05523
0.04488	-0.054914
0.04831	-0.054559
0.05385	-0.054165
0.0589	-0.05383
0.06319	-0.053514
0.0674	-0.053257
0.07112	-0.053001
0.07483	-0.052705
0.07724	-0.05239
0.07742	-0.052074
0.07608	-0.051798
0.07243	-0.051561
0.0676	-0.051285
0.06303	-0.051068
0.05823	-0.050851
0.05348	-0.050595
0.0482	-0.050299
0.04344	-0.050003
0.04048	-0.049707
0.03772	-0.049391
0.03606	-0.049115
0.03491	-0.048839
0.03433	-0.048563
0.03458	-0.048326
0.03503	-0.048129
0.03482	-0.048011
0.03549	-0.047971
0.03539	-0.047971
0.03549	-0.047971
0.03546	-0.047971
0.03532	-0.047991
0.03545	-0.04807
0.03539	-0.04807
0.03514	-0.04807
0.03532	-0.04807
0.03543	-0.04807
0.03532	-0.04807
0.03558	-0.04807
0.0351	-0.04807
0.03525	-0.04807
0.03542	-0.04807
0.03479	-0.04807
0.0352	-0.04803
0.03534	-0.047991
0.03537	-0.047971
0.03583	-0.047951
0.03664	-0.047616
0.03886	-0.04732
0.0424	-0.047005
0.04602	-0.046669
0.04893	-0.046334
0.05162	-0.046018
0.0531	-0.045683
0.05333	-0.045289
0.05219	-0.044934
0.05176	-0.044598
0.05064	-0.044204
0.04994	-0.043809
0.04868	-0.043375
0.04822	-0.042902
0.04555	-0.042448
0.04269	-0.042014
0.03893	-0.041561
0.03583	-0.041146
0.0345	-0.040811
0.03418	-0.040456
0.03435	-0.04016
0.0352	-0.039864
0.03578	-0.039687
0.03593	-0.039549
0.03694	-0.039391
0.03786	-0.039233
0.03836	-0.039075
0.03918	-0.038957
0.03969	-0.038839
0.0401	-0.0387
0.04066	-0.038681
0.04051	-0.0387
0.04068	-0.0387
0.04099	-0.0387
0.04036	-0.03874
0.04059	-0.03874
0.04012	-0.03874
0.03999	-0.03874
0.04045	-0.03874
0.04047	-0.03874
0.03995	-0.03874
0.03989	-0.03874
0.04037	-0.03874
0.04007	-0.03874
0.04033	-0.03874
0.04005	-0.0387
0.04037	-0.0387
0.04041	-0.0387
0.04027	-0.0387
0.04124	-0.038543
0.04315	-0.038286
0.0453	-0.03803
0.04727	-0.037655
0.04831	-0.037241
0.04797	-0.036866
0.04616	-0.036472
0.04398	-0.036097
0.04219	-0.035742
0.04115	-0.035406
0.04025	-0.035071
0.03946	-0.034637
0.03757	-0.034262
0.03726	-0.033986
0.03612	-0.033809
0.03635	-0.033671
0.03571	-0.033552
0.03534	-0.033394
0.03476	-0.033217
0.03471	-0.03298
0.03387	-0.032743
0.0345	-0.032507
0.03468	-0.032211
0.03531	-0.031954
0.03604	-0.031718
0.03685	-0.031442
0.03784	-0.031185
0.03928	-0.030909
0.03937	-0.030653
0.04041	-0.030455
0.04147	-0.030278
0.04198	-0.03014
0.0425	-0.030002
0.04292	-0.029844
0.04335	-0.029706
0.04338	-0.029607
0.04362	-0.029568
0.0437	-0.029568
0.04329	-0.029568
0.04337	-0.029568
0.04279	-0.029587
0.0423	-0.029607
0.0426	-0.029607
0.04208	-0.029607
0.04243	-0.029607
0.04286	-0.029607
0.04303	-0.029607
0.04285	-0.029607
0.04219	-0.029607
0.04269	-0.029607
0.04256	-0.029607
0.04266	-0.029607
0.04265	-0.029607
0.04285	-0.029587
0.04301	-0.029587
0.04306	-0.029587
0.04329	-0.029568
0.04359	-0.029489
0.04329	-0.029311
0.04333	-0.029193
0.04298	-0.028996
0.04109	-0.028759
0.04039	-0.028582
0.03967	-0.028384
0.03963	-0.028246
0.03905	-0.028187
0.03903	-0.028187
0.03932	-0.028187
0.03918	-0.028187
0.03932	-0.028187
0.03949	-0.028187
0.03964	-0.028187
0.03963	-0.028187
0.03941	-0.028187
0.03931	-0.028187
0.03918	-0.028187
0.03926	-0.028187
0.03922	-0.028187
0.03882	-0.028187
0.03911	-0.028187
0.03961	-0.028187
0.03877	-0.028187
0.03923	-0.028187
0.03926	-0.028187
0.03947	-0.028187
0.03897	-0.028167
0.03902	-0.028128
0.0392	-0.028049
0.03909	-0.02795
0.03873	-0.027773
0.03848	-0.027615
0.03841	-0.027398
0.03824	-0.027161
0.03755	-0.026925
0.03688	-0.026708
0.03716	-0.026491
0.0367	-0.026254
0.03596	-0.026057
0.03526	-0.02584
0.03493	-0.025642
0.03435	-0.025445
0.03452	-0.025287
0.03403	-0.025189
0.03418	-0.02513
0.03409	-0.02511
0.03441	-0.02509
0.03397	-0.02509
0.03421	-0.02509
0.03404	-0.02509
0.03384	-0.02509
0.03375	-0.02511
0.03412	-0.02511
0.03404	-0.02511
0.03444	-0.02511
0.03416	-0.02511
0.03404	-0.02511
0.03416	-0.02511
0.03371	-0.02511
0.03397	-0.02511
0.03372	-0.02511
0.0343	-0.02511
0.03435	-0.02511
0.03429	-0.02511
0.03423	-0.02511
0.03412	-0.02511
0.03442	-0.02511
0.03415	-0.02511
0.03395	-0.02511
0.0341	-0.02511
0.03415	-0.02511
0.03401	-0.02511
0.03429	-0.02511
0.03394	-0.02511
0.03368	-0.02509
0.03392	-0.025011
0.03415	-0.024853
0.03436	-0.024597
0.03423	-0.024301
0.03513	-0.023966
0.03581	-0.02365
0.03622	-0.023335
0.03658	-0.023078
0.03746	-0.022842
0.03752	-0.022585
0.03778	-0.022329
0.03716	-0.022053
0.03766	-0.021796
0.03777	-0.02152
0.03787	-0.021224
0.03812	-0.020908
0.03824	-0.020652
0.03822	-0.020376
0.03796	-0.020041
0.03719	-0.019745
0.0369	-0.019528
0.03648	-0.019271
0.0356	-0.018956
0.03529	-0.018719
0.03502	-0.018502
0.03487	-0.018463
0.03516	-0.018482
0.03525	-0.018482
0.03499	-0.018482
0.03499	-0.018482
0.03487	-0.018482
0.03511	-0.018482
0.03467	-0.018482
0.03487	-0.018482
0.03477	-0.018482
0.03511	-0.018482
0.03436	-0.018482
0.03514	-0.018482
0.03487	-0.018482
0.03487	-0.018482
0.03474	-0.018443
0.03456	-0.018088
0.03412	-0.017674
0.03406	-0.01722
0.0345	-0.016865
0.03441	-0.016569
0.03476	-0.016253
0.0351	-0.015918
0.03548	-0.015504
0.03691	-0.01507
0.03783	-0.014636
0.03796	-0.014222
0.03822	-0.013788
0.0381	-0.013393
0.03777	-0.01292
0.03658	-0.012486
0.03619	-0.012052
0.03607	-0.011717
0.03609	-0.0115
0.03616	-0.01146
0.03561	-0.01146
0.03619	-0.01146
0.03595	-0.01146
0.03592	-0.01146
0.036	-0.01146
0.03598	-0.01146
0.03593	-0.01146
0.03583	-0.01146
0.0359	-0.01146
0.03587	-0.01146
0.03577	-0.01146
0.03603	-0.01146
0.03593	-0.01146
0.03568	-0.01146
0.03568	-0.01146
0.03586	-0.01146
0.03596	-0.01146
0.03586	-0.01146
0.03517	-0.011105
0.03467	-0.01077
0.03447	-0.010435
0.03447	-0.01006
0.03391	-0.009744
0.03398	-0.00933
0.03444	-0.008876
0.03484	-0.008383
0.03549	-0.007811
0.03593	-0.007318
0.03616	-0.006904
0.03741	-0.00647
0.03783	-0.006115
0.03792	-0.00576
0.03755	-0.005444
0.03729	-0.005168
0.03673	-0.004872
0.03612	-0.004596
0.03596	-0.004261
0.03563	-0.003965
0.03564	-0.003728
0.03598	-0.003531
0.03595	-0.003531
0.03545	-0.003531
0.03554	-0.003531
0.03506	-0.003531
0.03529	-0.003531
0.03543	-0.003531
0.03516	-0.003531
0.03523	-0.003531
0.03563	-0.003531
0.0356	-0.003531
0.03534	-0.003531
0.03543	-0.003531
0.03542	-0.003531
0.03581	-0.003531
0.03545	-0.003531
0.03532	-0.003531
0.03568	-0.003531
0.03481	-0.003334
0.03532	-0.003195
0.0351	-0.003018
0.03484	-0.002821
0.03436	-0.002623
0.03445	-0.002347
0.03436	-0.002051
0.03404	-0.001637
0.03439	-0.001164
0.03465	-0.000611475
0.03517	-9.8625e-05
0.03513	1.9725e-05
0.03539	1.9725e-05
0.03546	1.9725e-05
0.0354	1.9725e-05
0.03534	1.9725e-05
0.03526	1.9725e-05
0.03513	1.9725e-05
0.03513	1.9725e-05
0.03497	3.945e-05
0.03525	3.945e-05
0.0351	5.9175e-05
0.03497	5.9175e-05
0.03519	5.9175e-05
0.0354	3.945e-05
0.03563	3.945e-05
0.03519	1.374023e-16
0.03523	1.374023e-16
0.03534	1.374023e-16
0.03499	1.374023e-16
0.03513	1.374023e-16
0.03516	1.374023e-16
0.03496	1.374023e-16
0.03539	1.374023e-16
0.03516	1.374023e-16
0.03548	1.374023e-16
0.03564	1.374023e-16
0.0352	1.374023e-16
0.03516	1.374023e-16
0.03534	1.374023e-16
0.03543	1.374023e-16
0.03529	1.374023e-16
0.03519	1.374023e-16
0.03503	1.374023e-16
0.03525	1.374023e-16
0.0354	1.374023e-16
0.03545	1.374023e-16
