Relative Intensity Alessandra_0.02_1.5_lampadina_old	Position (m) Alessandra_0.02_1.5_lampadina_old
0.1847839	0.0
0.1841583	0.0
0.1842499	0.0
0.1843109	0.0
0.1843567	0.0
0.1843109	0.0
0.184433	0.0
0.1846619	0.0
0.1843872	0.0
0.1841888	0.0
0.1843109	0.0
0.184433	0.0
0.1846924	0.0
0.1852112	0.0
0.1845551	0.0
0.1847382	0.0
0.1844635	0.0
0.1848145	0.0
0.1846466	0.0
0.1851044	0.0
0.1850586	0.0
0.1850586	0.0
0.1853333	0.0
0.1853333	0.0
0.1851196	0.0
0.1854248	0.0
0.1851807	0.0
0.1852112	0.0
0.1855469	0.0
0.1855774	0.0
0.1855164	0.0
0.1853333	0.0
0.1852417	0.0
0.1848602	0.0
0.1851654	0.0
0.1856079	0.0
0.1851654	0.0
0.1851959	0.0
0.1854095	0.0
0.1853638	0.0
0.1852417	0.0
0.1851807	0.0
0.1854401	0.0
0.1847534	0.0
0.1844482	0.0
0.1847839	-1.9725e-05
0.1851044	-1.9725e-05
0.1847382	-1.9725e-05
0.1847534	-1.9725e-05
0.184967	-1.9725e-05
0.1850586	-1.9725e-05
0.1850128	-1.9725e-05
0.185257	-1.9725e-05
0.1850281	-1.9725e-05
0.1847687	-1.9725e-05
0.1851501	-1.9725e-05
0.1852875	-1.9725e-05
0.1855621	-1.9725e-05
0.1858063	-1.9725e-05
0.1851654	-1.9725e-05
0.1857147	-1.9725e-05
0.1858978	-1.9725e-05
0.1859436	-1.9725e-05
0.1856079	-1.9725e-05
0.185791	-1.9725e-05
0.1861267	-3.945e-05
0.1860046	-3.945e-05
0.1864166	-3.945e-05
0.1860046	-3.945e-05
0.1859131	-3.945e-05
0.1855469	-3.945e-05
0.1852264	-1.9725e-05
0.1854248	-1.9725e-05
0.1850891	-1.9725e-05
0.1856079	-1.9725e-05
0.1851044	-1.9725e-05
0.1854858	-1.9725e-05
0.1856232	-1.9725e-05
0.1849823	-1.9725e-05
0.1852875	-1.9725e-05
0.1848297	-1.9725e-05
0.1855316	-1.9725e-05
0.1856689	-1.9725e-05
0.1856079	-1.9725e-05
0.1850433	-1.9725e-05
0.1852264	-1.9725e-05
0.1855316	-1.9725e-05
0.1850739	-1.9725e-05
0.1850128	-1.9725e-05
0.184845	-1.9725e-05
0.1850739	-1.9725e-05
0.1847839	-1.9725e-05
0.1851654	-1.9725e-05
0.1850433	-1.9725e-05
0.1851959	-1.9725e-05
0.185318	-1.9725e-05
0.1842651	-1.9725e-05
0.184494	-1.9725e-05
0.1849365	-1.9725e-05
0.1854095	-1.9725e-05
0.1858673	-1.9725e-05
0.1851959	-1.9725e-05
0.1857605	-1.9725e-05
0.1862793	-3.945e-05
0.1863251	-3.945e-05
0.1858826	-3.945e-05
0.1861725	-3.945e-05
0.1860657	-3.945e-05
0.185791	-0.00011835
0.1862335	-0.000216975
0.1860352	-0.0002367
0.1858521	-0.0003156
0.1860504	-0.000335325
0.1856079	-0.00035505
0.1858826	-0.00035505
0.1859589	-0.000374775
0.1857452	-0.000374775
0.1856995	-0.000374775
0.184967	-0.000374775
0.1854858	-0.000374775
0.185318	-0.000374775
0.1855774	-0.000374775
0.1849213	-0.0003945
0.1850891	-0.0003945
0.1852722	-0.000414225
0.1847687	-0.000769275
0.1843872	-0.00195278
0.1822662	-0.004734
0.1815948	-0.00629227
0.1815948	-0.00731798
0.1828308	-0.00790973
0.1852264	-0.00810698
0.1856079	-0.0083634
0.1855621	-0.0087579
0.185791	-0.00881707
0.1855164	-0.00881707
0.1854553	-0.00881707
0.1858063	-0.00881707
0.1857147	-0.00881707
0.1859131	-0.00881707
0.1857147	-0.00881707
0.1860199	-0.00881707
0.1856537	-0.00881707
0.1855469	-0.00881707
0.1858978	-0.00881707
0.1862183	-0.00881707
0.1855011	-0.00881707
0.1857605	-0.00881707
0.1867218	-0.00881707
0.1861877	-0.00881707
0.1864014	-0.00881707
0.1860962	-0.00881707
0.1858521	-0.00881707
0.1860809	-0.00881707
0.1862946	-0.00881707
0.1865692	-0.00881707
0.1865234	-0.0088368
0.1860352	-0.0088368
0.1864929	-0.0088368
0.1859894	-0.0088368
0.1860352	-0.0088368
0.1858826	-0.0088368
0.1860352	-0.0088368
0.1859131	-0.0088368
0.1864624	-0.00901432
0.1860046	-0.00927075
0.1860046	-0.00927075
0.1859741	-0.00927075
0.1861877	-0.00927075
0.186264	-0.00927075
0.1859131	-0.00927075
0.1857758	-0.00927075
0.1861572	-0.00927075
0.1866913	-0.00927075
0.186615	-0.00927075
0.1861725	-0.00927075
0.1865082	-0.00927075
0.186615	-0.00927075
0.1860962	-0.00927075
0.1861267	-0.00927075
0.1847076	-0.0093102
0.1824188	-0.00932992
0.1851196	-0.00934965
0.1834869	-0.00934965
0.1820068	-0.00932992
0.1815948	-0.00932992
0.1816864	-0.00934965
0.1822205	-0.00936937
0.1837769	-0.0093891
0.1860046	-0.00940882
0.1864014	-0.00940882
0.1868134	-0.00940882
0.1856384	-0.00940882
0.1861267	-0.00940882
0.1861877	-0.00940882
0.1863098	-0.00940882
0.1866302	-0.00940882
0.1859589	-0.00940882
0.1862946	-0.00940882
0.1860962	-0.00940882
0.1864166	-0.00940882
0.1860809	-0.00940882
0.1860199	-0.00940882
0.1864014	-0.00940882
0.1861572	-0.00940882
0.1864777	-0.00940882
0.186676	-0.00940882
0.1867981	-0.00940882
0.1868591	-0.00940882
0.1865082	-0.00940882
0.1873627	-0.00940882
0.1866608	-0.00940882
0.1869202	-0.00940882
0.1872864	-0.00940882
0.1867065	-0.00940882
0.1867828	-0.00940882
0.1867218	-0.00940882
0.1866302	-0.00940882
0.1862183	-0.00940882
0.1861115	-0.00944827
0.1860504	-0.009468
0.1864319	-0.009468
0.1865692	-0.009468
0.1864777	-0.009468
0.1863251	-0.009468
0.1866302	-0.009468
0.1861725	-0.00948772
0.1856232	-0.00948772
0.1833801	-0.00948772
0.1794739	-0.00948772
0.1785583	-0.00948772
0.1793365	-0.00948772
0.1792603	-0.00948772
0.1786957	-0.00948772
0.1792908	-0.00948772
0.1794891	-0.00948772
0.1791229	-0.00948772
0.1784515	-0.00948772
0.1794739	-0.00948772
0.179306	-0.00948772
0.1793823	-0.00948772
0.1790314	-0.00948772
0.1791992	-0.00948772
0.1797638	-0.00950745
0.1808624	-0.00952717
0.1854401	-0.00956662
0.1863403	-0.01053315
0.1854095	-0.01242675
0.1847839	-0.0145176
0.1834717	-0.01658872
0.1827393	-0.0175947
0.1839142	-0.0175947
0.1857147	-0.01761443
0.1868286	-0.01761443
0.188385	-0.01763415
0.1890106	-0.01765388
0.1891022	-0.01765388
0.1887054	-0.0176736
0.1882782	-0.0178314
0.1878052	-0.01789058
0.1882019	-0.01789058
0.1875763	-0.01789058
0.1882019	-0.01789058
0.1878357	-0.01789058
0.1878662	-0.01794975
0.187912	-0.01794975
0.1878052	-0.01794975
0.1878967	-0.01796948
0.1881561	-0.01796948
0.1878815	-0.01796948
0.1880035	-0.01796948
0.1884766	-0.01796948
0.1882477	-0.01796948
0.1885223	-0.01796948
0.1885071	-0.01796948
0.188446	-0.01796948
0.188324	-0.01796948
0.188324	-0.01796948
0.1883392	-0.01852178
0.1878357	-0.0195672
0.1884766	-0.01962638
0.1883392	-0.01962638
0.1880035	-0.0196461
0.1884918	-0.0196461
0.1887054	-0.0196461
0.1894836	-0.0196461
0.1895294	-0.0196461
0.1892548	-0.0196461
0.1894989	-0.01966583
0.1891174	-0.01966583
0.1891174	-0.01966583
0.1891785	-0.01968555
0.1869965	-0.020514
0.1858215	-0.02258513
0.1812439	-0.02473515
0.1795502	-0.0265104
0.1792908	-0.02747693
0.1814423	-0.027615
0.1826019	-0.02775308
0.1822357	-0.02781225
0.1823425	-0.02781225
0.1821289	-0.02787143
0.1818085	-0.02810813
0.1816864	-0.02850263
0.1818848	-0.02931135
0.1820984	-0.03004118
0.1817322	-0.03039623
0.1821747	-0.03041595
0.1821136	-0.03047513
0.180954	-0.03047513
0.1819305	-0.03047513
0.1821442	-0.03047513
0.1819153	-0.03047513
0.1821442	-0.03047513
0.1819458	-0.03047513
0.1819	-0.03047513
0.1820679	-0.03047513
0.1822357	-0.03047513
0.1828613	-0.03049485
0.1824493	-0.03049485
0.1820679	-0.03049485
0.1826019	-0.03049485
0.1825714	-0.03049485
0.1820068	-0.03073155
0.180481	-0.0327435
0.1789246	-0.03467655
0.1779175	-0.03586005
0.1786194	-0.03664905
0.1822052	-0.03712245
0.1861572	-0.03749723
0.1883392	-0.03775365
0.189743	-0.03814815
0.191452	-0.03868073
0.1909943	-0.03911468
0.1906433	-0.03978533
0.1905365	-0.04077158
0.1941986	-0.04177755
0.2032471	-0.04272435
0.2073669	-0.04333583
0.2076874	-0.04361198
0.2072754	-0.04369088
0.2063599	-0.04369088
0.2063446	-0.04369088
0.2060394	-0.0437106
0.2053833	-0.0437106
0.2062683	-0.0437106
0.2058716	-0.0437106
0.2069092	-0.0437106
0.2062073	-0.04373033
0.2067566	-0.0439473
0.2045746	-0.04424318
0.203186	-0.04477575
0.2025452	-0.0454464
0.2018433	-0.0458409
0.2026062	-0.0459198
0.2022247	-0.04593953
0.2021179	-0.04597898
0.2017517	-0.04603815
0.2031708	-0.04637348
0.2092285	-0.04700468
0.2145233	-0.04739918
0.216629	-0.04761615
0.2198792	-0.04795148
0.2214813	-0.0482868
0.2209167	-0.04838543
0.2216339	-0.04840515
0.2209473	-0.04840515
0.2215881	-0.0484446
0.2216339	-0.04846433
0.2219391	-0.04846433
0.2212067	-0.04846433
0.221283	-0.04846433
0.2204437	-0.04846433
0.2193909	-0.04846433
0.2199249	-0.04846433
0.2192993	-0.04848405
0.2193909	-0.04848405
0.217926	-0.04850378
0.2180176	-0.04850378
0.2171173	-0.04850378
0.217865	-0.04850378
0.2174835	-0.04850378
0.2184906	-0.04850378
0.2183685	-0.04850378
0.219101	-0.0485235
0.2179413	-0.04854322
0.2193451	-0.04866158
0.2149506	-0.04949003
0.2114868	-0.04974645
0.2115936	-0.04980563
0.2112427	-0.04984508
0.2106476	-0.04988453
0.2079926	-0.0503382
0.2062378	-0.05102858
0.2059631	-0.05179785
0.2077332	-0.05229098
0.2098236	-0.05276438
0.2149048	-0.05345475
0.2166901	-0.05398733
0.2153625	-0.05434238
0.2129517	-0.05463825
0.2108917	-0.05487495
0.2074432	-0.05523
0.2021942	-0.0557823
0.1981506	-0.05631488
0.1971436	-0.0564135
0.1973114	-0.0564135
0.1968079	-0.05643323
0.1966858	-0.05645295
0.1958771	-0.05647268
0.1959381	-0.05651213
0.1963196	-0.05653185
0.1956635	-0.0565713
0.1935425	-0.05734058
0.1906281	-0.05810985
0.1891174	-0.05840573
0.1888275	-0.05856353
0.1885376	-0.0590172
0.1863251	-0.0594906
0.1864166	-0.0595695
0.1860046	-0.0596484
0.1846008	-0.06006263
0.1828918	-0.06041768
0.1825104	-0.06085163
0.1800537	-0.06148283
0.1783905	-0.06229155
0.1779022	-0.06282413
0.1781311	-0.06302138
0.1779327	-0.06310028
0.1779633	-0.06317918
0.1781311	-0.06339615
0.1787872	-0.06377093
0.1790009	-0.0640668
0.1799469	-0.06434295
0.1810913	-0.06473745
0.1827393	-0.06523058
0.1840057	-0.06550673
0.1853027	-0.06578288
0.1873627	-0.06607875
0.1911011	-0.06657188
0.1938629	-0.06688748
0.1957703	-0.06694665
0.1964111	-0.06702555
0.1973419	-0.067065
0.1967163	-0.067065
0.1969299	-0.06708473
0.1978149	-0.06712418
0.197525	-0.0671439
0.1985779	-0.06716363
0.2003021	-0.06726225
0.2051086	-0.0677751
0.2174835	-0.06820905
0.2215576	-0.06844575
0.2235718	-0.0685641
0.2314148	-0.0688008
0.2473602	-0.06939255
0.2667999	-0.06992513
0.2781067	-0.070221
0.2872772	-0.0703788
0.2971954	-0.07057605
0.3140411	-0.07106918
0.3358307	-0.0720357
0.3523712	-0.07264718
0.3583374	-0.07288388
0.3584442	-0.0729036
0.3585968	-0.0729036
0.3595428	-0.0729036
0.3596649	-0.07292333
0.3605652	-0.07292333
0.361969	-0.07300223
0.3626709	-0.07304168
0.3630981	-0.07304168
0.3638611	-0.07304168
0.3630219	-0.07304168
0.3637543	-0.07304168
0.3636017	-0.0730614
0.3638153	-0.0730614
0.363678	-0.0730614
0.3630371	-0.0730614
0.3635712	-0.0730614
0.3632965	-0.0730614
0.3633575	-0.0730614
0.3634796	-0.0730614
0.3644714	-0.0730614
0.3641968	-0.0730614
0.3646088	-0.0730614
0.3645935	-0.0730614
0.3651733	-0.0730614
0.3655396	-0.07308113
0.3656158	-0.07308113
0.366745	-0.07312058
0.3725128	-0.0736926
0.3834076	-0.0742449
0.3896484	-0.07450133
0.3949432	-0.07491555
0.4238129	-0.07592153
0.4358063	-0.07655273
0.4344635	-0.07655273
0.4349823	-0.07657245
0.4360657	-0.07659218
0.4381561	-0.0766119
0.4375305	-0.07663163
0.4393463	-0.07665135
0.4404907	-0.07671053
0.4421539	-0.07673025
0.4418488	-0.07673025
0.4419861	-0.07674998
0.4436493	-0.07678943
0.4428711	-0.07680915
0.4473877	-0.07704585
0.4514465	-0.07722338
0.453476	-0.07722338
0.453949	-0.07726283
0.4772797	-0.0780321
0.5236206	-0.07919588
0.5813599	-0.08026103
0.6320648	-0.08081333
0.6518555	-0.0811092
0.6733704	-0.0815037
0.7078705	-0.08201655
0.7743378	-0.0829239
0.860321	-0.08404823
0.9509583	-0.08515283
1.0406494	-0.08641523
1.1115417	-0.08728313
1.1347809	-0.08771708
1.1819611	-0.08822993
1.1824951	-0.08830883
1.1824036	-0.08832855
1.1891785	-0.08846663
1.2121277	-0.08890058
1.2371216	-0.08945288
1.2457886	-0.08966985
1.2507477	-0.0897882
1.2565002	-0.089946
1.2593231	-0.09000518
1.2599487	-0.0900249
1.2593994	-0.09004463
1.2598419	-0.09006435
1.2606812	-0.09008408
1.2613678	-0.0901038
1.2627716	-0.09016298
1.2628326	-0.09016298
1.2640686	-0.09016298
1.2653198	-0.09016298
1.2640839	-0.0901827
1.2641296	-0.0901827
1.2641907	-0.0901827
1.2633514	-0.0901827
1.2637024	-0.0901827
1.2649994	-0.0901827
1.2647247	-0.09020243
1.2648315	-0.09020243
1.2660065	-0.09020243
1.2660522	-0.09020243
1.2648621	-0.09020243
1.2639008	-0.09022215
1.2633667	-0.09022215
1.2627869	-0.09024187
1.2651367	-0.09047857
1.2857971	-0.09154372
1.2852173	-0.09324008
1.2760773	-0.09430523
1.2528076	-0.09481807
1.2450104	-0.0948378
1.2436676	-0.09485752
1.205719	-0.09533092
1.1459503	-0.09653415
1.1040955	-0.09732315
1.0801086	-0.09769792
1.0366058	-0.09858555
0.9913483	-0.09982822
0.9404755	-0.10111035
0.9041901	-0.10197825
0.8938751	-0.10260945
0.8922272	-0.10298422
0.8913116	-0.1030434
0.8915405	-0.10316175
0.8922119	-0.1035957
0.8962555	-0.10428607
0.9120789	-0.1050948
0.9349823	-0.10566682
0.9484863	-0.1061994
0.9551544	-0.10653472
0.9581757	-0.10661362
0.9593811	-0.10661362
0.9590149	-0.10661362
0.9588928	-0.10661362
0.9601288	-0.10661362
0.9585724	-0.10661362
0.9584656	-0.10661362
0.9609528	-0.10663335
0.9641876	-0.10665307
0.9668884	-0.10665307
0.9663239	-0.1066728
0.9660034	-0.10669252
0.9667664	-0.10669252
0.9660339	-0.10669252
0.965683	-0.10671225
0.965332	-0.1076985
0.8993988	-0.10892145
0.7929535	-0.10988797
0.727005	-0.11034165
0.7061615	-0.11044027
0.6976776	-0.11051917
0.6726837	-0.11071642
0.6155853	-0.11111092
0.5552368	-0.1115646
0.5055237	-0.1118802
0.4767303	-0.11213662
0.4642181	-0.11221552
0.4626465	-0.11221552
0.4625397	-0.11221552
0.4565125	-0.11223525
0.4561462	-0.11223525
0.4572144	-0.11223525
0.463974	-0.11223525
0.4987793	-0.11225497
0.5053711	-0.11225497
0.5084229	-0.11225497
0.509079	-0.11225497
0.5092926	-0.11225497
0.5076904	-0.11225497
0.5078735	-0.11225497
0.5085449	-0.11225497
0.5080109	-0.11225497
0.5084839	-0.11225497
0.5088501	-0.11225497
0.5089417	-0.11225497
0.5093079	-0.11225497
0.5090027	-0.11225497
0.5083771	-0.11225497
0.5084991	-0.11225497
0.5083923	-0.11225497
0.5089722	-0.11225497
0.509201	-0.11225497
0.5084839	-0.11225497
0.5081635	-0.11225497
0.5082703	-0.11225497
0.5095825	-0.11225497
0.5102692	-0.11225497
0.509491	-0.11225497
0.5091858	-0.11225497
0.5083313	-0.11225497
0.5079498	-0.11225497
0.5065155	-0.11225497
0.5079651	-0.11225497
0.5084534	-0.11225497
0.5073242	-0.11225497
0.5066071	-0.11225497
0.5068207	-0.11225497
0.5069275	-0.11225497
0.5068207	-0.11225497
0.5068665	-0.11225497
0.507019	-0.11225497
0.5072479	-0.11225497
0.5076599	-0.11225497
0.506485	-0.11225497
0.5068359	-0.11225497
0.5071716	-0.11225497
0.5076752	-0.11225497
0.5079803	-0.11225497
0.5070801	-0.11225497
0.5061951	-0.11225497
0.5049286	-0.11225497
0.5043182	-0.11225497
0.5040283	-0.11225497
0.5047607	-0.11225497
0.5063477	-0.11225497
0.507309	-0.11225497
0.5077972	-0.11225497
0.5079498	-0.11225497
0.5083008	-0.11225497
0.507843	-0.11225497
0.5072784	-0.11225497
0.5072327	-0.11225497
0.5076752	-0.11225497
0.5079956	-0.11225497
0.5073547	-0.11225497
0.5083923	-0.11225497
0.5080719	-0.11225497
0.507431	-0.11225497
0.5075073	-0.11225497
0.5079956	-0.11225497
0.5086975	-0.11225497
0.5068359	-0.11225497
0.5062866	-0.11225497
0.5066223	-0.11225497
0.5061646	-0.11225497
0.5064697	-0.11225497
0.5073853	-0.11225497
0.5085449	-0.11225497
0.5085754	-0.11225497
0.5098419	-0.11225497
0.5105896	-0.11225497
0.5105133	-0.11225497
0.5088959	-0.11225497
0.5079651	-0.11225497
0.5068665	-0.11225497
0.5068817	-0.11225497
0.5063324	-0.11225497
0.5061646	-0.11225497
0.5064697	-0.11225497
0.5046539	-0.11225497
0.5049744	-0.11225497
0.5045776	-0.11225497
0.5049438	-0.11225497
0.5055847	-0.11225497
0.5055847	-0.11225497
0.5061646	-0.11225497
0.5060425	-0.11225497
0.5052643	-0.11225497
0.5052032	-0.11225497
0.5046082	-0.11225497
0.5038147	-0.11225497
0.50383	-0.11225497
0.5040894	-0.11225497
0.5050659	-0.11225497
0.5056458	-0.11225497
0.504715	-0.11225497
0.5050354	-0.11225497
0.5040741	-0.11225497
0.5053711	-0.11225497
0.5060883	-0.11225497
0.5067444	-0.11225497
0.5065613	-0.11225497
0.5069885	-0.11225497
0.5078583	-0.11225497
0.5072174	-0.11225497
0.5072784	-0.11225497
0.5061035	-0.11225497
0.506546	-0.11225497
0.5086212	-0.11225497
0.5097809	-0.11229442
0.5108948	-0.11225497
0.5223846	-0.11205772
0.5720978	-0.11142652
0.6901245	-0.11049945
0.7972107	-0.11002605
0.8809967	-0.10955265
0.9502258	-0.10886228
0.9768829	-0.10827052
0.9789734	-0.10821135
0.9797058	-0.1082508
0.9785919	-0.1082508
0.9790039	-0.10827052
0.9797058	-0.10827052
0.9790497	-0.10829025
0.9784393	-0.10829025
0.9779816	-0.1083297
0.9632568	-0.10884255
0.9222565	-0.10949347
0.7862244	-0.11071642
0.6524963	-0.1116435
0.583252	-0.112038
0.5823364	-0.11201827
0.5840607	-0.11199855
0.5845795	-0.11199855
0.5843353	-0.11199855
0.5838013	-0.11199855
0.5840149	-0.11199855
0.5836639	-0.11199855
0.5835571	-0.11199855
0.5833588	-0.11199855
0.5843201	-0.11199855
0.5846558	-0.11199855
0.5812073	-0.11199855
0.5805054	-0.11199855
0.5836792	-0.11199855
0.5844116	-0.11199855
0.58461	-0.11199855
0.5830688	-0.11199855
0.5837097	-0.11199855
0.5825958	-0.11199855
0.5826111	-0.11199855
0.5818176	-0.11199855
0.5824432	-0.11199855
0.5831909	-0.11199855
0.5834198	-0.11199855
0.5827789	-0.11199855
0.583252	-0.11201827
0.5833435	-0.11201827
0.5818024	-0.11199855
0.5811157	-0.11201827
0.581604	-0.112038
0.5799561	-0.112038
0.5785828	-0.112038
0.577301	-0.112038
0.5766754	-0.112038
0.57547	-0.112038
0.5753326	-0.112038
0.5790863	-0.112038
0.584198	-0.11199855
0.583847	-0.11199855
0.5840912	-0.11199855
0.5833588	-0.11199855
0.5784912	-0.11199855
0.5763855	-0.112038
0.5722198	-0.112038
0.5181427	-0.11245222
0.3999634	-0.11418802
0.3491974	-0.11616052
0.3381348	-0.11754127
0.3307648	-0.11807385
0.3243408	-0.1182711
0.3242493	-0.1182711
0.3252869	-0.11825137
0.3262939	-0.11825137
0.3261261	-0.11825137
0.3261566	-0.11825137
0.3262482	-0.11825137
0.3264771	-0.11825137
0.3273468	-0.11825137
0.3262177	-0.11825137
0.3260803	-0.1182711
0.3254242	-0.1182711
0.3244629	-0.1182711
0.3070679	-0.11870505
0.265686	-0.11965185
0.2193756	-0.12081562
0.1938477	-0.12217665
0.1862183	-0.12286702
0.1856079	-0.12294592
0.1851196	-0.12294592
0.1841888	-0.123084
0.1798096	-0.12375465
0.174469	-0.12476062
0.1709442	-0.1257666
0.1695251	-0.12629917
0.1696625	-0.12645697
0.1690063	-0.12683175
0.1697693	-0.1276602
0.171936	-0.12862673
0.1752625	-0.12953407
0.1812744	-0.13030335
0.1860504	-0.13087538
0.1931763	-0.13154603
0.1965179	-0.1321575
0.197998	-0.13280842
0.195694	-0.13371577
0.1985321	-0.13472175
0.2051849	-0.13537268
0.204895	-0.13533322
0.2050018	-0.13529378
0.2048798	-0.13529378
0.2043304	-0.13529378
0.2041168	-0.13529378
0.2036133	-0.13529378
0.2038574	-0.13529378
0.2039032	-0.13529378
0.2049103	-0.13529378
0.2048798	-0.13529378
0.204483	-0.13529378
0.2047424	-0.13529378
0.2051086	-0.1353135
0.2052612	-0.13537268
0.205307	-0.13537268
0.2057495	-0.13537268
0.2058258	-0.13537268
0.2053833	-0.13537268
0.2050171	-0.13537268
0.209198	-0.13558965
0.2236023	-0.136497
0.2266083	-0.13766078
0.2175751	-0.13835115
0.2141876	-0.13864703
0.2136841	-0.13872592
0.2114105	-0.13904152
0.2151642	-0.14006722
0.2303772	-0.14111265
0.2350769	-0.14200027
0.2256927	-0.1426512
0.2100372	-0.14326267
0.2073212	-0.14387415
0.2110748	-0.1446237
0.2182312	-0.14535352
0.216095	-0.14608335
0.2065125	-0.14669482
0.1974182	-0.14732602
0.1929474	-0.14779942
0.1919861	-0.14845035
0.1952667	-0.14929852
0.1925049	-0.15010725
0.1890106	-0.1504623
0.1882935	-0.15050175
0.1886749	-0.15050175
0.1891632	-0.15048202
0.1890869	-0.15048202
0.18927	-0.15048202
0.1893616	-0.15048202
0.1898346	-0.15048202
0.1889648	-0.15048202
0.1905212	-0.15048202
0.1896057	-0.15048202
0.1896515	-0.15048202
0.1897278	-0.15048202
0.1890411	-0.15048202
0.1897278	-0.15048202
0.1893005	-0.15048202
0.1900177	-0.15050175
0.1891632	-0.15050175
0.1865234	-0.15056092
0.1776581	-0.15152745
0.1766968	-0.1526715
0.1756744	-0.15334215
0.1747894	-0.15367747
0.171936	-0.15426922
0.1691437	-0.15493987
0.1686096	-0.15507795
0.1681976	-0.1552752
0.1675415	-0.15584722
0.1669312	-0.15655732
0.1665955	-0.15720825
0.1665192	-0.15783945
0.166153	-0.15823395
0.1660919	-0.15837202
0.1662292	-0.15839175
0.1659088	-0.1584312
0.1658936	-0.1588257
0.1661835	-0.15935827
0.1669006	-0.15996975
0.1670837	-0.16036425
0.16745	-0.16089682
0.1681366	-0.16154775
0.1691742	-0.16215922
0.171402	-0.1626918
0.1731873	-0.16328355
0.1725311	-0.16383585
0.1725006	-0.16421062
0.1725616	-0.1647432
0.1728821	-0.16507852
0.1751251	-0.1655322
0.1751404	-0.16555192
0.1753235	-0.16555192
0.1754456	-0.1655322
0.1749573	-0.1655322
0.1754913	-0.1655322
0.175415	-0.1655322
0.1756134	-0.1655322
0.1756897	-0.1655322
0.1754303	-0.1655322
0.1751709	-0.1655322
0.1752319	-0.1655322
0.1755524	-0.1655322
0.1756287	-0.16555192
0.1759644	-0.16555192
0.1758728	-0.16555192
0.177002	-0.1658478
0.1793976	-0.16689322
0.1771851	-0.1679781
0.1829529	-0.16890517
0.1846619	-0.16933912
0.184494	-0.16935885
0.1844482	-0.16959555
0.1802673	-0.17062125
0.1854095	-0.1717653
0.184906	-0.1725543
0.1815033	-0.17306715
0.1800995	-0.17346165
0.1803894	-0.17369835
0.1837769	-0.17430982
0.184967	-0.17498047
0.1820374	-0.17545387
0.1782532	-0.17612452
0.1782532	-0.1765782
0.1795654	-0.17707132
0.1797943	-0.177525
0.1727295	-0.17817592
0.1743622	-0.1782351
0.1742096	-0.1782351
0.1744232	-0.17825482
0.1747742	-0.17825482
0.1748962	-0.17825482
0.1741791	-0.17825482
0.1743774	-0.17825482
0.1746063	-0.17825482
0.1746063	-0.17825482
0.1743164	-0.17825482
0.1740417	-0.17827455
0.1743164	-0.17827455
0.1741638	-0.17827455
0.1741486	-0.17829427
0.1740875	-0.17829427
0.1730804	-0.17939887
0.1738586	-0.17975392
0.1740417	-0.17975392
0.1741333	-0.17977365
0.1743774	-0.17977365
0.1741791	-0.17977365
0.1743622	-0.17977365
0.1738586	-0.17977365
0.1738892	-0.17977365
0.174057	-0.17977365
0.1740112	-0.17977365
0.174057	-0.17977365
0.1742859	-0.17977365
0.1739044	-0.17975392
0.1741943	-0.17975392
0.173584	-0.17975392
0.1741333	-0.17975392
0.1737823	-0.17975392
0.1738281	-0.17975392
0.1735992	-0.17975392
0.1736603	-0.17975392
0.1734467	-0.17975392
0.1739655	-0.17975392
0.1742859	-0.17975392
0.1743011	-0.17975392
0.1750031	-0.17975392
0.1755066	-0.17977365
0.175415	-0.17977365
0.175827	-0.17977365
0.1753693	-0.17977365
0.1755676	-0.17977365
0.1756134	-0.17977365
0.175293	-0.17977365
0.175415	-0.17977365
0.1753387	-0.17977365
0.1756744	-0.17975392
0.1748657	-0.17975392
0.1747589	-0.17975392
0.1745453	-0.17975392
0.1747894	-0.17975392
0.1740875	-0.17975392
0.1742706	-0.17975392
0.1748505	-0.17975392
0.1745148	-0.17975392
0.1746826	-0.17975392
0.1746521	-0.17975392
0.1742706	-0.17975392
0.1744843	-0.17975392
0.1743011	-0.17975392
0.1741943	-0.17975392
0.1741333	-0.17975392
0.174469	-0.17975392
0.1742249	-0.17975392
0.1746063	-0.17975392
0.1746674	-0.17975392
0.1742706	-0.17975392
0.1746216	-0.17975392
0.1744995	-0.17975392
0.1746216	-0.17975392
0.1742859	-0.17975392
0.1746368	-0.17975392
0.1745148	-0.17975392
0.1746063	-0.17975392
0.1750946	-0.17969475
0.1746063	-0.17943832
0.1749878	-0.1794186
0.1751556	-0.1794186
0.1746216	-0.17939887
0.1746826	-0.17935942
0.1746521	-0.1793397
0.1749268	-0.17920162
0.1741791	-0.17849152
0.1793365	-0.17683462
0.177002	-0.17559195
0.1794586	-0.17533552
0.1793823	-0.1753158
0.1808167	-0.17496075
0.1834106	-0.17348137
0.1824799	-0.17198227
0.1833801	-0.17056207
0.1803284	-0.16849095
0.177124	-0.16691295
0.177124	-0.16691295
0.1774445	-0.16691295
0.1772156	-0.16691295
0.177124	-0.16691295
0.1770172	-0.16691295
0.177002	-0.16691295
0.1769409	-0.16691295
0.177002	-0.16691295
0.1767731	-0.16691295
0.1768951	-0.16691295
0.1769409	-0.16691295
0.1773682	-0.16691295
0.1768951	-0.16691295
0.1768646	-0.16691295
0.1772156	-0.16691295
0.1766205	-0.16691295
0.1768951	-0.16691295
0.1768494	-0.16691295
0.1768341	-0.16691295
0.1775665	-0.16691295
0.1772308	-0.16691295
0.1774445	-0.1668735
0.1783447	-0.16667625
0.1793365	-0.1660845
0.1779785	-0.16569
0.1742096	-0.16509825
0.1731415	-0.1644276
0.1732483	-0.16377667
0.1735535	-0.1636386
0.1738739	-0.16346107
0.1714478	-0.16263262
0.1679077	-0.16077847
0.1674652	-0.1595358
0.1672058	-0.15939772
0.166748	-0.1590624
0.1667175	-0.15801697
0.1670837	-0.15722797
0.1672516	-0.15720825
0.1676178	-0.15699127
0.1682434	-0.15657705
0.168808	-0.15539355
0.1742401	-0.1536183
0.1777039	-0.15241507
0.1777344	-0.15237562
0.1779785	-0.15237562
0.1779022	-0.15237562
0.1778717	-0.15237562
0.1779938	-0.15237562
0.177948	-0.15237562
0.1777649	-0.15237562
0.1775513	-0.15237562
0.1775208	-0.15237562
0.1776276	-0.15237562
0.1776123	-0.15239535
0.177597	-0.15239535
0.1774597	-0.15239535
0.1773682	-0.15239535
0.1776886	-0.15237562
0.1781158	-0.15237562
0.177475	-0.1521192
0.1782837	-0.15142882
0.1826782	-0.15073845
0.1872101	-0.15028477
0.1933289	-0.1498311
0.1964569	-0.14925907
0.1955566	-0.14829255
0.1965485	-0.14687235
0.2148132	-0.14523517
0.2079315	-0.1441503
0.2079163	-0.14389387
0.2085571	-0.14385442
0.2094574	-0.14365717
0.2111206	-0.1435191
0.2145691	-0.14324295
0.2181396	-0.14300625
0.228653	-0.14245395
0.237442	-0.14160577
0.2354126	-0.14125072
0.2312775	-0.14089567
0.2214508	-0.1403631
0.2216339	-0.1403631
0.2216949	-0.1403631
0.2217865	-0.1403631
0.2208252	-0.1403631
0.221283	-0.14038282
0.2222595	-0.14038282
0.2223053	-0.14038282
0.2217865	-0.14038282
0.2221527	-0.14038282
0.2223053	-0.14038282
0.2218018	-0.14038282
0.22229	-0.14038282
0.2220917	-0.14038282
0.2216034	-0.1403631
0.2219238	-0.1403631
0.2223358	-0.14034337
0.2209778	-0.14000805
0.2124939	-0.13931767
0.2114716	-0.13874565
0.2119904	-0.13860757
0.2125702	-0.1384695
0.217041	-0.13801582
0.226944	-0.13716765
0.2289886	-0.13655617
0.2266998	-0.1362603
0.2230072	-0.1360236
0.213501	-0.1353135
0.1969147	-0.1338933
0.1981049	-0.13249282
0.1948242	-0.13164465
0.193634	-0.13154602
0.1934052	-0.1315263
0.1931305	-0.13130932
0.1878204	-0.13101345
0.1879425	-0.13101345
0.1873016	-0.13101345
0.1851959	-0.13083592
0.1846466	-0.13075702
0.1828308	-0.13061895
0.1784821	-0.13012582
0.1757813	-0.12973132
0.1753845	-0.12965242
0.17276	-0.12906067
0.1720276	-0.12862672
0.1711121	-0.12823222
0.1695404	-0.12762075
0.1703644	-0.12756157
0.1703186	-0.12756157
0.1700287	-0.12762075
0.170166	-0.12762075
0.1695557	-0.12762075
0.169754	-0.12762075
0.170517	-0.12762075
0.1701965	-0.12762075
0.1703339	-0.12762075
0.170105	-0.12762075
0.1698914	-0.12762075
0.1702881	-0.12760102
0.1704712	-0.12756157
0.1704102	-0.12756157
0.1704254	-0.12754185
0.1702271	-0.12744322
0.1700592	-0.12696982
0.169342	-0.12665422
0.1690369	-0.12645697
0.1695404	-0.12645697
0.1691132	-0.12645697
0.1695099	-0.12645697
0.1699219	-0.12643725
0.1697235	-0.12633862
0.1699219	-0.12620055
0.1698608	-0.12620055
0.1700592	-0.12618082
0.1697388	-0.12618082
0.1696472	-0.12618082
0.1697388	-0.1261611
0.1710968	-0.12549045
0.1801758	-0.12407025
0.181778	-0.12389273
0.1816101	-0.12369548
0.1825104	-0.12312345
0.1863861	-0.12257115
0.2047882	-0.12154545
0.2219238	-0.1209537
0.2414246	-0.12036195
0.2716522	-0.11967157
0.296402	-0.11925735
0.3058014	-0.119139
0.3135681	-0.1188234
0.3311768	-0.11854725
0.3335876	-0.11844862
0.3409424	-0.11823165
0.3451233	-0.11799495
0.3511505	-0.11767935
0.3541412	-0.1174032
0.3539581	-0.11736375
0.3541412	-0.11736375
0.354126	-0.11736375
0.3536987	-0.11736375
0.3537903	-0.11738347
0.3540192	-0.11738347
0.3535919	-0.11738347
0.353302	-0.11738347
0.3536072	-0.11738347
0.3532562	-0.11738347
0.3538513	-0.11738347
0.3537598	-0.11738347
0.3531799	-0.11738347
0.3537445	-0.11736375
0.3543396	-0.11736375
0.3548279	-0.11736375
0.3552551	-0.11730457
0.3569489	-0.11702842
0.3568573	-0.11673255
0.3578644	-0.11655502
0.3595276	-0.11643667
0.3654938	-0.11588437
0.3806152	-0.11513482
0.4079285	-0.1143261
0.4204102	-0.11355682
0.4573517	-0.11292562
0.5375366	-0.11201827
0.7294312	-0.11073615
0.9182739	-0.10953292
0.9813385	-0.10900035
1.0230103	-0.10827052
1.0399628	-0.1076196
1.0388336	-0.10748153
1.0348816	-0.10712648
1.0250092	-0.10663335
1.0121002	-0.10623885
0.9964447	-0.10578517
0.9853363	-0.1054104
0.9739532	-0.10497645
0.9590912	-0.10452277
0.9546661	-0.10418745
0.9535675	-0.1039902
0.953064	-0.10397047
0.9533539	-0.10397047
0.9535217	-0.10397047
0.953476	-0.10397047
0.9550934	-0.10397047
0.9550781	-0.10397047
0.9537048	-0.10397047
0.9533691	-0.10397047
0.9543457	-0.10397047
0.9543152	-0.10397047
0.9536438	-0.10397047
0.9543304	-0.10397047
0.9561768	-0.10397047
0.9554443	-0.10397047
0.954483	-0.10397047
0.9539642	-0.10397047
0.9555969	-0.10397047
0.9543152	-0.10397047
0.9529266	-0.10397047
0.9541626	-0.10397047
0.9552765	-0.10393103
0.9567871	-0.10377323
0.9594574	-0.10353653
0.9573669	-0.10316175
0.954483	-0.1026489
0.955658	-0.10231358
0.9591064	-0.1019388
0.9702148	-0.10120898
0.9891815	-0.10040025
0.9975281	-0.09998603
1.0594788	-0.09868418
1.0848083	-0.09789518
1.1086578	-0.09702728
1.1312866	-0.09639608
1.1734772	-0.0956268
1.1847534	-0.09513368
1.1853333	-0.09462083
1.1899414	-0.09359513
1.1905365	-0.0924708
1.1856842	-0.09189878
1.1835327	-0.09174098
1.1708069	-0.09126758
1.1567993	-0.09085335
1.1521759	-0.09069555
1.1458435	-0.0904983
1.1435394	-0.09045885
1.1430511	-0.09043913
1.1425629	-0.09043913
1.1415558	-0.09043913
1.1355896	-0.0903405
1.1110535	-0.08984738
1.1032867	-0.08968958
1.1018982	-0.08968958
1.1026459	-0.08968958
1.1029205	-0.08968958
1.1057129	-0.08968958
1.1060181	-0.08968958
1.1063995	-0.08968958
1.1054687	-0.08968958
1.105957	-0.08968958
1.1068115	-0.08968958
1.1052704	-0.08968958
1.1063538	-0.08968958
1.107254	-0.08968958
1.1064148	-0.08968958
1.1055603	-0.08968958
1.1060181	-0.08968958
1.105423	-0.08968958
1.1019592	-0.08968958
1.1004791	-0.08968958
1.0987091	-0.08968958
1.1000519	-0.08959095
1.0708923	-0.08903865
1.063797	-0.08890058
1.0531769	-0.0887625
1.0408478	-0.08848635
1.0148926	-0.0878946
0.9717407	-0.08708588
0.9178772	-0.0863166
0.8643799	-0.08582348
0.8476715	-0.08548815
0.8243256	-0.08507393
0.7771912	-0.08452163
0.7428436	-0.08400878
0.7075806	-0.08353538
0.6736298	-0.08298308
0.6399536	-0.0824505
0.624054	-0.0821349
0.6055908	-0.08177985
0.5810394	-0.08136563
0.5649414	-0.08106975
0.5554962	-0.08075415
0.5409851	-0.0803991
0.5266113	-0.08006378
0.4978333	-0.07959038
0.4853821	-0.07925505
0.4674988	-0.0786633
0.4571533	-0.0781899
0.4534912	-0.0778743
0.4490662	-0.07757843
0.4453125	-0.07734173
0.4434967	-0.07730228
0.4456787	-0.07730228
0.4473114	-0.07730228
0.4462433	-0.07730228
0.4461517	-0.07730228
0.4454651	-0.07730228
0.4458618	-0.07730228
0.4461975	-0.07730228
0.4461975	-0.07730228
0.4465027	-0.07730228
0.4452057	-0.07730228
0.4466095	-0.07730228
0.447113	-0.07730228
0.4461517	-0.07730228
0.4454651	-0.07730228
0.4438934	-0.07730228
0.4430389	-0.07730228
0.4445496	-0.07730228
0.4445496	-0.07728255
0.4450226	-0.07728255
0.4483948	-0.0771642
0.4505463	-0.07694723
0.4516144	-0.07690778
0.4508514	-0.07690778
0.4497223	-0.07688805
0.4486694	-0.0768486
0.4483948	-0.0768486
0.4472351	-0.07682888
0.4484558	-0.07682888
0.449234	-0.07682888
0.4475098	-0.07680915
0.4470978	-0.0767697
0.4394684	-0.07611878
0.4225311	-0.0751128
0.4069824	-0.07434353
0.3323822	-0.07310085
0.2741394	-0.07173983
0.2293091	-0.07033935
0.202713	-0.06889943
0.1921082	-0.06763703
0.1851959	-0.06629573
0.1814728	-0.0648558
0.181427	-0.0637512
0.1814117	-0.06321863
0.1826172	-0.06262688
0.1831207	-0.0622521
0.1834717	-0.06211403
0.1835327	-0.0620943
0.184433	-0.06187733
0.1850586	-0.06158145
0.1853333	-0.06140393
0.1854858	-0.06116723
0.1856537	-0.06096998
0.1868744	-0.06081218
0.186676	-0.06073328
0.1873169	-0.06063465
0.1877136	-0.0604374
0.1882019	-0.06029933
0.1877289	-0.06029933
0.1878967	-0.06029933
0.1873016	-0.06029933
0.1875305	-0.06029933
0.1872253	-0.06033878
0.1872253	-0.06033878
0.187088	-0.06033878
0.1867981	-0.06033878
0.1871033	-0.06033878
0.1867676	-0.06033878
0.187088	-0.06033878
0.1875458	-0.06033878
0.1874542	-0.06033878
0.1871185	-0.06033878
0.1881561	-0.06033878
0.1881104	-0.06033878
0.1882019	-0.06029933
0.1880035	-0.06025988
0.1893463	-0.05974703
0.190094	-0.05945115
0.1917877	-0.05913555
0.1938019	-0.05852408
0.2005768	-0.05755755
0.2072144	-0.0566502
0.2106323	-0.05584148
0.2085266	-0.05487495
0.2038116	-0.05375063
0.2028809	-0.0527841
0.2056885	-0.05195565
0.2115936	-0.05094968
0.2174683	-0.04966755
0.2122192	-0.04897718
0.2115936	-0.04895745
0.2122192	-0.04895745
0.2126007	-0.04895745
0.2126923	-0.04895745
0.2124786	-0.04895745
0.2126923	-0.04895745
0.2123718	-0.04895745
0.2122345	-0.04901663
0.2120361	-0.04901663
0.2120972	-0.04901663
0.2119446	-0.04901663
0.2115936	-0.04901663
0.2119141	-0.04901663
0.2116241	-0.04901663
0.2120056	-0.04901663
0.2119598	-0.04903635
0.2118988	-0.04903635
0.2126007	-0.0489969
0.2122192	-0.04895745
0.2121124	-0.04895745
0.2123108	-0.04895745
0.2120209	-0.04897718
0.2118073	-0.04901663
0.2124023	-0.04901663
0.2123108	-0.04901663
0.2129669	-0.04901663
0.2125244	-0.04901663
0.2125397	-0.04895745
0.2120361	-0.04895745
0.2121277	-0.04895745
0.2122498	-0.04895745
0.2125702	-0.04893773
0.2116852	-0.04879965
0.2090607	-0.04846433
0.2048035	-0.04795148
0.2036743	-0.04737945
0.2018738	-0.04668908
0.204895	-0.04554503
0.2068634	-0.04477575
0.2047729	-0.04406565
0.194931	-0.04278353
0.1925049	-0.0414225
0.1939545	-0.04019955
0.1895142	-0.0388188
0.1871338	-0.03769448
0.1867371	-0.0374775
0.1864166	-0.0374775
0.1867371	-0.0373986
0.1873169	-0.03710273
0.1866455	-0.03704355
0.1869507	-0.03702383
0.1867371	-0.03702383
0.186676	-0.03702383
0.1869202	-0.03702383
0.1864166	-0.03704355
0.1865845	-0.03704355
0.1868286	-0.03704355
0.1869659	-0.03704355
0.1865845	-0.03704355
0.1868591	-0.03704355
0.1868896	-0.03704355
0.1865845	-0.03704355
0.1870117	-0.03704355
0.1866302	-0.03704355
0.1869812	-0.03704355
0.1872101	-0.03704355
0.1867676	-0.03704355
0.1867676	-0.03704355
0.1871796	-0.03704355
0.187149	-0.03704355
0.1869354	-0.03702383
0.1869659	-0.03702383
0.1873322	-0.03702383
0.1867981	-0.0370041
0.1871796	-0.03664905
0.1865082	-0.03641235
0.1867218	-0.0362151
0.1863556	-0.03568253
0.1854706	-0.03507105
0.1846008	-0.03465683
0.1843567	-0.03438068
0.1844025	-0.03404535
0.1838074	-0.03378893
0.1834412	-0.03319718
0.184082	-0.03169808
0.1844635	-0.03004118
0.1855011	-0.02854208
0.1861115	-0.02696408
0.1885223	-0.025248
0.1886902	-0.02363055
0.1885529	-0.0233544
0.1884003	-0.0233544
0.1884613	-0.0233544
0.1881866	-0.0233544
0.1881714	-0.0233544
0.1878967	-0.0233544
0.1882019	-0.0233544
0.1888275	-0.0233544
0.188324	-0.0233544
0.1886444	-0.0233544
0.1882172	-0.0233544
0.1880951	-0.0233544
0.1880646	-0.0233544
0.1876984	-0.0233544
0.1879425	-0.0233544
0.1876984	-0.0233544
0.1883545	-0.0233544
0.1877289	-0.0233544
0.1880951	-0.0233544
0.1879883	-0.0233544
0.1880951	-0.0233544
0.188324	-0.0233544
0.1883545	-0.02331495
0.1883698	-0.0229599
0.1887512	-0.02246678
0.1906891	-0.02165805
0.1907501	-0.0208296
0.1901855	-0.01974473
0.1905823	-0.01903463
0.1912079	-0.01836398
0.1911316	-0.01793003
0.1903992	-0.01779195
0.1904602	-0.01771305
0.1894531	-0.0168057
0.190155	-0.01542495
0.1885986	-0.01437953
0.1879272	-0.01361025
0.1887207	-0.01299878
0.1881104	-0.01189418
0.1872559	-0.0111249
0.1871643	-0.0108093
0.1871338	-0.0108093
0.1873474	-0.0108093
0.1873932	-0.0108093
0.1875	-0.0108093
0.1880341	-0.0108093
0.1878662	-0.0108093
0.1874237	-0.0108093
0.1873627	-0.0108093
0.1882935	-0.0108093
0.1877899	-0.0108093
0.1882324	-0.0108093
0.1877747	-0.0108093
0.1879578	-0.0108093
0.1881866	-0.0108093
0.187912	-0.0108093
0.1876984	-0.0108093
0.1876373	-0.0108093
0.1877594	-0.0108093
0.1872864	-0.0108093
0.1877899	-0.0108093
0.1874542	-0.0108093
0.1878052	-0.0108093
0.1877594	-0.0108093
0.1880646	-0.01029645
0.1881714	-0.0096258
0.1876984	-0.0088368
0.1867828	-0.00834368
0.1876831	-0.00753495
0.1880493	-0.0072588
0.1885529	-0.00708128
0.1877441	-0.00641063
0.1872864	-0.00524685
0.1868744	-0.0033138
0.1865234	-0.00163718
0.1869812	-0.0003945
0.1869812	1.9725e-05
0.1870575	1.9725e-05
0.1869202	1.9725e-05
0.1866608	1.9725e-05
0.1871033	1.9725e-05
0.186203	-2.78572196e-17
0.1861877	-2.78572196e-17
0.1859589	-2.78572196e-17
0.1859283	-2.78572196e-17
0.1863708	-2.78572196e-17
0.1859436	-2.78572196e-17
0.1860504	-2.78572196e-17
0.1858673	-2.78572196e-17
0.185791	-2.78572196e-17
0.186554	-2.78572196e-17
0.1864624	-2.78572196e-17
0.186554	-2.78572196e-17
0.1869354	-2.78572196e-17
0.1865845	-2.78572196e-17
0.1869812	1.9725e-05
0.1858063	7.89e-05
0.1862488	9.8625e-05
0.1858215	9.8625e-05
0.1858063	9.8625e-05
0.1864319	9.8625e-05
0.1858215	9.8625e-05
0.1861572	9.8625e-05
0.1858215	9.8625e-05
0.1858673	9.8625e-05
0.1856537	9.8625e-05
0.1862488	9.8625e-05
0.1858368	9.8625e-05
0.1858978	9.8625e-05
0.1863556	9.8625e-05
0.1855621	9.8625e-05
0.1859131	3.945e-05
0.1863098	-1.9725e-05
0.1860046	-1.9725e-05
0.1864777	-1.9725e-05
0.1864471	-1.9725e-05
0.1859436	-1.9725e-05
0.1867828	-1.9725e-05
0.1862488	-1.9725e-05
0.1864929	-1.9725e-05
0.1864014	-1.9725e-05
0.1862335	-1.9725e-05
0.1865387	-1.9725e-05
0.1863556	-1.9725e-05
0.1865234	-1.9725e-05
0.1862793	-1.9725e-05
0.1865845	-1.9725e-05
0.186554	-1.9725e-05
0.1865387	-1.9725e-05
0.1861877	-1.9725e-05
0.1860199	-1.9725e-05
0.1864319	-1.9725e-05
0.1863251	-1.9725e-05
0.1865997	-1.9725e-05
0.1861725	-1.9725e-05
0.187088	-1.9725e-05
0.186554	-1.9725e-05
0.1867371	-1.9725e-05
0.1871948	-1.9725e-05
0.1870575	-1.9725e-05
0.1874084	-1.9725e-05
0.1867981	-1.9725e-05
0.1870728	-1.9725e-05
0.1872864	-1.9725e-05
0.1871338	-1.9725e-05
0.1880798	-1.9725e-05
0.1870117	-1.9725e-05
0.1865845	-1.9725e-05
0.1866913	-1.9725e-05
0.1861267	-1.9725e-05
0.1861115	-1.9725e-05
0.1865082	-1.9725e-05
0.186203	-1.9725e-05
0.1863251	-1.9725e-05
0.1856384	-1.9725e-05
0.186615	-1.9725e-05
0.1859436	-1.9725e-05
0.1856537	-1.9725e-05
0.1854553	-1.9725e-05
0.1855011	-1.9725e-05
0.1855927	-1.9725e-05
0.1857758	-1.9725e-05
0.1861725	-1.9725e-05
0.1856995	-1.9725e-05
0.1857452	-1.9725e-05
0.1856689	-1.9725e-05
0.1858826	-1.9725e-05
0.1856079	-1.9725e-05
0.1856689	-1.9725e-05
0.1859131	-1.9725e-05
0.1853485	-1.9725e-05
0.1857452	-1.9725e-05
0.1857605	-1.9725e-05
0.1855469	-1.9725e-05
0.1857147	-1.9725e-05
0.1855316	-1.9725e-05
0.1853027	-1.9725e-05
0.1860809	-1.9725e-05
0.1856689	-1.9725e-05
0.1859589	-1.9725e-05
0.1855774	-1.9725e-05
0.185791	-1.9725e-05
0.1854248	-1.9725e-05
0.1856689	-1.9725e-05
0.1860046	-1.9725e-05
0.1858673	-1.9725e-05
0.1860352	-1.9725e-05
0.1858521	-1.9725e-05
0.1859436	-1.9725e-05
0.1863251	-1.9725e-05
0.1863251	-1.9725e-05
0.1861725	-1.9725e-05
0.1864166	-1.9725e-05
0.1862335	-1.9725e-05
0.1864319	-1.9725e-05
0.1864777	-1.9725e-05
0.1863403	-1.9725e-05
0.1860504	-1.9725e-05
0.1861725	-1.9725e-05
0.1856689	-1.9725e-05
0.1858521	-1.9725e-05
0.1863861	-1.9725e-05
0.1866913	-1.9725e-05
0.1861572	-1.9725e-05
0.1860809	-1.9725e-05
0.1861115	-1.9725e-05
