Light Intensity (% of scale max) Alessio_0.04_1.5_lampadina	Position (m) Alessio_0.04_1.5_lampadina
0.0351	0.0
0.03499	0.0
0.03555	0.0
0.03522	0.0
0.03535	0.0
0.03517	0.0
0.03481	0.0
0.03493	0.0
0.03502	0.0
0.03516	0.0
0.03503	0.0
0.03519	0.0
0.03568	0.0
0.03522	0.0
0.03532	0.0
0.03568	0.0
0.03566	0.0
0.03561	0.0
0.03535	0.0
0.03526	0.0
0.03552	0.0
0.03568	0.0
0.03532	0.0
0.03549	0.0
0.03546	0.0
0.03552	0.0
0.03531	0.0
0.03572	0.0
0.0356	0.0
0.03532	0.0
0.03539	0.0
0.03537	-1.9725e-05
0.03552	-1.9725e-05
0.03561	-1.9725e-05
0.03526	-3.945e-05
0.03549	-3.945e-05
0.03496	-3.945e-05
0.03574	-3.945e-05
0.03569	-3.945e-05
0.03557	-3.945e-05
0.03569	-5.9175e-05
0.03546	-5.9175e-05
0.03503	-0.00011835
0.03551	-0.0003945
0.03535	-0.000532575
0.03523	-0.000650925
0.03534	-0.000808725
0.0356	-0.000808725
0.03552	-0.000927075
0.03577	-0.001026
0.03549	-0.001026
0.03569	-0.001124
0.03539	-0.001479
0.03528	-0.001756
0.0349	-0.001933
0.03513	-0.002328
0.0349	-0.002525
0.03523	-0.002663
0.03505	-0.003255
0.03465	-0.003886
0.03543	-0.004182
0.03522	-0.00428
0.03491	-0.00428
0.03519	-0.00428
0.03493	-0.004261
0.03499	-0.004261
0.0349	-0.004261
0.03488	-0.004261
0.03505	-0.004261
0.03511	-0.004261
0.03476	-0.004261
0.03523	-0.004261
0.0352	-0.00428
0.03491	-0.00428
0.03484	-0.004399
0.03554	-0.004971
0.03551	-0.005405
0.03558	-0.00572
0.03607	-0.006016
0.03613	-0.006075
0.03613	-0.006292
0.03603	-0.006805
0.03641	-0.007417
0.03682	-0.007555
0.03702	-0.007831
0.03697	-0.008127
0.03732	-0.008324
0.03758	-0.008758
0.03755	-0.008896
0.03764	-0.008876
0.03751	-0.008876
0.03729	-0.008876
0.0372	-0.008876
0.03711	-0.008876
0.03729	-0.008876
0.03749	-0.008876
0.03757	-0.008876
0.03745	-0.008876
0.03723	-0.008876
0.03748	-0.008896
0.03734	-0.008975
0.03708	-0.009448
0.03702	-0.009626
0.037	-0.009626
0.03697	-0.009803
0.03769	-0.010671
0.0378	-0.011125
0.03802	-0.011164
0.03807	-0.011381
0.03773	-0.011657
0.03761	-0.011894
0.03719	-0.012269
0.03711	-0.012348
0.03656	-0.012506
0.03735	-0.013176
0.03694	-0.013946
0.03682	-0.014439
0.03665	-0.014616
0.03641	-0.014616
0.0363	-0.014616
0.03636	-0.014616
0.03633	-0.014616
0.03616	-0.014616
0.03679	-0.014616
0.03627	-0.014616
0.03633	-0.014616
0.03624	-0.014616
0.03639	-0.014616
0.03638	-0.014656
0.03612	-0.015129
0.03525	-0.015898
0.03531	-0.015898
0.03526	-0.015997
0.03482	-0.016234
0.03476	-0.016549
0.03435	-0.017279
0.03415	-0.017417
0.03438	-0.017634
0.03497	-0.018226
0.03433	-0.018423
0.03438	-0.019133
0.03513	-0.019488
0.03485	-0.019488
0.03462	-0.019488
0.0349	-0.019488
0.03465	-0.019488
0.03484	-0.019488
0.03519	-0.019488
0.03455	-0.019488
0.03505	-0.019488
0.03458	-0.019488
0.03496	-0.019488
0.0347	-0.019488
0.0349	-0.019567
0.0354	-0.020573
0.03558	-0.021402
0.0359	-0.021402
0.03612	-0.021559
0.03683	-0.021914
0.03735	-0.022329
0.03773	-0.022486
0.03816	-0.022546
0.03905	-0.023078
0.0394	-0.023867
0.03915	-0.024045
0.03938	-0.024163
0.03937	-0.024341
0.03926	-0.024341
0.03906	-0.024321
0.03899	-0.024321
0.0392	-0.024321
0.03883	-0.024321
0.03908	-0.024321
0.03905	-0.024321
0.03934	-0.024321
0.03896	-0.024341
0.0396	-0.024341
0.03926	-0.024637
0.03915	-0.025386
0.0399	-0.025564
0.03963	-0.025662
0.04115	-0.026254
0.04187	-0.026491
0.04161	-0.026944
0.04047	-0.027595
0.04008	-0.027793
0.0394	-0.028207
0.03876	-0.028601
0.039	-0.028759
0.0386	-0.028976
0.03871	-0.028956
0.03876	-0.028937
0.03856	-0.028937
0.0386	-0.028937
0.03867	-0.028937
0.03796	-0.028937
0.03883	-0.028937
0.03839	-0.028937
0.03822	-0.028937
0.0386	-0.028937
0.03873	-0.028956
0.03891	-0.028976
0.03896	-0.029173
0.03862	-0.029686
0.03891	-0.030081
0.03838	-0.030081
0.03853	-0.03016
0.03812	-0.030653
0.03677	-0.031146
0.03587	-0.031422
0.03578	-0.031955
0.03529	-0.032408
0.03481	-0.032862
0.03474	-0.033414
0.03484	-0.033592
0.03499	-0.033651
0.03488	-0.033789
0.03484	-0.033789
0.03519	-0.033749
0.03488	-0.033749
0.03525	-0.033749
0.03513	-0.033749
0.03519	-0.033749
0.03554	-0.033749
0.03493	-0.033749
0.03505	-0.033769
0.03473	-0.033789
0.0349	-0.033848
0.03517	-0.034499
0.03568	-0.035288
0.0359	-0.035367
0.03586	-0.035584
0.03624	-0.035919
0.03648	-0.036314
0.03696	-0.036412
0.03743	-0.036531
0.03867	-0.037024
0.03926	-0.037201
0.0397	-0.037241
0.04193	-0.037734
0.04297	-0.037951
0.04404	-0.037951
0.04359	-0.037951
0.04361	-0.037931
0.0439	-0.037911
0.04372	-0.037911
0.0434	-0.037911
0.04356	-0.037911
0.04346	-0.037911
0.04352	-0.037931
0.04323	-0.037951
0.04361	-0.037951
0.04387	-0.03805
0.04578	-0.038799
0.04521	-0.039667
0.04504	-0.039825
0.04509	-0.04018
0.04655	-0.041008
0.04802	-0.041521
0.04872	-0.0416
0.05118	-0.042073
0.05399	-0.042724
0.05334	-0.042862
0.05312	-0.042882
0.05313	-0.042882
0.05312	-0.042823
0.0531	-0.042823
0.05292	-0.042823
0.05325	-0.042823
0.05322	-0.042823
0.05321	-0.042823
0.05322	-0.042823
0.05327	-0.042862
0.05328	-0.042882
0.05321	-0.042902
0.04973	-0.043651
0.04529	-0.044381
0.04459	-0.044559
0.04405	-0.044657
0.0417	-0.045269
0.04004	-0.045762
0.04007	-0.04594
0.0397	-0.046334
0.03839	-0.046768
0.03903	-0.046788
0.0383	-0.046985
0.03847	-0.047044
0.03818	-0.047044
0.03825	-0.046965
0.03818	-0.046965
0.0379	-0.046965
0.03819	-0.046965
0.03789	-0.046965
0.03769	-0.046965
0.03818	-0.046965
0.03845	-0.046965
0.03816	-0.047024
0.03796	-0.047044
0.03809	-0.047044
0.0377	-0.047419
0.03525	-0.048366
0.03476	-0.048681
0.03488	-0.049096
0.03427	-0.049746
0.035	-0.050161
0.03618	-0.050674
0.03738	-0.051048
0.03873	-0.051403
0.04219	-0.051956
0.04372	-0.052133
0.04381	-0.052133
0.04382	-0.052133
0.04359	-0.052094
0.04387	-0.052094
0.04401	-0.052094
0.04367	-0.052094
0.04402	-0.052094
0.04407	-0.052094
0.04416	-0.052133
0.04381	-0.052133
0.04448	-0.052173
0.05235	-0.052922
0.06013	-0.05381
0.06215	-0.054106
0.06349	-0.054895
0.06412	-0.055447
0.06425	-0.055802
0.06433	-0.056571
0.06476	-0.05667
0.06526	-0.056749
0.06696	-0.057242
0.06708	-0.057321
0.06732	-0.057301
0.06699	-0.057242
0.06697	-0.057242
0.06691	-0.057242
0.06717	-0.057242
0.06703	-0.057242
0.06703	-0.057242
0.06746	-0.057242
0.06746	-0.057301
0.06731	-0.057321
0.06804	-0.05736
0.0721	-0.05811
0.07956	-0.059234
0.08165	-0.059629
0.08052	-0.060102
0.07776	-0.060497
0.07642	-0.060654
0.07205	-0.06095
0.0667	-0.061286
0.06436	-0.061424
0.06013	-0.0617
0.05876	-0.061779
0.05858	-0.061759
0.0578	-0.061759
0.0584	-0.061759
0.05864	-0.061759
0.05835	-0.061759
0.05865	-0.061759
0.05826	-0.061759
0.05821	-0.061759
0.05824	-0.061759
0.05898	-0.061779
0.05305	-0.062252
0.04283	-0.063179
0.04063	-0.063396
0.03835	-0.063791
0.03651	-0.064225
0.03595	-0.064461
0.03537	-0.064698
0.03568	-0.064994
0.03699	-0.065566
0.04044	-0.066158
0.04257	-0.066375
0.04292	-0.066394
0.04309	-0.066394
0.04311	-0.066375
0.04338	-0.066375
0.04364	-0.066375
0.0432	-0.066375
0.04327	-0.066375
0.04282	-0.066375
0.04321	-0.066375
0.04338	-0.066375
0.04309	-0.066394
0.04329	-0.066394
0.04396	-0.066552
0.05348	-0.067302
0.0663	-0.067716
0.07227	-0.067953
0.08386	-0.068367
0.09845	-0.068742
0.10896	-0.069038
0.11986	-0.069393
0.13116	-0.069649
0.13301	-0.069669
0.14015	-0.069866
0.15192	-0.070399
0.15565	-0.070635
0.15898	-0.070832
0.15892	-0.070852
0.15932	-0.070832
0.15948	-0.070832
0.15965	-0.070832
0.15904	-0.070832
0.15862	-0.070832
0.15935	-0.070832
0.15887	-0.070832
0.15904	-0.070832
0.15916	-0.070832
0.1591	-0.070852
0.15958	-0.070872
0.16429	-0.071326
0.16507	-0.071464
0.16515	-0.071483
0.16634	-0.07174
0.16661	-0.071838
0.1673	-0.072036
0.16756	-0.072706
0.16669	-0.07314
0.16614	-0.073397
0.16415	-0.073771
0.16246	-0.074048
0.1591	-0.074482
0.15346	-0.075093
0.15318	-0.075113
0.15292	-0.075113
0.15213	-0.075113
0.15262	-0.075113
0.15205	-0.075113
0.15268	-0.075113
0.15244	-0.075113
0.15317	-0.075113
0.1524	-0.075113
0.15285	-0.075113
0.15331	-0.075133
0.1494	-0.075606
0.13995	-0.07606
0.13956	-0.07606
0.13644	-0.076296
0.13284	-0.076454
0.12877	-0.07673
0.11795	-0.077243
0.10701	-0.077638
0.09813	-0.077855
0.07426	-0.078624
0.06355	-0.079196
0.06326	-0.079196
0.0629	-0.079196
0.06244	-0.079176
0.06262	-0.079176
0.06233	-0.079176
0.06261	-0.079176
0.06281	-0.079176
0.06198	-0.079176
0.06349	-0.079176
0.06281	-0.079176
0.0625	-0.079176
0.06282	-0.079176
0.06165	-0.079196
0.04752	-0.079689
0.04108	-0.080202
0.0403	-0.080261
0.03926	-0.080537
0.03841	-0.08103
0.04228	-0.081247
0.04593	-0.081445
0.06757	-0.082076
0.12505	-0.082786
0.17889	-0.083121
0.18428	-0.083121
0.18483	-0.083141
0.19594	-0.083239
0.20877	-0.083259
0.20789	-0.083259
0.20831	-0.083259
0.20593	-0.083259
0.20621	-0.083259
0.2058	-0.083259
0.20387	-0.083259
0.20381	-0.083259
0.20351	-0.083259
0.20409	-0.083259
0.20677	-0.083299
0.21863	-0.083456
0.29816	-0.08393
0.33315	-0.084009
0.34825	-0.084186
0.51534	-0.084778
0.52879	-0.084877
0.59155	-0.085113
0.72505	-0.085567
0.93776	-0.086277
1.12404	-0.086751
1.14139	-0.08677
1.1431	-0.08677
1.14671	-0.08677
1.15527	-0.08677
1.15901	-0.08677
1.15808	-0.086751
1.15494	-0.086751
1.15442	-0.086751
1.15269	-0.086751
1.15071	-0.086751
1.14702	-0.086751
1.14633	-0.08677
1.15398	-0.08677
1.21295	-0.086869
1.42993	-0.087362
1.63235	-0.087875
1.7312	-0.088151
1.75723	-0.08821
1.77724	-0.088289
1.87216	-0.088585
2.22771	-0.089118
2.50211	-0.089729
2.60808	-0.089966
2.74103	-0.090262
2.89284	-0.090597
2.99754	-0.090814
3.01234	-0.090814
3.02533	-0.090814
3.0313	-0.090794
3.02312	-0.090794
3.02396	-0.090794
3.02374	-0.090794
3.02237	-0.090794
3.02039	-0.090794
3.01988	-0.090814
3.02869	-0.090814
3.04149	-0.090834
3.18594	-0.091169
3.56763	-0.092135
3.86418	-0.093023
3.99556	-0.093457
4.09717	-0.093674
4.14682	-0.09395
4.25491	-0.094443
4.30807	-0.0947
4.31889	-0.094779
4.3324	-0.094818
4.34474	-0.094858
4.34953	-0.094858
4.35109	-0.094858
4.34203	-0.094838
4.34615	-0.094838
4.34656	-0.094838
4.3476	-0.094838
4.34767	-0.094838
4.34752	-0.094838
4.34895	-0.094858
4.34831	-0.094858
4.34915	-0.094858
4.34779	-0.094858
4.35855	-0.094936
4.4064	-0.09537
4.41394	-0.096002
4.39566	-0.096199
4.28671	-0.096731
4.21559	-0.097264
4.19987	-0.097363
4.10129	-0.097777
4.01404	-0.097994
3.84642	-0.098349
3.66924	-0.098822
3.64873	-0.098862
3.6438	-0.098862
3.6366	-0.098842
3.63995	-0.098842
3.64029	-0.098842
3.63815	-0.098842
3.64964	-0.098842
3.64548	-0.098842
3.64148	-0.098842
3.63962	-0.098862
3.63719	-0.098862
3.58766	-0.099
3.23865	-0.099789
2.99474	-0.100144
2.76439	-0.10042
2.43816	-0.10111
2.40482	-0.101189
2.21773	-0.101544
2.01582	-0.101919
1.9807	-0.101998
1.87254	-0.102314
1.69881	-0.10255
1.69669	-0.10255
1.69084	-0.10255
1.69072	-0.10255
1.69423	-0.10255
1.69363	-0.10255
1.69537	-0.10255
1.69719	-0.10255
1.6969	-0.10255
1.70444	-0.10255
1.70341	-0.10255
1.70375	-0.10255
1.62041	-0.102905
1.20129	-0.103655
1.091	-0.10399
0.91888	-0.104503
0.8188	-0.104858
0.75528	-0.105134
0.62453	-0.105667
0.57945	-0.105825
0.53763	-0.106101
0.45924	-0.106495
0.41785	-0.106614
0.41504	-0.106614
0.41179	-0.106614
0.41397	-0.106614
0.41455	-0.106614
0.41241	-0.106614
0.41183	-0.106614
0.4124	-0.106614
0.41226	-0.106614
0.414	-0.106614
0.41451	-0.106614
0.41515	-0.106614
0.36737	-0.106831
0.24727	-0.107738
0.20996	-0.108113
0.18227	-0.108389
0.14598	-0.108803
0.13776	-0.108882
0.12462	-0.109079
0.09721	-0.109493
0.07793	-0.109829
0.06726	-0.110065
0.06241	-0.110184
0.05235	-0.110499
0.04405	-0.110914
0.04103	-0.111249
0.04053	-0.111328
0.04073	-0.111328
0.04056	-0.111288
0.04085	-0.111288
0.04088	-0.111288
0.04051	-0.111288
0.04085	-0.111288
0.04111	-0.111288
0.0406	-0.111288
0.04053	-0.111328
0.04073	-0.111328
0.04114	-0.111367
0.05164	-0.112018
0.0654	-0.112551
0.08061	-0.112965
0.09845	-0.113438
0.11444	-0.113912
0.12849	-0.114504
0.13541	-0.114859
0.13805	-0.115016
0.14282	-0.115273
0.14618	-0.11551
0.14833	-0.115687
0.14873	-0.115766
0.15027	-0.115944
0.15457	-0.116299
0.15395	-0.116318
0.15356	-0.116299
0.15369	-0.116299
0.1532	-0.116299
0.15343	-0.116299
0.15308	-0.116299
0.15341	-0.116299
0.15361	-0.116299
0.15315	-0.116299
0.15355	-0.116299
0.15376	-0.116318
0.15388	-0.116318
0.15518	-0.116535
0.16248	-0.117443
0.16872	-0.117936
0.17319	-0.118311
0.18268	-0.118922
0.19032	-0.119317
0.19568	-0.119889
0.1947	-0.120382
0.19292	-0.1205
0.18633	-0.120855
0.17374	-0.12119
0.16145	-0.121467
0.15628	-0.121545
0.15263	-0.121545
0.14987	-0.121545
0.14955	-0.121506
0.15115	-0.121506
0.15134	-0.121506
0.15102	-0.121506
0.15115	-0.121506
0.15205	-0.121526
0.15189	-0.121545
0.15225	-0.121545
0.15128	-0.121565
0.12729	-0.12196
0.10857	-0.122433
0.10167	-0.122591
0.08896	-0.122867
0.0737	-0.123321
0.06526	-0.123617
0.05753	-0.123972
0.04816	-0.124563
0.04121	-0.125313
0.04036	-0.125412
0.04008	-0.125412
0.0399	-0.125412
0.04008	-0.125412
0.03961	-0.125392
0.03964	-0.125333
0.04018	-0.125333
0.04056	-0.125333
0.03995	-0.125333
0.03999	-0.125333
0.04004	-0.125333
0.04005	-0.125333
0.04005	-0.125392
0.03984	-0.125412
0.03992	-0.125412
0.03929	-0.12555
0.03665	-0.126122
0.03593	-0.126753
0.03654	-0.127147
0.03806	-0.127502
0.04187	-0.127857
0.04247	-0.127976
0.04495	-0.128232
0.0466	-0.12837
0.04871	-0.128627
0.05238	-0.12908
0.05429	-0.129297
0.05565	-0.129495
0.05608	-0.129495
0.05595	-0.129475
0.05609	-0.129435
0.05608	-0.129435
0.05592	-0.129435
0.05577	-0.129435
0.05571	-0.129435
0.05595	-0.129475
0.05598	-0.129495
0.05624	-0.129613
0.06175	-0.130363
0.06416	-0.13056
0.06963	-0.131073
0.07709	-0.131546
0.08069	-0.131684
0.08699	-0.132
0.09091	-0.132138
0.09605	-0.132434
0.10681	-0.132966
0.11172	-0.133538
0.11087	-0.133716
0.11119	-0.133795
0.11087	-0.133795
0.11075	-0.133795
0.11122	-0.133735
0.11107	-0.133735
0.11086	-0.133735
0.11108	-0.133735
0.1106	-0.133735
0.11134	-0.133735
0.11142	-0.133735
0.11127	-0.133795
0.11119	-0.133795
0.09807	-0.134367
0.08167	-0.135412
0.08105	-0.135471
0.0797	-0.13553
0.07509	-0.135925
0.07281	-0.136596
0.0724	-0.13697
0.07245	-0.137227
0.07114	-0.137799
0.0692	-0.138174
0.06822	-0.138292
0.06813	-0.138292
0.06796	-0.138272
0.06824	-0.138253
0.06776	-0.138253
0.06804	-0.138253
0.06815	-0.138253
0.06746	-0.138253
0.06857	-0.138253
0.06848	-0.138292
0.06831	-0.138292
0.06674	-0.138351
0.05222	-0.139199
0.04385	-0.13987
0.04012	-0.140324
0.0369	-0.140994
0.03598	-0.141409
0.03453	-0.142158
0.03487	-0.142809
0.03535	-0.143223
0.03709	-0.143854
0.03821	-0.144111
0.03816	-0.144111
0.03825	-0.144111
0.03812	-0.144091
0.03806	-0.144091
0.03809	-0.144091
0.03799	-0.144091
0.03806	-0.144091
0.03804	-0.144091
0.03835	-0.144111
0.03827	-0.144111
0.0379	-0.144111
0.03896	-0.144426
0.0442	-0.145452
0.05046	-0.146103
0.05687	-0.146576
0.06158	-0.147148
0.0627	-0.147681
0.05992	-0.148312
0.05806	-0.148766
0.05846	-0.149279
0.06111	-0.149752
0.06137	-0.149752
0.06131	-0.149752
0.06094	-0.149752
0.06125	-0.149752
0.06137	-0.149752
0.06151	-0.149752
0.06105	-0.149752
0.06142	-0.149752
0.06119	-0.149752
0.0616	-0.149752
0.06131	-0.149752
0.06142	-0.149752
0.06157	-0.149752
0.06158	-0.149772
0.06435	-0.150186
0.06743	-0.150541
0.06792	-0.150581
0.06747	-0.151054
0.06219	-0.151587
0.05934	-0.151804
0.0546	-0.152218
0.05103	-0.152553
0.04955	-0.152869
0.04869	-0.153638
0.04628	-0.154545
0.0451	-0.154743
0.04497	-0.154743
0.04541	-0.154723
0.04471	-0.154723
0.04521	-0.154723
0.04535	-0.154723
0.04495	-0.154723
0.04449	-0.154723
0.04491	-0.154723
0.04491	-0.154723
0.04526	-0.154723
0.04532	-0.154743
0.04134	-0.155216
0.03554	-0.156281
0.03519	-0.156538
0.03488	-0.156656
0.03491	-0.15709
0.03436	-0.157425
0.03392	-0.157899
0.03461	-0.158254
0.03485	-0.158471
0.03572	-0.15926
0.03694	-0.159674
0.0374	-0.159891
0.03912	-0.160325
0.03983	-0.160384
0.04022	-0.160384
0.0396	-0.160384
0.04008	-0.160384
0.04013	-0.160384
0.03979	-0.160384
0.03993	-0.160384
0.03973	-0.160384
0.03996	-0.160384
0.03996	-0.160384
0.03986	-0.160384
0.04037	-0.160384
0.03941	-0.160423
0.04448	-0.161311
0.04503	-0.16208
0.04475	-0.162258
0.04601	-0.162869
0.04889	-0.163362
0.05269	-0.163757
0.05392	-0.163994
0.05475	-0.164526
0.05177	-0.165138
0.05159	-0.165295
0.04944	-0.165729
0.04907	-0.165808
0.04887	-0.165808
0.04951	-0.165808
0.04935	-0.165808
0.04939	-0.165808
0.04897	-0.165808
0.04903	-0.165808
0.04892	-0.165808
0.04912	-0.165808
0.04904	-0.165808
0.04944	-0.165828
0.05016	-0.166203
0.05127	-0.167367
0.05023	-0.167682
0.04687	-0.168077
0.04243	-0.168688
0.04242	-0.168925
0.04184	-0.16926
0.04173	-0.169556
0.04027	-0.170089
0.03822	-0.170602
0.03664	-0.171174
0.03503	-0.171903
0.03516	-0.17214
0.03514	-0.17216
0.03479	-0.17214
0.03458	-0.17214
0.03493	-0.17214
0.03502	-0.17214
0.03511	-0.17214
0.03476	-0.17214
0.0354	-0.17214
0.0352	-0.17214
0.03505	-0.17214
0.03526	-0.172278
0.03473	-0.173264
0.03474	-0.173698
0.0347	-0.173856
0.03467	-0.174251
0.03543	-0.174882
0.03604	-0.17502
0.03723	-0.175533
0.03868	-0.176164
0.03864	-0.176243
0.03882	-0.17646
0.03894	-0.176598
0.03894	-0.176598
0.03871	-0.176598
0.03862	-0.176598
0.03873	-0.176598
0.03877	-0.176598
0.03896	-0.176598
0.03886	-0.176598
0.03847	-0.176598
0.03888	-0.176598
0.03864	-0.176598
0.03821	-0.176598
0.03831	-0.176598
0.03853	-0.176598
0.03862	-0.176598
0.03954	-0.176835
0.0403	-0.177486
0.04456	-0.178393
0.04526	-0.178945
0.04465	-0.179182
0.04411	-0.179655
0.04436	-0.179793
0.0446	-0.179793
0.04469	-0.179813
0.04454	-0.179793
0.04449	-0.179793
0.04434	-0.179793
0.04434	-0.179793
0.04457	-0.179793
0.04402	-0.179793
0.04445	-0.179793
0.04408	-0.179774
0.0441	-0.179458
0.04485	-0.179379
0.04468	-0.17932
0.04396	-0.178827
0.04475	-0.178255
0.04495	-0.177998
0.04509	-0.177584
0.04459	-0.177367
0.04247	-0.176933
0.03902	-0.176085
0.03735	-0.175257
0.03654	-0.174665
0.03531	-0.174428
0.03511	-0.174231
0.03484	-0.174172
0.03481	-0.174172
0.03484	-0.174191
0.03548	-0.174191
0.03497	-0.174191
0.03482	-0.174191
0.03511	-0.174191
0.03479	-0.174191
0.0349	-0.174191
0.03484	-0.174191
0.03503	-0.174191
0.03499	-0.174132
0.03482	-0.173915
0.03423	-0.173166
0.0338	-0.172633
0.03395	-0.172219
0.03418	-0.171627
0.03468	-0.171469
0.03462	-0.171331
0.03517	-0.170917
0.03714	-0.170286
0.03897	-0.169891
0.0397	-0.169852
0.03975	-0.169852
0.03983	-0.169852
0.03954	-0.169852
0.03958	-0.169852
0.03946	-0.169852
0.03952	-0.169852
0.03964	-0.169852
0.03981	-0.169852
0.03983	-0.169852
0.04004	-0.169773
0.0415	-0.168747
0.04266	-0.168096
0.04524	-0.167741
0.052	-0.166617
0.0508	-0.166124
0.05103	-0.166124
0.05084	-0.166065
0.0504	-0.165986
0.04974	-0.165611
0.04915	-0.165276
0.04955	-0.165256
0.04974	-0.165197
0.04967	-0.165197
0.04961	-0.165197
0.04919	-0.165197
0.04965	-0.165236
0.04907	-0.165236
0.0493	-0.165236
0.04916	-0.165236
0.04919	-0.165236
0.0493	-0.165157
0.04956	-0.165039
0.05191	-0.164645
0.05536	-0.163915
0.05408	-0.163461
0.05219	-0.163224
0.04898	-0.162889
0.0466	-0.162416
0.04558	-0.162179
0.04541	-0.1621
0.04514	-0.161686
0.04514	-0.161291
0.04546	-0.161291
0.04539	-0.161291
0.0455	-0.161291
0.04517	-0.161291
0.04506	-0.16139
0.04526	-0.16139
0.04524	-0.16139
0.04514	-0.16139
0.04494	-0.16137
0.04503	-0.161114
0.04448	-0.16066
0.04056	-0.159595
0.03616	-0.158688
0.03529	-0.158194
0.03513	-0.157978
0.03477	-0.157524
0.03459	-0.157405
0.0347	-0.157386
0.03435	-0.157346
0.03438	-0.157248
0.03468	-0.157208
0.03452	-0.157189
0.03423	-0.157189
0.03423	-0.157189
0.03473	-0.157208
0.03438	-0.157307
0.03409	-0.157307
0.03418	-0.157307
0.03433	-0.157307
0.03415	-0.157287
0.03427	-0.157169
0.03497	-0.156597
0.03687	-0.15565
0.03934	-0.155177
0.04437	-0.154368
0.04797	-0.153677
0.04861	-0.153303
0.04936	-0.152494
0.05132	-0.152021
0.05208	-0.151882
0.05707	-0.151429
0.05952	-0.151172
0.05937	-0.151172
0.05925	-0.151172
0.06195	-0.151291
0.06378	-0.15133
0.0636	-0.15135
0.06361	-0.15135
0.06375	-0.15133
0.06398	-0.15133
0.06357	-0.15133
0.06413	-0.151113
0.06799	-0.150383
0.06349	-0.149614
0.05937	-0.149141
0.05829	-0.148352
0.06114	-0.14774
0.06252	-0.147227
0.06018	-0.146695
0.0575	-0.146379
0.05533	-0.146202
0.05148	-0.145906
0.0477	-0.14561
0.04765	-0.14559
0.0479	-0.14559
0.04774	-0.145649
0.04767	-0.145649
0.04803	-0.145649
0.0477	-0.145649
0.04761	-0.145649
0.04739	-0.145649
0.04723	-0.14559
0.04727	-0.14559
0.04092	-0.144939
0.0378	-0.144328
0.03595	-0.143756
0.03493	-0.143322
0.03433	-0.143026
0.03369	-0.142513
0.03392	-0.142079
0.03426	-0.141803
0.03519	-0.141448
0.03578	-0.141211
0.03665	-0.140915
0.0388	-0.1406
0.03851	-0.14058
0.03882	-0.1406
0.03918	-0.1406
0.03908	-0.1406
0.03894	-0.1406
0.0392	-0.1406
0.03914	-0.1406
0.03934	-0.1406
0.03928	-0.1406
0.0392	-0.14058
0.03882	-0.14058
0.04309	-0.140028
0.05104	-0.139436
0.06126	-0.138844
0.06963	-0.138193
0.07294	-0.13774
0.07314	-0.137365
0.07329	-0.136911
0.07355	-0.136615
0.07327	-0.136517
0.07321	-0.136379
0.07407	-0.136201
0.07408	-0.136024
0.07405	-0.136024
0.07416	-0.136024
0.07457	-0.136162
0.07372	-0.136162
0.07455	-0.136162
0.07523	-0.136162
0.07526	-0.136142
0.07481	-0.136122
0.07503	-0.136102
0.07559	-0.136024
0.07838	-0.13555
0.0883	-0.135037
0.09357	-0.134781
0.10126	-0.134406
0.10701	-0.134071
0.11186	-0.133597
0.10962	-0.133085
0.10509	-0.132769
0.09296	-0.132256
0.08157	-0.131763
0.0771	-0.131566
0.07642	-0.131526
0.07684	-0.131526
0.0766	-0.131566
0.07729	-0.131566
0.07672	-0.131566
0.07703	-0.131566
0.07678	-0.131566
0.07561	-0.131566
0.07571	-0.131526
0.07571	-0.131526
0.07556	-0.131526
0.06714	-0.130974
0.06689	-0.130915
0.06325	-0.13054
0.05891	-0.130027
0.05699	-0.12979
0.05367	-0.129317
0.04968	-0.128844
0.04669	-0.128508
0.04239	-0.128035
0.03865	-0.12764
0.03632	-0.127226
0.03568	-0.126871
0.03545	-0.126832
0.0356	-0.126832
0.03537	-0.126891
0.03546	-0.126911
0.03528	-0.126911
0.03575	-0.126911
0.03563	-0.126911
0.03574	-0.126891
0.03551	-0.126851
0.03561	-0.126773
0.03558	-0.126279
0.0356	-0.125826
0.03761	-0.125372
0.04378	-0.124879
0.04791	-0.124662
0.0513	-0.124386
0.05655	-0.12409
0.0587	-0.123972
0.06285	-0.123617
0.06938	-0.123301
0.07213	-0.123143
0.08174	-0.122689
0.10947	-0.122236
0.11229	-0.122236
0.11351	-0.122295
0.11964	-0.122315
0.11813	-0.122315
0.11781	-0.122315
0.11754	-0.122315
0.11819	-0.122315
0.11891	-0.122295
0.11873	-0.122275
0.11879	-0.122275
0.13531	-0.121979
0.14908	-0.121684
0.16348	-0.121407
0.18053	-0.120993
0.18877	-0.120697
0.19615	-0.120322
0.19731	-0.11979
0.19188	-0.119297
0.18484	-0.118883
0.17937	-0.118547
0.17461	-0.118291
0.17229	-0.118133
0.17203	-0.118133
0.17232	-0.118133
0.17261	-0.118153
0.17326	-0.118153
0.17294	-0.118153
0.17296	-0.118153
0.17265	-0.118153
0.17242	-0.118133
0.17194	-0.118133
0.1722	-0.118133
0.17189	-0.118034
0.16504	-0.117502
0.16074	-0.117127
0.15706	-0.116811
0.15498	-0.116496
0.15021	-0.116062
0.14243	-0.115569
0.13766	-0.115293
0.13531	-0.115135
0.13136	-0.114977
0.12958	-0.114859
0.12656	-0.114681
0.12141	-0.114464
0.11807	-0.114287
0.11397	-0.114188
0.11377	-0.114188
0.11328	-0.114208
0.11469	-0.114227
0.11476	-0.114227
0.11511	-0.114227
0.11455	-0.114227
0.11386	-0.114227
0.11357	-0.114208
0.11299	-0.114208
0.11247	-0.114188
0.10019	-0.113715
0.07657	-0.113123
0.06432	-0.112748
0.04909	-0.112196
0.04141	-0.111742
0.04149	-0.111229
0.04655	-0.110894
0.04906	-0.110736
0.05283	-0.110519
0.05904	-0.110282
0.06885	-0.110006
0.07071	-0.109947
0.07332	-0.109967
0.07561	-0.110006
0.07518	-0.110006
0.07538	-0.110006
0.07529	-0.110006
0.077	-0.110006
0.07837	-0.110006
0.07874	-0.110006
0.08833	-0.109829
0.1353	-0.109158
0.17952	-0.108626
0.23042	-0.108132
0.28398	-0.107659
0.29646	-0.107482
0.36618	-0.10689
0.49017	-0.10616
0.56741	-0.105785
0.71411	-0.105115
0.9062	-0.104582
0.92737	-0.104523
0.99557	-0.104345
0.99281	-0.104345
0.99182	-0.104345
0.98929	-0.104345
0.98288	-0.104365
0.98801	-0.104365
0.98784	-0.104365
0.99457	-0.104365
1.00195	-0.104345
1.00218	-0.104345
1.00687	-0.104345
1.14024	-0.103872
1.27016	-0.103438
1.48605	-0.102886
1.70128	-0.10255
1.79105	-0.102333
1.9687	-0.101998
2.07881	-0.101722
2.33263	-0.101229
2.59961	-0.100657
2.63704	-0.100499
2.72092	-0.100164
2.90392	-0.099907
2.96866	-0.099848
2.95811	-0.099848
3.04413	-0.099907
3.04874	-0.099907
3.04822	-0.099907
3.04973	-0.099907
3.049	-0.099907
3.05637	-0.099907
3.06657	-0.099907
3.06664	-0.099907
3.0706	-0.099907
3.33224	-0.099394
3.44215	-0.099118
3.62917	-0.098684
3.93954	-0.098053
4.04984	-0.09758
4.12611	-0.097165
4.21371	-0.096731
4.25308	-0.096495
4.33685	-0.096002
4.38995	-0.095568
4.36102	-0.095311
4.32982	-0.094976
4.24359	-0.094424
4.16763	-0.094207
4.16037	-0.094207
4.15604	-0.094207
4.1582	-0.094226
4.1577	-0.094226
4.15742	-0.094226
4.15361	-0.094226
4.1481	-0.094207
4.14517	-0.094207
4.14021	-0.094128
3.97014	-0.09328
3.8163	-0.092806
3.60591	-0.092352
3.42949	-0.0918
3.21483	-0.091268
2.97009	-0.090715
2.8403	-0.090262
2.59154	-0.089788
2.31558	-0.089512
2.15981	-0.089236
2.03882	-0.08896
1.95374	-0.088743
1.90074	-0.088624
1.90062	-0.088624
1.90164	-0.088644
1.9104	-0.088644
1.90564	-0.088644
1.90735	-0.088644
1.90762	-0.088644
1.89796	-0.088644
1.8862	-0.088644
1.89223	-0.088644
1.82637	-0.088506
1.43767	-0.08754
1.18716	-0.086908
0.90291	-0.086297
0.8484	-0.086139
0.73325	-0.085626
0.58559	-0.085133
0.49185	-0.084719
0.30988	-0.084107
0.27043	-0.083831
0.26482	-0.083792
0.25186	-0.083713
0.25253	-0.083713
0.25623	-0.083733
0.2533	-0.083733
0.25273	-0.083733
0.25293	-0.083733
0.25179	-0.083733
0.24684	-0.083733
0.24513	-0.083733
0.24451	-0.083733
0.24513	-0.083713
0.22113	-0.083318
0.11865	-0.082569
0.08766	-0.082312
0.06631	-0.081819
0.04362	-0.081228
0.03879	-0.080951
0.03799	-0.080656
0.03741	-0.0803
0.04382	-0.079551
0.06973	-0.078821
0.07387	-0.078722
0.07434	-0.078722
0.07472	-0.078722
0.07426	-0.078742
0.07384	-0.078742
0.0737	-0.078742
0.07361	-0.078742
0.07417	-0.078742
0.07463	-0.078742
0.07477	-0.078742
0.07501	-0.078722
0.0755	-0.078722
0.0751	-0.078722
0.07558	-0.078722
0.07562	-0.078722
0.07591	-0.078722
0.08331	-0.078387
0.08568	-0.077973
0.09148	-0.077795
0.09163	-0.077776
0.09604	-0.077598
0.10066	-0.07744
0.10667	-0.077204
0.11261	-0.076927
0.11853	-0.076691
0.13425	-0.075665
0.15524	-0.074501
0.15796	-0.074265
0.1591	-0.074048
0.16032	-0.07389
0.16051	-0.07389
0.15909	-0.07391
0.15878	-0.07391
0.15862	-0.07391
0.15871	-0.07391
0.15923	-0.07391
0.15883	-0.07391
0.15968	-0.07391
0.16081	-0.07385
0.16403	-0.073259
0.16484	-0.072687
0.16347	-0.072154
0.15881	-0.071582
0.14977	-0.070793
0.14423	-0.07032
0.12253	-0.069787
0.1098	-0.069393
0.10295	-0.069176
0.08592	-0.068682
0.07433	-0.068288
0.07178	-0.06817
0.07133	-0.06817
0.07202	-0.068189
0.0726	-0.068189
0.07346	-0.068189
0.07274	-0.068189
0.07233	-0.068189
0.07208	-0.068189
0.07088	-0.068189
0.0714	-0.068189
0.06996	-0.06815
0.05191	-0.0674
0.0399	-0.066493
0.0352	-0.065467
0.03519	-0.064876
0.03595	-0.064481
0.03732	-0.064087
0.03853	-0.06385
0.04034	-0.063554
0.04198	-0.06314
0.04607	-0.062647
0.05182	-0.062232
0.05437	-0.062075
0.05582	-0.061996
0.05496	-0.062015
0.05482	-0.062015
0.0542	-0.062035
0.05457	-0.062035
0.05469	-0.062035
0.05537	-0.062035
0.05553	-0.062015
0.05623	-0.061996
0.06651	-0.061364
0.07352	-0.060575
0.07408	-0.060063
0.07262	-0.059471
0.0701	-0.058879
0.06723	-0.058425
0.06531	-0.058011
0.06416	-0.057735
0.0634	-0.057518
0.06287	-0.057183
0.06241	-0.057005
0.06204	-0.056808
0.0618	-0.056611
0.0611	-0.056611
0.06108	-0.05669
0.06042	-0.05669
0.06075	-0.05669
0.06088	-0.05669
0.06081	-0.05669
0.06094	-0.05665
0.06108	-0.056611
0.06076	-0.056552
0.06111	-0.056019
0.06059	-0.055388
0.06078	-0.054757
0.0593	-0.054342
0.05748	-0.054046
0.0524	-0.053455
0.04808	-0.053001
0.04446	-0.052666
0.04045	-0.052035
0.03772	-0.051443
0.03629	-0.05095
0.03549	-0.050496
0.0354	-0.050259
0.03543	-0.050161
0.03552	-0.050161
0.035	-0.05018
0.0352	-0.05024
0.03535	-0.05024
0.03542	-0.05024
0.03575	-0.05024
0.03546	-0.0502
0.03563	-0.050161
0.03516	-0.050141
0.03523	-0.049312
0.03491	-0.048819
0.03542	-0.048583
0.03593	-0.04809
0.0363	-0.04803
0.03635	-0.047695
0.03781	-0.047162
0.03828	-0.04665
0.03946	-0.046058
0.03987	-0.045861
0.04027	-0.045742
0.04053	-0.045584
0.04083	-0.045545
0.04146	-0.045289
0.04155	-0.045131
0.04124	-0.045131
0.04134	-0.045131
0.041	-0.04521
0.04185	-0.04521
0.04181	-0.04521
0.04146	-0.04521
0.04152	-0.04519
0.04201	-0.045131
0.04239	-0.045072
0.04515	-0.04446
0.0491	-0.043691
0.05035	-0.043158
0.05052	-0.042843
0.04964	-0.042527
0.04764	-0.042172
0.04643	-0.041817
0.04399	-0.041245
0.04384	-0.040278
0.04465	-0.039588
0.04463	-0.039233
0.04446	-0.038996
0.04466	-0.038977
0.04448	-0.038996
0.04449	-0.039016
0.04445	-0.039016
0.04422	-0.039016
0.04463	-0.039016
0.04446	-0.039016
0.04436	-0.039016
0.04469	-0.038996
0.04469	-0.038977
0.0435	-0.038306
0.03934	-0.037359
0.0369	-0.036767
0.03638	-0.036511
0.03615	-0.036077
0.03568	-0.035801
0.03552	-0.035544
0.0351	-0.035249
0.03523	-0.035051
0.03502	-0.034578
0.03455	-0.034026
0.03445	-0.033868
0.03461	-0.033848
0.0347	-0.033848
0.03415	-0.033888
0.03458	-0.033947
0.03468	-0.033947
0.03415	-0.033947
0.03447	-0.033947
0.03413	-0.033947
0.03473	-0.033907
0.03455	-0.033907
0.03468	-0.033907
0.03438	-0.033769
0.03458	-0.033197
0.0352	-0.032566
0.03531	-0.031974
0.03609	-0.031481
0.0365	-0.031087
0.03725	-0.030574
0.03812	-0.029943
0.03769	-0.02943
0.03818	-0.028897
0.03831	-0.028542
0.03886	-0.028187
0.0399	-0.027733
0.04034	-0.027595
0.04013	-0.027595
0.03989	-0.027615
0.04008	-0.027635
0.03983	-0.027635
0.03972	-0.027635
0.04022	-0.027615
0.04015	-0.027615
0.04024	-0.027615
0.04025	-0.027595
0.04085	-0.027023
0.04025	-0.026392
0.0387	-0.025504
0.03871	-0.024755
0.03902	-0.024064
0.03856	-0.023354
0.03806	-0.023019
0.03667	-0.022546
0.0361	-0.021836
0.03571	-0.021244
0.03593	-0.020652
0.03571	-0.020514
0.03535	-0.020514
0.03545	-0.020514
0.0356	-0.020514
0.0358	-0.020514
0.03561	-0.020514
0.03569	-0.020514
0.03589	-0.020514
0.0352	-0.020514
0.03589	-0.020514
0.03609	-0.020514
0.03601	-0.020514
0.03587	-0.020475
0.03513	-0.019646
0.03497	-0.018857
0.03491	-0.018285
0.03519	-0.017634
0.03542	-0.017102
0.03548	-0.016707
0.03569	-0.016707
0.03554	-0.016549
0.03571	-0.016214
0.03589	-0.015859
0.03622	-0.015405
0.03654	-0.014794
0.03706	-0.014222
0.03671	-0.014024
0.03685	-0.014024
0.03696	-0.014024
0.03677	-0.014024
0.03702	-0.014024
0.03674	-0.014024
0.03685	-0.014024
0.03676	-0.014024
0.0367	-0.014024
0.03717	-0.013788
0.03732	-0.01288
0.03821	-0.011657
0.03767	-0.010671
0.037	-0.009941
0.03729	-0.009429
0.03761	-0.008679
0.03728	-0.008383
0.03731	-0.008068
0.03667	-0.007476
0.03641	-0.007397
0.03633	-0.007397
0.03627	-0.007397
0.03644	-0.007397
0.03633	-0.007397
0.03656	-0.007397
0.03624	-0.007397
0.03642	-0.007397
0.03609	-0.007397
0.03645	-0.007397
0.03609	-0.006904
0.03563	-0.005267
0.035	-0.004142
0.03491	-0.003629
0.0352	-0.002742
0.03516	-0.00217
0.03506	-0.001815
0.03592	-0.001164
0.03551	-0.0006312
0.03615	-0.0005523
0.0361	-0.00043395
0.03606	-0.0004734
0.03598	-0.0004734
0.03577	-0.0004734
0.03561	-0.0004734
0.03581	-0.0004734
0.03583	-0.0004734
0.03618	-0.000453675
0.03583	1.75966e-16
0.036	1.75966e-16
0.03627	1.75966e-16
0.03598	1.9725e-05
0.0359	1.9725e-05
0.036	1.9725e-05
0.03609	1.9725e-05
0.03625	1.9725e-05
0.03609	1.9725e-05
0.03569	1.9725e-05
0.03574	1.9725e-05
0.03581	1.9725e-05
0.03606	1.9725e-05
0.03635	1.9725e-05
0.0361	1.9725e-05
0.03598	1.75966e-16
0.03638	-1.9725e-05
0.03571	-1.9725e-05
0.0356	-1.9725e-05
0.03587	-1.9725e-05
0.03604	-1.9725e-05
0.03574	-1.9725e-05
0.03574	-1.9725e-05
0.03574	-1.9725e-05
0.03558	-1.9725e-05
0.0356	-1.9725e-05
0.03575	-1.9725e-05
0.03525	-1.9725e-05
0.03566	-1.9725e-05
0.03554	-1.9725e-05
0.03609	-1.9725e-05
0.03549	-1.9725e-05
0.03603	-1.9725e-05
0.0356	-1.9725e-05
0.03564	-1.9725e-05
0.03613	-1.9725e-05
0.03546	-1.9725e-05
0.03557	-1.9725e-05
0.03558	-1.9725e-05
0.03535	-1.9725e-05
0.03539	-1.9725e-05
0.03563	-1.9725e-05
0.03575	-1.9725e-05
0.03554	-1.9725e-05
0.0356	-1.9725e-05
0.03532	-1.9725e-05
0.03569	-1.9725e-05
0.03545	-1.9725e-05
0.03561	-1.9725e-05
0.03554	-1.9725e-05
0.03546	-1.9725e-05
0.03551	-1.9725e-05
0.03534	-1.9725e-05
0.0352	-1.9725e-05
0.03555	-1.9725e-05
0.03546	-1.9725e-05
