Relative Intensity Antonio_0.08_1.5_lampadina	Position (m) Antonio_0.08_1.5_lampadina
0.0350647	0.0
0.0343018	0.0
0.0347137	0.0
0.0347748	0.0
0.0345459	0.0
0.0345154	0.0
0.0345917	0.0
0.0346222	0.0
0.03479	0.0
0.0349731	0.0
0.0345001	0.0
0.0347595	0.0
0.0346375	0.0
0.0349579	0.0
0.0344849	0.0
0.034729	0.0
0.0345917	0.0
0.0346832	0.0
0.0348206	0.0
0.0345001	0.0
0.0345764	0.0
0.034668	0.0
0.0341949	0.0
0.0344543	0.0
0.0345917	0.0
0.0345764	0.0
0.0342407	0.0
0.0343628	0.0
0.0346985	0.0
0.0343781	0.0
0.034256	0.0
0.0345459	0.0
0.0344849	0.0
0.0343781	0.0
0.0345764	-1.9725e-05
0.0343018	-1.9725e-05
0.0346069	-1.9725e-05
0.0345612	-3.945e-05
0.0344696	-3.945e-05
0.034668	-3.945e-05
0.0340424	-3.945e-05
0.0344849	-3.945e-05
0.0347137	-3.945e-05
0.0344696	-3.945e-05
0.0344086	-0.000216975
0.0340118	-0.000808725
0.0338287	-0.0010257
0.0336304	-0.00147937
0.033783	-0.0022881
0.0343475	-0.00293902
0.035614	-0.00412253
0.0367889	-0.00522712
0.0371704	-0.00564135
0.0366974	-0.00633172
0.0363922	-0.00641062
0.0361633	-0.0067065
0.0349121	-0.0074955
0.0342712	-0.00798862
0.033905	-0.00861983
0.0334778	-0.00960607
0.0335388	-0.00980332
0.0341949	-0.01071067
0.0355835	-0.01157857
0.0357513	-0.01157857
0.0360413	-0.01157857
0.0357666	-0.01155885
0.0354309	-0.01155885
0.0354004	-0.01155885
0.0356598	-0.01155885
0.0359192	-0.01155885
0.0357513	-0.01155885
0.0364075	-0.01155885
0.0359344	-0.01155885
0.0355072	-0.01155885
0.036026	-0.01155885
0.0353851	-0.01155885
0.036087	-0.01155885
0.035614	-0.01155885
0.0354919	-0.01157857
0.0355988	-0.01169692
0.0359497	-0.0121506
0.0372772	-0.01295932
0.0375366	-0.01402447
0.0354919	-0.01489237
0.0343628	-0.01552357
0.0339661	-0.01597725
0.0336761	-0.01611533
0.033493	-0.01690433
0.0338745	-0.01804838
0.0351563	-0.0185415
0.0363464	-0.0190149
0.0362701	-0.0190938
0.036911	-0.0191727
0.0380554	-0.0198828
0.0379181	-0.0209874
0.0372162	-0.02150025
0.0375519	-0.02171723
0.0377045	-0.02234842
0.0374756	-0.02268375
0.0352631	-0.0235911
0.0334015	-0.02489295
0.0338898	-0.02554388
0.0358887	-0.02607645
0.037262	-0.02645123
0.0378876	-0.02684573
0.0384979	-0.02763473
0.0396271	-0.0278517
0.0405121	-0.02842373
0.0419922	-0.02883795
0.0420074	-0.02883795
0.0406342	-0.0287985
0.0420837	-0.0287985
0.042099	-0.0287985
0.0430298	-0.0287985
0.0427704	-0.0287985
0.0422974	-0.0287985
0.0424957	-0.0287985
0.04216	-0.0287985
0.0424347	-0.0287985
0.042572	-0.0287985
0.0422974	-0.0287985
0.0426331	-0.02883795
0.0429077	-0.02883795
0.0424042	-0.02883795
0.0436859	-0.02899575
0.043869	-0.02964668
0.0419922	-0.03027788
0.041687	-0.03027788
0.0391388	-0.03055403
0.036377	-0.03154027
0.0338593	-0.03228982
0.0334473	-0.03301965
0.0366669	-0.03386782
0.0389709	-0.03442012
0.0411224	-0.0351105
0.042923	-0.03570225
0.0464478	-0.03635317
0.0496216	-0.0368463
0.0506744	-0.03720135
0.0503082	-0.03753667
0.0463257	-0.03814815
0.0402527	-0.03872017
0.0370636	-0.03925275
0.0339966	-0.03988395
0.0337372	-0.0403968
0.0343475	-0.04092937
0.0391541	-0.04156057
0.0489655	-0.04242847
0.0532227	-0.04309912
0.054184	-0.0433161
0.0546112	-0.04351335
0.0555725	-0.04382895
0.0548859	-0.04388812
0.055069	-0.04388812
0.0554657	-0.04388812
0.0552673	-0.04384867
0.0551453	-0.04384867
0.055191	-0.04384867
0.0549622	-0.04384867
0.0554199	-0.04384867
0.0554504	-0.04384867
0.0552368	-0.04384867
0.0548248	-0.04384867
0.0550079	-0.04384867
0.0547333	-0.04384867
0.0549011	-0.04384867
0.0550537	-0.04384867
0.0548706	-0.0438684
0.0549622	-0.04388812
0.0541077	-0.04398675
0.052536	-0.04455877
0.054184	-0.04495327
0.0546722	-0.04574227
0.0498047	-0.04659045
0.0452881	-0.04690605
0.0422058	-0.04712302
0.0389404	-0.04745835
0.033905	-0.04830652
0.0348053	-0.04917442
0.0403137	-0.0498648
0.0475006	-0.05029875
0.0562744	-0.05075242
0.0652618	-0.0511272
0.0718536	-0.0513639
0.0779114	-0.0516795
0.0851288	-0.05229097
0.0834656	-0.05268547
0.0783234	-0.05307997
0.0715027	-0.05347447
0.065155	-0.0538098
0.0601196	-0.05408595
0.0544586	-0.05440155
0.0474548	-0.05479605
0.0422974	-0.05526945
0.0374298	-0.05568367
0.0354004	-0.05597955
0.0348358	-0.0560979
0.0343323	-0.05635432
0.0347595	-0.05653185
0.0348053	-0.05655157
0.0376282	-0.05690662
0.0505066	-0.05747865
0.0518036	-0.05755755
0.0554352	-0.0576759
0.0608063	-0.05785342
0.0618134	-0.0579126
0.0614624	-0.05789287
0.0612946	-0.0578337
0.0607605	-0.0578337
0.0606689	-0.0578337
0.0607758	-0.0578337
0.0609894	-0.0578337
0.0610657	-0.0578337
0.0611115	-0.0578337
0.0612335	-0.0578337
0.0609894	-0.0578337
0.0617218	-0.0578337
0.0612183	-0.0578337
0.0612488	-0.0578337
0.061554	-0.0578337
0.0612946	-0.05789287
0.0614014	-0.05789287
0.0619812	-0.05789287
0.0614471	-0.05789287
0.0613708	-0.0579126
0.0615234	-0.0579126
0.0611725	-0.0579126
0.0622253	-0.05795205
0.0713196	-0.05826765
0.085022	-0.05864242
0.0914917	-0.05889885
0.102356	-0.0594906
0.1053009	-0.0598062
0.1062317	-0.06000345
0.1049042	-0.06029932
0.1018524	-0.06071355
0.0941925	-0.06128557
0.0863953	-0.06171952
0.0800781	-0.0620154
0.0768433	-0.06219292
0.0691223	-0.06254797
0.0635529	-0.06278467
0.0606995	-0.0629622
0.0507965	-0.0634356
0.0437927	-0.06379065
0.0389252	-0.0642246
0.0389099	-0.06457965
0.0396271	-0.06457965
0.0395508	-0.06465855
0.0436707	-0.0649347
0.0543365	-0.06528975
0.0649261	-0.06558562
0.0765991	-0.06582232
0.0811615	-0.06590122
0.085556	-0.06598012
0.0927277	-0.06615765
0.1117706	-0.06655215
0.116272	-0.06661132
0.1259155	-0.0669072
0.1422729	-0.0673806
0.1461945	-0.06749895
0.1472931	-0.06755812
0.1497345	-0.06787372
0.1480865	-0.0684063
0.1475372	-0.06844575
0.1472626	-0.0684852
0.1444702	-0.06870217
0.142807	-0.06876135
0.1375427	-0.06907695
0.1288757	-0.0693531
0.1216125	-0.0695109
0.1130066	-0.06972787
0.1127319	-0.06978705
0.1113586	-0.06980677
0.1004791	-0.07002375
0.0854034	-0.07041825
0.076828	-0.07065495
0.075943	-0.07067467
0.0755615	-0.0706944
0.0675659	-0.0708522
0.0552826	-0.0712467
0.0543671	-0.0713256
0.0539093	-0.07134532
0.0537872	-0.07136505
0.0507812	-0.07142422
0.0459137	-0.07168065
0.0455627	-0.07170037
0.0454407	-0.07170037
0.0455322	-0.07170037
0.0452881	-0.07170037
0.045578	-0.07170037
0.0453491	-0.07170037
0.0455627	-0.07170037
0.045578	-0.07170037
0.0465851	-0.07170037
0.0456543	-0.07170037
0.0453796	-0.07170037
0.045578	-0.07170037
0.0459137	-0.07170037
0.0456848	-0.07170037
0.0452118	-0.07170037
0.0457153	-0.07170037
0.0456696	-0.07170037
0.0456696	-0.07170037
0.0454712	-0.07170037
0.0452728	-0.07170037
0.0458679	-0.07170037
0.0450897	-0.07170037
0.045105	-0.07170037
0.0457001	-0.07170037
0.045517	-0.07170037
0.0455933	-0.07170037
0.0457001	-0.07170037
0.0459137	-0.07170037
0.0453644	-0.07175955
0.0408783	-0.0721935
0.0523682	-0.07286415
0.0600128	-0.07304167
0.0606232	-0.07304167
0.0613708	-0.07304167
0.0664368	-0.07317975
0.1030579	-0.07371232
0.1118317	-0.07379122
0.1193237	-0.07388985
0.1625519	-0.07434352
0.2201233	-0.07485637
0.282135	-0.0753495
0.3017731	-0.07548757
0.3184509	-0.07578345
0.3357697	-0.07596097
0.3411102	-0.07602015
0.3456268	-0.07625685
0.3465118	-0.07625685
0.346405	-0.0762963
0.3468628	-0.07631602
0.3460999	-0.07643437
0.3354492	-0.07671052
0.3307648	-0.07680915
0.3262177	-0.0768486
0.2885895	-0.07726282
0.2248077	-0.07781512
0.2165985	-0.07789402
0.1873779	-0.07817017
0.0873566	-0.07901835
0.0604553	-0.07933395
0.0596008	-0.07933395
0.0584564	-0.0793734
0.0518951	-0.07970872
0.0563507	-0.07994542
0.057312	-0.07996515
0.0648804	-0.0801624
0.0990143	-0.08051745
0.1048737	-0.0805569
0.1193085	-0.0807147
0.1886902	-0.08112892
0.2063751	-0.08116837
0.2079315	-0.0811881
0.2212982	-0.08124727
0.2600708	-0.0813459
0.3840179	-0.08179957
0.4688263	-0.08215462
0.4746857	-0.08219407
0.4803314	-0.0822138
0.4926605	-0.08227297
0.6047821	-0.08274637
0.7018433	-0.08318032
0.7023468	-0.08320005
0.7084808	-0.0832395
0.7131348	-0.08325922
0.7301331	-0.08345647
0.7732391	-0.0837918
0.7795563	-0.08383125
0.7817078	-0.0838707
0.7871399	-0.08408767
0.7341919	-0.0847386
0.6885681	-0.0850542
0.6877136	-0.08507392
0.6736755	-0.08515282
0.6710205	-0.08517255
0.6158905	-0.08546842
0.505188	-0.08588265
0.468399	-0.08596155
0.4525909	-0.08611935
0.2515869	-0.0866322
0.2513885	-0.08665192
0.2528229	-0.08665192
0.2567902	-0.0866322
0.2576752	-0.0866322
0.2529449	-0.0866322
0.2533875	-0.0866322
0.2521362	-0.0866322
0.2526855	-0.0866322
0.2528687	-0.0866322
0.2543488	-0.0866322
0.2548981	-0.0866322
0.2537994	-0.0866322
0.2549896	-0.0866322
0.254837	-0.0866322
0.2526703	-0.0866322
0.2539215	-0.0866322
0.2497864	-0.0866322
0.2458496	-0.0866322
0.2458038	-0.0866322
0.2445679	-0.0866322
0.2427368	-0.08665192
0.2413025	-0.08667165
0.2427216	-0.08667165
0.2187195	-0.08677027
0.1237488	-0.08730285
0.1715698	-0.08801295
0.2607269	-0.08822992
0.2962341	-0.08834827
0.3985901	-0.0885258
0.4492035	-0.0886047
0.5232544	-0.08878222
2.393219	-0.08976847
3.2654877	-0.09028132
3.4245911	-0.0903405
3.8751373	-0.09053775
4.7697296	-0.0908928
5.6488495	-0.0911295
6.8057251	-0.09138592
9.6806946	-0.09227355
12.9993591	-0.09337815
13.6239014	-0.09355567
13.6452789	-0.09355567
13.6569824	-0.09355567
13.6832428	-0.0935754
13.8676758	-0.0936543
14.3656311	-0.09379237
15.4073029	-0.09432495
15.9984741	-0.09466027
15.9914093	-0.09466027
16.0380707	-0.09468
16.0890808	-0.09471945
16.2119598	-0.09487725
16.327713	-0.09493642
16.3638306	-0.09497587
16.3811646	-0.0949956
16.4166412	-0.09503505
16.4460449	-0.09505477
16.4977112	-0.09511395
16.524704	-0.0951534
16.560318	-0.09533092
16.4783173	-0.09611992
16.1056671	-0.09631717
16.0919495	-0.09631717
16.0852661	-0.09631717
16.0509949	-0.0963369
15.3335876	-0.0966525
13.6111298	-0.0975204
13.3718262	-0.0975993
13.2990723	-0.0975993
12.8023071	-0.09777682
11.8758698	-0.09809242
9.965744	-0.09872362
8.3471222	-0.0991773
7.9089355	-0.09921675
7.3139954	-0.09939427
6.3058319	-0.09974932
6.0833893	-0.0998085
6.048584	-0.09982822
5.9390869	-0.09986767
5.2676086	-0.10006492
4.5820007	-0.10032135
4.5701294	-0.10034107
4.4569397	-0.10040025
3.3932648	-0.1009131
2.7980347	-0.10101172
2.7788849	-0.10105117
2.7468414	-0.10105117
2.7642059	-0.10105117
2.7677002	-0.10105117
2.7906036	-0.10103145
2.7800446	-0.10103145
2.7777252	-0.10103145
2.7689819	-0.10103145
2.7770538	-0.10103145
2.7765503	-0.10103145
2.7883301	-0.10103145
2.793396	-0.10103145
2.7878571	-0.10103145
2.7901459	-0.10103145
2.7911987	-0.10103145
2.7834473	-0.10103145
2.7697449	-0.10103145
2.7622681	-0.10103145
2.7575836	-0.10103145
2.7472534	-0.10103145
2.7466125	-0.10105117
2.7552338	-0.10105117
2.7324677	-0.10105117
1.9713135	-0.10134705
0.7013092	-0.10231357
0.2582397	-0.1029645
0.1464233	-0.1032801
0.1216431	-0.10341817
0.1160431	-0.10345762
0.1327209	-0.1039902
0.3785248	-0.1048581
0.6257782	-0.10544985
0.7245941	-0.10568655
0.7623138	-0.10574572
0.7750702	-0.1058049
0.9006805	-0.10639665
0.9929047	-0.10702785
0.9697113	-0.107304
0.9338837	-0.10752097
0.8991089	-0.1076985
0.8846741	-0.10773795
0.875473	-0.10781685
0.7436218	-0.1083297
0.5679626	-0.1087242
0.5387726	-0.10876365
0.5407104	-0.10876365
0.5319824	-0.10878337
0.5220947	-0.1088031
0.4610596	-0.1089609
0.3598633	-0.10923705
0.3386536	-0.10929622
0.3118286	-0.10937512
0.2786713	-0.10949347
0.2198639	-0.10971045
0.1479034	-0.1100655
0.0989075	-0.11034165
0.087265	-0.11042055
0.072403	-0.11057835
0.0614777	-0.11075587
0.0542145	-0.11118982
0.0608215	-0.11138707
0.0645599	-0.11146597
0.066452	-0.11150542
0.0827179	-0.11178157
0.1002808	-0.11197882
0.1052399	-0.11201827
0.1118011	-0.1121169
0.1356964	-0.11237332
0.1528473	-0.1125114
0.1616669	-0.1125903
0.1891327	-0.11288617
0.2071991	-0.11302425
0.2203369	-0.1132215
0.2669525	-0.11363572
0.27948	-0.11387242
0.2845306	-0.11389215
0.2984467	-0.11412885
0.3111725	-0.11452335
0.3157043	-0.11460225
0.3171997	-0.1149573
0.3173065	-0.11515455
0.3123169	-0.11533207
0.2925568	-0.11580547
0.2853088	-0.11594355
0.2763672	-0.11604217
0.2749176	-0.1160619
0.2776794	-0.1160619
0.2782288	-0.11604217
0.2782745	-0.11604217
0.2780457	-0.11604217
0.2779236	-0.11604217
0.2779999	-0.11604217
0.2775116	-0.11604217
0.2778625	-0.11604217
0.2785645	-0.11604217
0.278717	-0.11604217
0.278183	-0.11604217
0.2783966	-0.11604217
0.2781067	-0.11604217
0.2780457	-0.11604217
0.2775116	-0.11604217
0.2784424	-0.11604217
0.2778625	-0.11604217
0.2777252	-0.11604217
0.27771	-0.11604217
0.2773132	-0.11604217
0.2772369	-0.11604217
0.2769928	-0.11604217
0.277359	-0.1160619
0.2766113	-0.1160619
0.2751465	-0.11612107
0.1989136	-0.116772
0.1568756	-0.11728485
0.1577911	-0.11730457
0.1568909	-0.11730457
0.1526337	-0.1173243
0.1203613	-0.11760045
0.0861206	-0.11799495
0.0812225	-0.11807385
0.0628662	-0.11831055
0.0515289	-0.11864587
0.0479126	-0.11880367
0.0477448	-0.11900092
0.0526428	-0.11923762
0.0777435	-0.11986882
0.0975647	-0.12028305
0.1021423	-0.1204014
0.1077728	-0.1204803
0.1133118	-0.12059865
0.1245728	-0.12081562
0.1360168	-0.1211115
0.1508484	-0.12154545
0.1604004	-0.12195967
0.1628418	-0.12211747
0.1643066	-0.12215692
0.1681366	-0.1224528
0.1694489	-0.12280785
0.1700287	-0.1229262
0.1699677	-0.12306427
0.1682587	-0.1233996
0.1627045	-0.12373492
0.1566467	-0.12401107
0.1531219	-0.12414915
0.1469116	-0.12432667
0.1371765	-0.1245831
0.121048	-0.12495787
0.1046295	-0.12527347
0.09552	-0.12541155
0.0921783	-0.12547072
0.0803375	-0.12566797
0.0785065	-0.12570742
0.071167	-0.12586522
0.061676	-0.12606247
0.0491333	-0.12643725
0.0393524	-0.1269501
0.0397644	-0.12720652
0.0433655	-0.12752212
0.048233	-0.12777855
0.0492249	-0.12783772
0.0521088	-0.12795607
0.0587463	-0.1282125
0.0611725	-0.12831112
0.0679321	-0.12854782
0.073822	-0.12872535
0.0797882	-0.12890287
0.0926056	-0.12927765
0.0990295	-0.1294749
0.1130829	-0.12990885
0.1193848	-0.13004692
0.1200562	-0.13004692
0.1200867	-0.13004692
0.1203613	-0.13004692
0.120636	-0.13004692
0.119873	-0.13004692
0.1188507	-0.12998775
0.1196442	-0.12998775
0.1194611	-0.12998775
0.1194305	-0.12998775
0.1193085	-0.12998775
0.1194458	-0.12998775
0.1194611	-0.12998775
0.1197968	-0.12998775
0.119873	-0.12998775
0.1202545	-0.12998775
0.1194763	-0.12998775
0.1193848	-0.12998775
0.1198578	-0.12998775
0.1200104	-0.12998775
0.1202698	-0.13004692
0.1208038	-0.13004692
0.1207275	-0.13004692
0.1208191	-0.13004692
0.1208496	-0.13006665
0.1234436	-0.13012582
0.1248932	-0.13016527
0.128006	-0.13028362
0.1430969	-0.1308951
0.147583	-0.1311318
0.1479797	-0.13119097
0.1459045	-0.13162492
0.1298828	-0.13213777
0.1108856	-0.13253227
0.0958252	-0.1327887
0.0793457	-0.13304512
0.0690002	-0.13328182
0.0520325	-0.13371577
0.0453949	-0.13391302
0.0407104	-0.13416945
0.0372467	-0.13454422
0.0363312	-0.1348401
0.036972	-0.1349979
0.0400238	-0.13535295
0.0502167	-0.13582635
0.0549316	-0.13598415
0.0635223	-0.13628002
0.0780334	-0.13669425
0.0896301	-0.13700985
0.0983582	-0.13730572
0.1016998	-0.13746352
0.1058502	-0.13779885
0.1024323	-0.13829197
0.0981445	-0.13850895
0.0951233	-0.13864702
0.0924988	-0.13874565
0.0910339	-0.13882455
0.0843811	-0.13919932
0.0731812	-0.1397319
0.0672302	-0.14000805
0.060379	-0.14054062
0.0524597	-0.14105347
0.0499725	-0.14113237
0.0491943	-0.14121127
0.04776	-0.1413888
0.0440063	-0.14156632
0.0421906	-0.14174385
0.038681	-0.14203972
0.0371552	-0.1421778
0.0367432	-0.14227642
0.0354156	-0.14261175
0.0356598	-0.14284845
0.0358276	-0.14286817
0.037674	-0.14316405
0.0410461	-0.1435191
0.0439911	-0.14377552
0.0444641	-0.14381497
0.0444641	-0.14381497
0.0445404	-0.14381497
0.0441742	-0.14381497
0.0441132	-0.14381497
0.0438385	-0.14381497
0.0442047	-0.14381497
0.044342	-0.14381497
0.0443573	-0.14381497
0.0443115	-0.14381497
0.0437469	-0.14381497
0.0441742	-0.14381497
0.043808	-0.14381497
0.0438995	-0.14381497
0.044342	-0.14381497
0.0443573	-0.14381497
0.0441284	-0.14381497
0.044632	-0.14381497
0.0445709	-0.14381497
0.0444489	-0.14381497
0.0445404	-0.14381497
0.0444641	-0.14381497
0.0441437	-0.1438347
0.0470428	-0.14418975
0.0601654	-0.14495902
0.0763245	-0.14559022
0.085968	-0.14584665
0.0872803	-0.14598472
0.0918121	-0.14641867
0.0901794	-0.14673427
0.0802612	-0.1473063
0.062439	-0.14791777
0.0562286	-0.14815447
0.0529022	-0.148332
0.0521393	-0.14835172
0.0492859	-0.14860815
0.0462341	-0.14882512
0.0417023	-0.14933797
0.0361786	-0.14994945
0.0359039	-0.15000862
0.0356598	-0.15010725
0.0352936	-0.15024532
0.0348206	-0.15028477
0.0351563	-0.1504623
0.0349121	-0.15050175
0.0352173	-0.15052147
0.0353394	-0.15079762
0.0384827	-0.15136965
0.0455322	-0.15207975
0.0515442	-0.15255315
0.053299	-0.15265177
0.0581055	-0.15296737
0.0693665	-0.15357885
0.0761414	-0.15426922
0.0687256	-0.1548807
0.0642548	-0.15507795
0.0607147	-0.15525547
0.0592041	-0.15531465
0.058609	-0.1553541
0.0549316	-0.1555908
0.0516663	-0.15578805
0.0485992	-0.15600502
0.0492401	-0.15600502
0.0492859	-0.15600502
0.0493469	-0.15600502
0.0493774	-0.15600502
0.0494843	-0.15600502
0.0494385	-0.15600502
0.0496063	-0.15600502
0.0497589	-0.15600502
0.0496063	-0.15600502
0.0491486	-0.15600502
0.0493317	-0.15600502
0.0494385	-0.15600502
0.0492096	-0.15600502
0.0489197	-0.15600502
0.0492249	-0.15600502
0.0493164	-0.15602475
0.0425262	-0.1567743
0.0368652	-0.15750412
0.0346222	-0.1578789
0.0355072	-0.15878625
0.0431366	-0.15965415
0.0550079	-0.1604037
0.0609894	-0.1613505
0.0543365	-0.16255372
0.0531464	-0.16330327
0.0489807	-0.16401337
0.0385132	-0.16494045
0.0336456	-0.16588725
0.0336304	-0.1660845
0.0338898	-0.16610422
0.0336304	-0.16612395
0.0339661	-0.16610422
0.0340424	-0.16610422
0.0342255	-0.16610422
0.0337524	-0.16610422
0.0338898	-0.16610422
0.0342255	-0.16610422
0.0336609	-0.16610422
0.0343323	-0.16610422
0.0341797	-0.16610422
0.0341797	-0.16610422
0.0340424	-0.16610422
0.0342712	-0.16618312
0.0357819	-0.1667946
0.0447083	-0.16815562
0.0479889	-0.16862902
0.0489502	-0.168846
0.0539093	-0.16943775
0.0564728	-0.16983225
0.0545654	-0.1705029
0.0447083	-0.17164695
0.0377197	-0.17283045
0.0346222	-0.17346165
0.0335236	-0.17363917
0.0337219	-0.17383642
0.0351105	-0.17462542
0.0391388	-0.17521717
0.0437012	-0.175947
0.0461731	-0.17701215
0.0474548	-0.17716995
0.0488892	-0.1774461
0.0500031	-0.17758417
0.0495453	-0.17758417
0.0501099	-0.17758417
0.0496674	-0.17758417
0.0501556	-0.17758417
0.0496979	-0.17758417
0.0499725	-0.17758417
0.0501404	-0.17758417
0.0498199	-0.17758417
0.0500946	-0.17758417
0.0527039	-0.1780773
0.0400391	-0.17979337
0.0397644	-0.17979337
0.0395813	-0.1798131
0.0399017	-0.1798131
0.0399475	-0.17979337
0.0398102	-0.17979337
0.039856	-0.17979337
0.0400848	-0.17979337
0.0402527	-0.17979337
0.040451	-0.17979337
0.0400848	-0.17979337
0.0404053	-0.17979337
0.0402222	-0.17979337
0.0397491	-0.17977365
0.0401001	-0.17977365
0.0401001	-0.1797342
0.0379028	-0.17937915
0.0389099	-0.17922135
0.0424652	-0.1785507
0.052948	-0.17758417
0.0537567	-0.17734747
0.0501404	-0.1764993
0.0455475	-0.1755525
0.0426941	-0.1749213
0.0410004	-0.17462542
0.0370331	-0.1739745
0.0341492	-0.17292907
0.0352478	-0.1726332
0.0354309	-0.17251485
0.0391083	-0.1716864
0.0428009	-0.17117355
0.0453644	-0.1707396
0.0567932	-0.16953637
0.0547028	-0.1690038
0.0541992	-0.16894462
0.0541382	-0.1689249
0.0541077	-0.1689249
0.0542603	-0.1689249
0.0542297	-0.1689249
0.0540009	-0.1689249
0.0539703	-0.1689249
0.0542145	-0.1689249
0.0541382	-0.1689249
0.0542603	-0.1689249
0.0547943	-0.1689249
0.0528717	-0.1686093
0.0466614	-0.1678203
0.04422	-0.1671891
0.0370483	-0.1661634
0.0337677	-0.16509825
0.0338593	-0.16494045
0.0397797	-0.16421062
0.0520477	-0.16306657
0.0535431	-0.16231702
0.0542297	-0.16208032
0.058548	-0.16125187
0.0615234	-0.16058122
0.0614319	-0.16050232
0.0619049	-0.1604826
0.062027	-0.1604826
0.061554	-0.16050232
0.0613708	-0.16050232
0.0613708	-0.16050232
0.0616455	-0.16050232
0.0614929	-0.16050232
0.0616455	-0.16050232
0.0617371	-0.16050232
0.061615	-0.16050232
0.0613861	-0.16050232
0.0615387	-0.16042342
0.0544128	-0.1597725
0.0364227	-0.1583523
0.0343323	-0.15734632
0.0356293	-0.15703072
0.0398865	-0.15663622
0.0518188	-0.15557107
0.0613251	-0.15484125
0.069931	-0.1540917
0.0756073	-0.15334215
0.0615082	-0.1524348
0.0527802	-0.15194168
0.0504608	-0.15176415
0.0450745	-0.1513302
0.0443573	-0.15131048
0.0445251	-0.1513302
0.0444031	-0.1513302
0.044693	-0.1513302
0.0445557	-0.1513302
0.0443268	-0.1513302
0.044693	-0.1513302
0.0445404	-0.1513302
0.0448608	-0.1513302
0.0444336	-0.1513302
0.0448151	-0.1513302
0.0446014	-0.15131048
0.0423737	-0.15111323
0.0352478	-0.15002835
0.0407104	-0.14884485
0.0546265	-0.14756273
0.0821533	-0.14649758
0.0911713	-0.1454916
0.0782623	-0.14480123
0.0648041	-0.14428838
0.051712	-0.143598
0.0422821	-0.1429668
0.0366364	-0.14239478
0.0356903	-0.14182275
0.0359192	-0.14166495
0.0359802	-0.14166495
0.0361938	-0.14172413
0.0393219	-0.1417833
0.0389709	-0.1417833
0.0385284	-0.1417833
0.0389252	-0.1417833
0.0388184	-0.1417833
0.0390625	-0.1417833
0.0385895	-0.1417833
0.0389099	-0.1417833
0.0384369	-0.1417833
0.0385437	-0.14172413
0.0384064	-0.1417044
0.0387268	-0.1417044
0.0384216	-0.1417044
0.038269	-0.14168468
0.0381012	-0.14144798
0.0422668	-0.14111265
0.0476227	-0.14079705
0.0548401	-0.14042228
0.057724	-0.14022502
0.0625305	-0.13985025
0.0667877	-0.1395741
0.0690918	-0.1394163
0.0733032	-0.1391796
0.0753784	-0.13904152
0.0766296	-0.1389429
0.0831757	-0.13864703
0.0903168	-0.13843005
0.0916901	-0.13833143
0.0940399	-0.1382328
0.0993805	-0.13789748
0.1018372	-0.13770023
0.1029205	-0.13750298
0.1009369	-0.13716765
0.0942078	-0.1368915
0.0877533	-0.13669425
0.081604	-0.13651672
0.0774384	-0.13635892
0.0712891	-0.13612222
0.0667114	-0.13598415
0.0543823	-0.13558965
0.0445862	-0.13527405
0.0395355	-0.13503735
0.0379486	-0.13493872
0.0357971	-0.13472175
0.036087	-0.13442587
0.0362396	-0.1342878
0.040741	-0.1338933
0.0462189	-0.13359742
0.0547333	-0.133341
0.0549774	-0.13332127
0.0548706	-0.13332127
0.0549316	-0.133341
0.0559998	-0.13343962
0.0558929	-0.13343962
0.056015	-0.13343962
0.0560455	-0.13343962
0.0558929	-0.13343962
0.056427	-0.13343962
0.0560303	-0.13343962
0.0561981	-0.13343962
0.0556946	-0.133341
0.0559998	-0.133341
0.0558167	-0.13332127
0.0558472	-0.13332127
0.0678253	-0.13306485
0.098938	-0.13257172
0.123642	-0.13221667
0.140213	-0.13188135
0.1475677	-0.13162492
0.1493225	-0.13142767
0.149353	-0.13119097
0.1452484	-0.13093455
0.1420898	-0.13079647
0.1335907	-0.13046115
0.1238251	-0.13016527
0.1133575	-0.1298694
0.104248	-0.12957352
0.0933685	-0.12929737
0.0850372	-0.12906067
0.0784302	-0.12888315
0.0707245	-0.12862672
0.0652618	-0.12846892
0.0609436	-0.12831112
0.055542	-0.12811387
0.0513306	-0.12793635
0.0462952	-0.12771937
0.0414276	-0.1274235
0.0394592	-0.12728542
0.0387115	-0.12700927
0.0392456	-0.12691065
0.0399475	-0.12681202
0.039566	-0.1267134
0.040451	-0.12659505
0.0404816	-0.12645697
0.0414124	-0.1263189
0.0436554	-0.12620055
0.0501099	-0.12594412
0.0601654	-0.12566797
0.0898895	-0.12523402
0.1130219	-0.12491842
0.1266479	-0.12472117
0.1444092	-0.12438585
0.1493988	-0.12424777
0.1559601	-0.12401107
0.1567993	-0.12397162
0.1590118	-0.12383355
0.1603394	-0.12375465
0.1613464	-0.12367575
0.1617584	-0.12357712
0.1630402	-0.12343905
0.1644745	-0.12322207
0.1669617	-0.12298537
0.169281	-0.12270922
0.1693268	-0.1224528
0.1694336	-0.12247252
0.169342	-0.12247252
0.1689453	-0.12257115
0.1631775	-0.12259087
0.1660767	-0.12259087
0.1669617	-0.12259087
0.1669769	-0.12259087
0.1666412	-0.12259087
0.1670227	-0.12259087
0.1670837	-0.12259087
0.1671143	-0.12259087
0.1671906	-0.12259087
0.1676483	-0.12259087
0.1675415	-0.12257115
0.1671295	-0.12255142
0.1668854	-0.12255142
0.1673737	-0.12255142
0.1675415	-0.12255142
0.1669769	-0.12239362
0.1614075	-0.1219794
0.1556091	-0.12180187
0.1487885	-0.12152572
0.1392212	-0.1212693
0.1268158	-0.12091425
0.1138916	-0.12065782
0.0973358	-0.1204014
0.0851898	-0.12020415
0.0700226	-0.119928
0.0621338	-0.11973075
0.05513	-0.11955322
0.0487671	-0.1192968
0.0470581	-0.11917845
0.0475311	-0.11902065
0.0522766	-0.1187445
0.0579071	-0.11856697
0.0673523	-0.11840917
0.0766449	-0.11823165
0.0895844	-0.11807385
0.1099854	-0.11785687
0.1298218	-0.1176399
0.1494293	-0.11744265
0.1633759	-0.11730457
0.1764069	-0.11718622
0.1799774	-0.11712705
0.1828156	-0.11710732
0.1844025	-0.11702842
0.1851501	-0.11696925
0.1932068	-0.11681145
0.2159882	-0.1165353
0.2514038	-0.1162197
0.2797699	-0.1159041
0.2925415	-0.1157463
0.3078156	-0.11547015
0.3151245	-0.115194
0.3159485	-0.11489812
0.3126984	-0.11468115
0.3088837	-0.11454307
0.3043518	-0.11434582
0.2966309	-0.11420775
0.2964172	-0.11410912
0.2971039	-0.11395132
0.2979431	-0.11383297
0.2969971	-0.11373435
0.2957764	-0.11373435
0.2947083	-0.11371462
0.2866058	-0.113616
0.2648315	-0.1133004
0.256485	-0.11316232
0.235321	-0.11296507
0.1710968	-0.11229442
0.1059113	-0.11166322
0.0856781	-0.11144625
0.0832672	-0.11142652
0.0681458	-0.11120955
0.0631866	-0.1110912
0.0602417	-0.11103202
0.0545502	-0.11083477
0.0539703	-0.11057835
0.0571747	-0.11044027
0.0623169	-0.11034165
0.0634766	-0.11032192
0.0636597	-0.11032192
0.064209	-0.11032192
0.065094	-0.11032192
0.0990906	-0.11044027
0.0997314	-0.11044027
0.1002502	-0.11044027
0.099823	-0.11044027
0.0993958	-0.11044027
0.1003418	-0.11044027
0.100647	-0.11044027
0.1002808	-0.11044027
0.1001587	-0.11044027
0.0997009	-0.11044027
0.0995483	-0.11044027
0.0987244	-0.11044027
0.0973969	-0.11044027
0.0964661	-0.11042055
0.0960999	-0.11042055
0.0969696	-0.11042055
0.0965118	-0.11042055
0.0960083	-0.1103811
0.1051178	-0.11010495
0.1184235	-0.1099077
0.140976	-0.10965127
0.2385254	-0.10913842
0.4765472	-0.1086453
0.6520538	-0.10836915
0.7706299	-0.10819162
0.8375092	-0.10797465
0.8904877	-0.10775767
0.8995361	-0.1076985
0.9052277	-0.10756042
0.9089813	-0.10742235
0.9150391	-0.10724482
0.9206238	-0.10718565
0.9230347	-0.10718565
0.9393158	-0.10710675
0.9806061	-0.10687005
0.9977417	-0.1065939
0.9738159	-0.10614022
0.9346466	-0.10592325
0.9185486	-0.10582462
0.8170166	-0.10537095
0.6338043	-0.10507507
0.5393219	-0.1048581
0.4400787	-0.1046214
0.3371887	-0.10432552
0.2746735	-0.10412827
0.1990662	-0.10389157
0.1247406	-0.10357597
0.1044464	-0.103359
0.1161957	-0.10314202
0.2016754	-0.10284615
0.3797455	-0.10258972
0.4993134	-0.10247137
0.6607513	-0.10231357
0.8619537	-0.10219522
0.921402	-0.10215577
0.9818115	-0.10211632
1.1050873	-0.1020177
1.2073669	-0.10191907
1.4057617	-0.10176127
1.6307526	-0.10160347
1.7568207	-0.10150485
2.0381775	-0.10132732
2.366806	-0.10113007
3.0528717	-0.1009131
3.1804047	-0.10079475
3.2633209	-0.10063695
3.3914032	-0.10041997
3.7479706	-0.10018327
5.1043243	-0.09986767
6.4285431	-0.09947317
7.5729523	-0.0991773
9.1185455	-0.0987828
9.5690918	-0.0987039
10.4032898	-0.09848692
11.0087433	-0.09828967
11.402832	-0.09813187
12.2515564	-0.097836
12.7621918	-0.09769792
12.9877777	-0.09757957
13.0439758	-0.0975204
13.098938	-0.09740205
13.162323	-0.09726397
13.2389984	-0.09718507
13.2843323	-0.09718507
13.3117218	-0.09718507
13.6539307	-0.09710617
14.3811798	-0.09677085
14.4169617	-0.09675112
14.4660492	-0.09671167
14.5287018	-0.09669195
14.5543365	-0.09669195
14.5757751	-0.09669195
14.6023254	-0.09669195
14.8311615	-0.0967314
15.009201	-0.09679057
15.0202332	-0.09679057
15.0405121	-0.09679057
15.0318604	-0.09679057
15.030838	-0.09679057
15.0343475	-0.09679057
15.0285492	-0.09679057
15.0277863	-0.09679057
15.0285797	-0.09679057
15.0167084	-0.09679057
15.0250549	-0.09679057
15.0296936	-0.09679057
15.024231	-0.09677085
15.0173645	-0.09677085
15.0131989	-0.09677085
15.0207977	-0.09677085
15.0135193	-0.09677085
15.2609863	-0.09645525
15.5337982	-0.09621855
16.2444	-0.0957846
16.1934204	-0.09529147
16.0504761	-0.09501532
15.7274475	-0.09469972
15.2102814	-0.09440385
14.6836853	-0.09410797
14.2216339	-0.09387127
13.2264404	-0.0935754
13.0130157	-0.0934965
12.2559967	-0.09320062
11.5349274	-0.09296392
11.0601349	-0.09280612
9.9913177	-0.0925497
9.7038269	-0.09243135
9.4663544	-0.09233272
9.1109619	-0.09219465
8.714325	-0.09203685
7.8924103	-0.0918396
7.4785919	-0.0916818
6.6867523	-0.0914451
6.3708344	-0.09132675
5.158783	-0.09103087
4.8803864	-0.0908928
4.6090698	-0.09069555
4.4920959	-0.09061665
4.3131866	-0.09051802
3.9310913	-0.0902616
3.4322815	-0.09012352
3.1883392	-0.09004462
2.027359	-0.08961067
1.3815002	-0.08933452
0.9197845	-0.0890781
0.8246155	-0.0889992
0.748764	-0.08895975
0.7162781	-0.08890057
0.5850372	-0.08870332
0.4533386	-0.08858497
0.4126282	-0.08854552
0.3256378	-0.088368
0.2576141	-0.08822992
0.1858368	-0.08799322
0.1216431	-0.08767762
0.1061859	-0.08746065
0.1054993	-0.08736202
0.1091766	-0.08722395
0.1134796	-0.08714505
0.1264496	-0.08696752
0.180069	-0.0866322
0.3482666	-0.08613907
0.4469147	-0.0859221
0.4488983	-0.0859221
0.4457397	-0.0859221
0.4431	-0.0859221
0.4520416	-0.08590237
0.4909058	-0.08574457
0.5262909	-0.0856065
0.557724	-0.08546842
0.6074982	-0.08525145
0.6377411	-0.08511337
0.6409454	-0.08511337
0.6448212	-0.08511337
0.6506042	-0.08511337
0.6501923	-0.08511337
0.6502228	-0.08511337
0.6509094	-0.08511337
0.648941	-0.08511337
0.6488342	-0.08511337
0.6497498	-0.08511337
0.6480713	-0.08511337
0.6491547	-0.08511337
0.6512451	-0.08511337
0.6506348	-0.08511337
0.6509094	-0.08511337
0.6497498	-0.08511337
0.6500854	-0.08511337
0.6493378	-0.08511337
0.6483459	-0.08511337
0.6470184	-0.08511337
0.6453094	-0.08511337
0.7063904	-0.08479777
0.7374268	-0.084423
0.7472076	-0.08412712
0.7386169	-0.08381152
0.7060699	-0.08349592
0.6437225	-0.0830817
0.5900421	-0.08280555
0.5174255	-0.08248995
0.4569397	-0.08225325
0.4312592	-0.08211517
0.3598785	-0.08179957
0.2886658	-0.08146425
0.2055817	-0.08114865
0.1852722	-0.08106975
0.1822815	-0.0810303
0.1791077	-0.0808725
0.1772308	-0.08073442
0.17453	-0.0806358
0.1656494	-0.08061607
0.1175232	-0.08033992
0.0869141	-0.08006377
0.059433	-0.0797679
0.0511322	-0.07947202
0.0681152	-0.0791367
0.0949249	-0.0789
0.1228638	-0.07864357
0.1407471	-0.07844632
0.1455078	-0.0783477
0.146286	-0.07824907
0.1465607	-0.0781899
0.1473389	-0.07813072
0.1475372	-0.07807155
0.1488342	-0.07801237
0.1489716	-0.07799265
0.1496887	-0.07799265
0.1564484	-0.0779532
0.1763306	-0.0777954
0.1765747	-0.07777567
0.1769409	-0.07777567
0.177536	-0.07777567
0.1797638	-0.07775595
0.1994781	-0.07761787
0.2338257	-0.07736145
0.2953796	-0.07680915
0.3185425	-0.07655272
0.3222198	-0.07651327
0.3264313	-0.07639492
0.3292542	-0.07546785
0.3005524	-0.07509307
0.2931671	-0.07499445
0.2679291	-0.07475775
0.2612	-0.07473802
0.2552032	-0.07461967
0.1864471	-0.07422517
0.1369934	-0.07381095
0.0841675	-0.07335727
0.0555725	-0.07296277
0.0501099	-0.07278525
0.045517	-0.07268662
0.0417633	-0.07248937
0.0397034	-0.07231185
0.0394135	-0.0721935
0.0397949	-0.07209487
0.0404358	-0.07191735
0.0426941	-0.07177927
0.0433197	-0.07177927
0.0431519	-0.07177927
0.043457	-0.071799
0.0438232	-0.071799
0.0433807	-0.071799
0.0436249	-0.071799
0.0434113	-0.071799
0.0437927	-0.071799
0.043335	-0.071799
0.0431061	-0.071799
0.0432739	-0.071799
0.043457	-0.071799
0.0436859	-0.071799
0.0438538	-0.071799
0.0438995	-0.071799
0.0432892	-0.07177927
0.043457	-0.07177927
0.043396	-0.07177927
0.0452271	-0.07162147
0.0558167	-0.07120725
0.0654907	-0.07081275
0.075531	-0.07043797
0.0935364	-0.06992512
0.1164398	-0.0693531
0.1260071	-0.06897832
0.1328583	-0.06860355
0.1360321	-0.06826822
0.1374817	-0.06789345
0.1362457	-0.06765675
0.1358337	-0.0673806
0.1307526	-0.06704527
0.1123047	-0.06661132
0.0965118	-0.0663549
0.0811462	-0.06601957
0.0731049	-0.06586177
0.0656281	-0.0656448
0.0551605	-0.06538837
0.0500946	-0.06528975
0.0488892	-0.06521085
0.044632	-0.0650136
0.0406799	-0.0647769
0.0375671	-0.06440212
0.0383301	-0.0639879
0.0449371	-0.06349477
0.0499878	-0.06323835
0.0557861	-0.06292275
0.0612946	-0.0626466
0.063797	-0.0624888
0.0676117	-0.06223237
0.0748138	-0.0617787
0.0834198	-0.0612264
0.0898437	-0.06073327
0.0930939	-0.0603585
0.0953217	-0.06000345
0.0948334	-0.05984565
0.0943756	-0.05968785
0.0941772	-0.05966812
0.0941315	-0.05968785
0.0941467	-0.05970757
0.0949097	-0.0597273
0.0939789	-0.0597273
0.094162	-0.0597273
0.0944824	-0.0597273
0.0943298	-0.0597273
0.0940094	-0.0597273
0.0952148	-0.0597273
0.0950317	-0.0597273
0.0943146	-0.0597273
0.0944214	-0.0597273
0.0938721	-0.05968785
0.0938721	-0.05968785
0.0944061	-0.05966812
0.0926208	-0.05935252
0.085022	-0.05881995
0.0695648	-0.0582282
0.054245	-0.05769562
0.0487061	-0.05732085
0.0395203	-0.05666992
0.0343628	-0.05597955
0.0368042	-0.05550615
0.0395813	-0.05523
0.0435181	-0.05487495
0.050766	-0.05426347
0.0597534	-0.0537309
0.0634308	-0.05353365
0.0648193	-0.0534153
0.0697784	-0.05307997
0.0741882	-0.05272492
0.0764008	-0.05227125
0.0744476	-0.0518373
0.0668182	-0.05132445
0.0573578	-0.0508116
0.0485077	-0.05039737
0.044281	-0.05012122
0.0400543	-0.04976617
0.0380402	-0.04958865
0.0359955	-0.04927305
0.0345612	-0.04903635
0.0342865	-0.04877992
0.0336304	-0.04854322
0.0334167	-0.04834597
0.033844	-0.04824735
0.0340729	-0.04816845
0.0335236	-0.04816845
0.0335693	-0.04816845
0.0338898	-0.04824735
0.0336304	-0.04824735
0.0337677	-0.04824735
0.0335999	-0.04824735
0.0335846	-0.04824735
0.0336914	-0.04824735
0.0333252	-0.04824735
0.0339966	-0.04824735
0.0336609	-0.04824735
0.0337067	-0.04824735
0.0337524	-0.04816845
0.0337219	-0.04816845
0.033905	-0.04816845
0.0339355	-0.0480501
0.0342865	-0.04777395
0.0350037	-0.04730055
0.0389099	-0.04674825
0.0475464	-0.04613677
0.0506744	-0.0456042
0.0513306	-0.04515052
0.0509491	-0.04471657
0.0509796	-0.04438125
0.0516663	-0.0439473
0.0506287	-0.04329637
0.0471497	-0.04264545
0.0442963	-0.04227067
0.0392303	-0.04163947
0.035614	-0.0411069
0.0335846	-0.0407124
0.0339661	-0.04041652
0.0337677	-0.04017982
0.0343781	-0.03986422
0.0359802	-0.03939082
0.0377045	-0.0390555
0.0401306	-0.03864127
0.0431061	-0.03824677
0.044693	-0.03806925
0.0461731	-0.03775365
0.0480957	-0.03735915
0.0472412	-0.03694492
0.0452728	-0.03655042
0.0445709	-0.03647152
0.0450592	-0.03647152
0.0446167	-0.03647152
0.0446777	-0.03647152
0.0448303	-0.03651097
0.0448303	-0.03651097
0.0448151	-0.03651097
0.0445251	-0.03651097
0.0449371	-0.03651097
0.0451508	-0.03651097
0.0445251	-0.03651097
0.0445862	-0.03651097
0.0449066	-0.03651097
0.044693	-0.03651097
0.0447083	-0.03647152
0.0446472	-0.03647152
0.0445862	-0.03647152
0.0430908	-0.03627427
0.0420532	-0.0358995
0.040329	-0.03538665
0.0401917	-0.03485407
0.0400848	-0.0344793
0.0389404	-0.0340059
0.0382385	-0.03347332
0.0347443	-0.0329013
0.0338745	-0.032349
0.0343475	-0.03193477
0.0350952	-0.03165862
0.0354156	-0.03138247
0.0359497	-0.03096825
0.0381775	-0.03039622
0.0417328	-0.0298242
0.0418091	-0.02939025
0.0406647	-0.02881822
0.0401001	-0.02862097
0.0404816	-0.02844345
0.0407104	-0.02838427
0.0407104	-0.02826592
0.0404358	-0.02820675
0.0405579	-0.02820675
0.0405579	-0.02818702
0.0397949	-0.0279306
0.0392609	-0.02747692
0.0385437	-0.02725995
0.0381622	-0.02696407
0.0376587	-0.02660902
0.0368042	-0.02613562
0.0359192	-0.0258003
0.0348511	-0.02558332
0.0338745	-0.02526772
0.0337677	-0.0250902
0.0339966	-0.0250902
0.0337677	-0.0250902
0.0335236	-0.02510992
0.0335388	-0.02520855
0.0337067	-0.02520855
0.0334778	-0.02520855
0.0335236	-0.02520855
0.0335846	-0.02520855
0.0333252	-0.02520855
0.0334625	-0.02520855
0.0332794	-0.02520855
0.0336609	-0.02518882
0.0335236	-0.02518882
0.0336609	-0.02518882
0.0335083	-0.02503102
0.0340118	-0.02471542
0.0335236	-0.02416312
0.0354462	-0.02341357
0.0364227	-0.02284155
0.0370026	-0.02213145
0.0371704	-0.02167777
0.0375824	-0.02104657
0.0381775	-0.0201984
0.0369263	-0.019725
0.0366364	-0.01931077
0.0351715	-0.01883737
0.0345612	-0.0184626
0.0353088	-0.01820617
0.0345764	-0.01810755
0.0338745	-0.01749607
0.0337677	-0.016569
0.0341492	-0.01629285
0.03479	-0.01560247
0.0363617	-0.01473457
0.0372314	-0.01416255
0.0368347	-0.01359052
0.0372925	-0.01335382
0.0367432	-0.0130185
0.0363922	-0.01284097
0.036377	-0.01282125
0.0364075	-0.01282125
0.036377	-0.01282125
0.0360718	-0.01282125
0.036499	-0.01282125
0.0365448	-0.01282125
0.036499	-0.01282125
0.036377	-0.01282125
0.0370636	-0.01282125
0.036911	-0.01282125
0.0365753	-0.01282125
0.0365601	-0.01282125
0.0363312	-0.01282125
0.0372162	-0.01282125
0.0364838	-0.01282125
0.0363312	-0.012624
0.0357666	-0.01187445
0.0355225	-0.01130242
0.0340729	-0.0100203
0.0333862	-0.00942855
0.0337524	-0.00858037
0.0341492	-0.0079689
0.0354309	-0.00706155
0.0367737	-0.00645007
0.0367584	-0.00540465
0.035553	-0.00469455
0.0347748	-0.0040239
0.0341187	-0.00327435
0.0337372	-0.00256425
0.0331573	-0.00195277
0.0335083	-0.0012624
0.0339355	-0.000335325
0.0344238	1.9725e-05
0.0344391	1.9725e-05
0.0345306	1.9725e-05
0.0341949	1.9725e-05
0.0341339	1.8133959e-16
0.0344391	1.8133959e-16
0.0345001	1.8133959e-16
0.0345459	1.8133959e-16
0.0348053	1.8133959e-16
0.0343323	1.8133959e-16
0.0341492	1.8133959e-16
0.0342407	1.8133959e-16
0.0347595	1.8133959e-16
0.0342407	1.8133959e-16
0.0346985	1.8133959e-16
0.0344391	1.8133959e-16
0.0345306	1.8133959e-16
0.0343323	1.8133959e-16
0.0346375	1.8133959e-16
0.0343475	1.8133959e-16
0.0344086	1.8133959e-16
0.0346222	1.8133959e-16
0.0345764	1.8133959e-16
0.0345001	1.8133959e-16
0.0344391	1.8133959e-16
0.0344696	1.8133959e-16
0.0343781	1.8133959e-16
0.0344238	1.8133959e-16
0.0343475	1.8133959e-16
0.0344086	1.8133959e-16
0.0341034	1.8133959e-16
0.0344238	1.8133959e-16
0.0341339	1.8133959e-16
0.0343018	1.8133959e-16
0.0339661	1.8133959e-16
0.0341339	1.8133959e-16
0.0337982	1.8133959e-16
0.0342407	1.8133959e-16
0.0341949	1.8133959e-16
0.0341339	1.8133959e-16
0.0343933	1.8133959e-16
0.0341187	1.8133959e-16
0.0345306	1.8133959e-16
0.0344086	1.8133959e-16
0.0342407	1.8133959e-16
0.0346375	1.8133959e-16
0.0342712	1.8133959e-16
0.0344391	1.8133959e-16
0.0342865	1.8133959e-16
0.0342102	1.8133959e-16
0.0347137	1.8133959e-16
0.0344238	1.8133959e-16
0.0345459	1.8133959e-16
0.0339966	1.8133959e-16
0.0341797	1.8133959e-16
0.0342102	1.8133959e-16
0.0343628	1.8133959e-16
