Relative Intensity Antonio_0.08_0.5_lampadina	Position (m) Antonio_0.08_0.5_lampadina
0.0273132	0.0
0.0274353	0.0
0.0274353	0.0
0.0276031	0.0
0.0271301	0.0
0.0271149	0.0
0.0271759	0.0
0.0272675	0.0
0.0276794	0.0
0.0277405	0.0
0.0276031	0.0
0.0270996	0.0
0.027771	0.0
0.0275726	0.0
0.027359	-1.9725e-05
0.0276947	-1.9725e-05
0.0273438	-1.9725e-05
0.0272827	-1.9725e-05
0.0276337	-1.9725e-05
0.0275574	-1.9725e-05
0.0273132	-1.9725e-05
0.0272522	-1.9725e-05
0.0273895	-1.9725e-05
0.0268097	-3.945e-05
0.0273285	-3.945e-05
0.0276031	-3.945e-05
0.0274048	-3.945e-05
0.02742	-3.945e-05
0.0275421	-3.945e-05
0.0272827	-3.945e-05
0.0274353	-3.945e-05
0.0270996	-5.9175e-05
0.0273438	-9.8625e-05
0.0271149	-0.00108487
0.0270538	-0.00195277
0.0266418	-0.00272205
0.0270844	-0.00301792
0.0267944	-0.00368857
0.0270691	-0.00516795
0.0271149	-0.00595695
0.02742	-0.00643035
0.0271912	-0.00708127
0.0275726	-0.00785055
0.0273132	-0.00856065
0.0271759	-0.0095469
0.026947	-0.0101781
0.0271454	-0.01126298
0.0268707	-0.01181528
0.0267029	-0.0120717
0.0271759	-0.01211115
0.026947	-0.01211115
0.0265808	-0.01209143
0.026947	-0.01209143
0.0267181	-0.01209143
0.0268402	-0.01209143
0.0267029	-0.01209143
0.0267334	-0.01209143
0.0265808	-0.01209143
0.0268707	-0.01209143
0.0265656	-0.01209143
0.0265198	-0.01209143
0.0268707	-0.01219005
0.0268402	-0.01240702
0.0267181	-0.0133341
0.0271301	-0.0151488
0.0272217	-0.01576027
0.0273743	-0.01623367
0.0274048	-0.01700295
0.0269318	-0.0172002
0.0266113	-0.01794975
0.0267029	-0.01873875
0.0270844	-0.01931077
0.0267181	-0.020514
0.0272827	-0.02134245
0.0278168	-0.02219062
0.0278168	-0.02274292
0.0279236	-0.02363055
0.0273743	-0.02479432
0.0272369	-0.02591865
0.0270081	-0.02686545
0.0267487	-0.02755582
0.0270538	-0.0280884
0.0272217	-0.02826592
0.0268707	-0.0282462
0.027359	-0.0282462
0.0270996	-0.02822647
0.0269318	-0.02822647
0.0266724	-0.02822647
0.0271759	-0.02822647
0.0270233	-0.02822647
0.026886	-0.02822647
0.0270691	-0.02822647
0.0268402	-0.02822647
0.0269623	-0.0282462
0.026413	-0.02828565
0.0268402	-0.02836455
0.027359	-0.02899575
0.0283508	-0.02962695
0.0281525	-0.02988337
0.0286255	-0.03008062
0.0281525	-0.03086962
0.0279083	-0.03189532
0.0280457	-0.03252652
0.0280914	-0.0330591
0.0281677	-0.03349305
0.0275574	-0.03402562
0.0269318	-0.03459765
0.0269775	-0.03530775
0.0272675	-0.03609675
0.0279846	-0.03666877
0.029953	-0.03722107
0.0308228	-0.03775365
0.0313721	-0.03838485
0.0315247	-0.03907522
0.0309753	-0.03972615
0.0303345	-0.0403968
0.0294495	-0.04112662
0.0281677	-0.04185645
0.0270538	-0.0424482
0.0269775	-0.04294132
0.0270691	-0.04325692
0.027359	-0.04337527
0.0272522	-0.04337527
0.0269318	-0.04337527
0.0270538	-0.04333582
0.0270081	-0.0433161
0.0272064	-0.04325692
0.0270691	-0.04325692
0.026886	-0.04325692
0.02742	-0.04325692
0.0274048	-0.04325692
0.0267487	-0.04325692
0.0272522	-0.04325692
0.0269318	-0.04327665
0.0268402	-0.04329637
0.0270081	-0.04335555
0.0271149	-0.04337527
0.0271912	-0.04345417
0.0276184	-0.0437895
0.0288849	-0.04444042
0.0301056	-0.04483492
0.0306091	-0.044973
0.0316315	-0.0452097
0.0341644	-0.04562392
0.035553	-0.04593952
0.0381927	-0.04633402
0.0395508	-0.04674825
0.0391998	-0.04708357
0.0388489	-0.04730055
0.0373383	-0.0475767
0.0355835	-0.04793175
0.0337372	-0.0482868
0.0320129	-0.04864185
0.0306091	-0.04901662
0.0299377	-0.04933222
0.029068	-0.04958865
0.0282745	-0.0497859
0.0277252	-0.04998315
0.0278931	-0.05006205
0.0275116	-0.05020012
0.0272827	-0.050496
0.0271149	-0.05077215
0.0273743	-0.0510483
0.02771	-0.0512061
0.0288086	-0.0515217
0.0303802	-0.05181757
0.0334778	-0.0523107
0.0370026	-0.05284327
0.039093	-0.05319832
0.0402679	-0.05353365
0.0408936	-0.05375062
0.0406799	-0.05418457
0.0406036	-0.05442127
0.0401459	-0.05471715
0.0393677	-0.05511165
0.0387573	-0.05528917
0.0386047	-0.05542725
0.0377502	-0.05558505
0.0377808	-0.0556245
0.0374756	-0.0556245
0.0375671	-0.05556532
0.0374451	-0.05556532
0.037674	-0.05556532
0.0373535	-0.05556532
0.0373077	-0.05556532
0.0374908	-0.05556532
0.0371857	-0.05556532
0.0375061	-0.05556532
0.0380249	-0.05556532
0.0375061	-0.05556532
0.037323	-0.05556532
0.0377808	-0.05560477
0.0378723	-0.0556245
0.0372925	-0.05572312
0.0359344	-0.05623597
0.0345459	-0.05659102
0.0336151	-0.05684745
0.0319519	-0.05718277
0.0302582	-0.057597
0.0280609	-0.05818875
0.0272522	-0.05864242
0.0278015	-0.05911582
0.0292511	-0.05943142
0.0307465	-0.05974702
0.0328979	-0.06002317
0.0341797	-0.06022042
0.0365448	-0.06057547
0.0371094	-0.060753
0.0392761	-0.06112777
0.040863	-0.0614631
0.041748	-0.06164062
0.0418549	-0.06175897
0.0428467	-0.06195622
0.0431366	-0.06244935
0.0431366	-0.0628044
0.0427856	-0.0631989
0.0422974	-0.06345533
0.0410767	-0.06371175
0.040741	-0.06384983
0.0396881	-0.06408653
0.0379181	-0.06442185
0.0361938	-0.064698
0.0330658	-0.0651714
0.0302429	-0.06574343
0.0293732	-0.06590123
0.0297546	-0.06590123
0.0296631	-0.06590123
0.0291138	-0.0658815
0.0296478	-0.0658815
0.0293427	-0.0658815
0.0292511	-0.0658815
0.0295105	-0.0658815
0.0294342	-0.0658815
0.0291443	-0.0658815
0.0296173	-0.0658815
0.0290833	-0.0658815
0.0292206	-0.0658815
0.0293579	-0.06590123
0.0298462	-0.06590123
0.0296936	-0.06590123
0.0291748	-0.06594068
0.0293579	-0.0659604
0.0286407	-0.06605903
0.0279694	-0.06645353
0.0283051	-0.06696638
0.0285187	-0.06708473
0.0294189	-0.0672228
0.0307617	-0.06740033
0.031189	-0.0675384
0.0353699	-0.0679329
0.0387726	-0.06820905
0.0424042	-0.06850493
0.0448456	-0.06870218
0.0475769	-0.06889943
0.0487518	-0.06905723
0.0487366	-0.06907695
0.0503845	-0.06921503
0.0524902	-0.06953063
0.0535278	-0.0696687
0.0539703	-0.06968843
0.0540009	-0.06970815
0.0552673	-0.06994485
0.0553894	-0.07028018
0.0559235	-0.0706944
0.0542145	-0.07120725
0.0529938	-0.07138478
0.0531158	-0.0714045
0.0507812	-0.0716412
0.0487518	-0.0718779
0.0461578	-0.0721935
0.0414429	-0.07260773
0.036499	-0.07302195
0.0309448	-0.07367288
0.0301971	-0.0738504
0.0299835	-0.0738504
0.030014	-0.07390958
0.0290527	-0.07402793
0.0274811	-0.07430408
0.0271759	-0.07458023
0.0293121	-0.07507335
0.0349121	-0.07568483
0.0351257	-0.07578345
0.0354919	-0.07580318
0.0383911	-0.0760596
0.0440979	-0.07623713
0.0448608	-0.07625685
0.0463867	-0.07643438
0.0556335	-0.07671053
0.0588837	-0.07678943
0.0607147	-0.07686833
0.0717621	-0.07751925
0.0828857	-0.07775595
0.0827637	-0.07775595
0.0831299	-0.07775595
0.0825348	-0.07773623
0.0821075	-0.07773623
0.0823975	-0.07773623
0.0813141	-0.07773623
0.0816956	-0.07773623
0.0817108	-0.07773623
0.0815277	-0.07773623
0.0816498	-0.07773623
0.081131	-0.07773623
0.08078	-0.07773623
0.0812531	-0.07773623
0.0814056	-0.07773623
0.0814667	-0.07773623
0.081192	-0.07773623
0.0813599	-0.07773623
0.0816498	-0.07773623
0.0812531	-0.07773623
0.0811005	-0.07773623
0.0813904	-0.07773623
0.0816345	-0.07773623
0.0819397	-0.07775595
0.0812378	-0.07775595
0.0815735	-0.07775595
0.0816345	-0.07775595
0.0817108	-0.07775595
0.0817871	-0.07777568
0.0822296	-0.07777568
0.0913544	-0.07824908
0.0995789	-0.07907753
0.1005859	-0.07915643
0.1006317	-0.07915643
0.1004791	-0.07917615
0.0988312	-0.07939313
0.0929413	-0.07980735
0.0903931	-0.07990598
0.0860443	-0.08010323
0.069809	-0.08065553
0.0618439	-0.08089223
0.0562439	-0.08106975
0.050293	-0.08124728
0.0476227	-0.08132618
0.038269	-0.08170095
0.0314026	-0.08239133
0.0389404	-0.082845
0.0399323	-0.08286473
0.0408478	-0.08290418
0.050827	-0.08321978
0.0765839	-0.08373263
0.0908661	-0.08392988
0.0975342	-0.0840285
0.1114044	-0.0842652
0.1513367	-0.08487668
0.1630707	-0.08501475
0.1645813	-0.0850542
0.1725464	-0.085212
0.203598	-0.0859221
0.2183838	-0.08649413
0.22052	-0.08653358
0.2207031	-0.08667165
0.2189178	-0.08680973
0.2151184	-0.08692808
0.2108917	-0.08706615
0.1684265	-0.08767763
0.1179962	-0.0884469
0.115509	-0.08850608
0.1075745	-0.08862443
0.0987701	-0.08872305
0.0902252	-0.08878223
0.0374298	-0.08951205
0.041214	-0.09016298
0.0428925	-0.09020243
0.0461578	-0.09024188
0.0619659	-0.0904194
0.1361084	-0.09087308
0.1916656	-0.09114923
0.2959137	-0.0914451
0.7021484	-0.09233273
1.0452576	-0.09288503
1.0693359	-0.09290475
1.0829163	-0.09292448
1.0778809	-0.09292448
1.0633545	-0.09292448
1.0702057	-0.09290475
1.0774078	-0.09290475
1.0686188	-0.09290475
1.068634	-0.09290475
1.0697479	-0.09290475
1.0734711	-0.09290475
1.0682678	-0.09290475
1.0635681	-0.09290475
1.0726318	-0.09290475
1.0700531	-0.09290475
1.0748901	-0.09290475
1.0715942	-0.09290475
1.0690613	-0.09290475
1.0808258	-0.09290475
1.0859833	-0.09290475
1.0823975	-0.09290475
1.0774994	-0.09290475
1.0768738	-0.09292448
1.0802155	-0.09292448
1.1301727	-0.09298365
1.3785248	-0.09331898
1.5845642	-0.0935754
1.6436768	-0.0936543
1.7898865	-0.09387128
2.516983	-0.0944433
2.6895905	-0.0947589
2.7019806	-0.0947589
2.7621613	-0.09481808
2.7971649	-0.09487725
2.9114227	-0.0949956
2.9359589	-0.09501533
3.0526123	-0.09519285
3.8438568	-0.09584378
4.0467072	-0.09611993
4.0402985	-0.09611993
4.0869446	-0.0961791
4.1516876	-0.09627773
4.5965271	-0.09679058
4.8468933	-0.0975204
4.8902588	-0.0977571
4.9013824	-0.09787545
4.9020691	-0.09813188
4.7559204	-0.09858555
4.2050629	-0.09929565
3.8727264	-0.09976905
3.7237701	-0.0999663
3.5458832	-0.10016355
3.2899017	-0.10041998
2.9999237	-0.10073558
2.3911896	-0.10111035
2.3401031	-0.10118925
2.1929169	-0.1013076
1.9517975	-0.10152458
1.5430298	-0.10199798
0.96138	-0.10266863
0.6965942	-0.10298423
0.540329	-0.10326038
0.4144897	-0.10341818
0.3366547	-0.10357598
0.2265015	-0.10387185
0.1134033	-0.10432553
0.0530548	-0.1048581
0.0406342	-0.1050948
0.0374146	-0.1052526
0.0414734	-0.1055682
0.0467072	-0.10578518
0.047348	-0.1058049
0.0504913	-0.10584435
0.0633392	-0.1060416
0.0877075	-0.10645583
0.0979309	-0.10657418
0.1081238	-0.10671225
0.1306	-0.10704758
0.1316071	-0.10708703
0.1315155	-0.10708703
0.1316986	-0.10708703
0.131897	-0.10708703
0.1317902	-0.10708703
0.1309357	-0.10708703
0.1295929	-0.10708703
0.1314087	-0.10708703
0.1301422	-0.10708703
0.1298523	-0.10708703
0.1308594	-0.10708703
0.1302795	-0.10708703
0.1303711	-0.10708703
0.1302643	-0.10708703
0.1299896	-0.10708703
0.1299591	-0.10708703
0.1302795	-0.10708703
0.1298828	-0.10708703
0.1308899	-0.10712648
0.1509247	-0.10750125
0.1823578	-0.10807328
0.1942596	-0.10838888
0.2014618	-0.10876365
0.2038269	-0.10886228
0.2039795	-0.10900035
0.1958618	-0.10947375
0.1756134	-0.1100655
0.1545715	-0.1105389
0.1401825	-0.11079533
0.127121	-0.11103203
0.1134644	-0.11122928
0.0916901	-0.11162378
0.0572968	-0.1122747
0.0405426	-0.11261003
0.0339813	-0.112827
0.0306396	-0.11300453
0.0287628	-0.11318205
0.0306854	-0.1135371
0.0438843	-0.11412885
0.0541229	-0.1144839
0.0659027	-0.1148784
0.0722961	-0.11513483
0.0750732	-0.11517428
0.0819702	-0.11547015
0.0899811	-0.11631833
0.0883179	-0.11691008
0.0814209	-0.11750183
0.0708008	-0.11823165
0.0654907	-0.11862615
0.0600128	-0.11892203
0.0545959	-0.11917845
0.0461273	-0.1196124
0.0384979	-0.1200858
0.0352325	-0.1204014
0.0314178	-0.120717
0.0301056	-0.1208748
0.0292816	-0.12089453
0.0293274	-0.12089453
0.029068	-0.1208748
0.029129	-0.12085508
0.0292969	-0.12083535
0.0291595	-0.12083535
0.0290527	-0.12083535
0.0287476	-0.12083535
0.0289459	-0.12083535
0.0292206	-0.12083535
0.028717	-0.12083535
0.0291443	-0.12083535
0.0290833	-0.12083535
0.0290375	-0.12083535
0.029129	-0.12085508
0.0289917	-0.1208748
0.0289459	-0.12089453
0.0287476	-0.12093398
0.0300598	-0.12156518
0.0412445	-0.12255143
0.0432129	-0.12272895
0.0479431	-0.12290648
0.0535126	-0.12337988
0.0557556	-0.12407025
0.0562897	-0.124662
0.0584564	-0.12495788
0.0583344	-0.12541155
0.0580292	-0.12580605
0.0579529	-0.1259244
0.0570221	-0.12612165
0.0528717	-0.12685148
0.0471497	-0.12740378
0.0399933	-0.12787718
0.0321655	-0.1284492
0.0301819	-0.12866618
0.0301361	-0.12866618
0.0297089	-0.12870563
0.0288544	-0.12888315
0.0282898	-0.12904095
0.0281372	-0.1291593
0.0277252	-0.12927765
0.0280151	-0.12941573
0.0286407	-0.12973133
0.0294037	-0.12988913
0.0299225	-0.13000748
0.0307617	-0.13024418
0.0323792	-0.13048088
0.0325928	-0.1305795
0.0332336	-0.1306584
0.0341187	-0.13087538
0.0356598	-0.1311318
0.0372772	-0.1312896
0.0389404	-0.1315263
0.0424957	-0.13188135
0.0456085	-0.13209833
0.0457153	-0.13211805
0.045639	-0.13211805
0.0454865	-0.1320786
0.0452576	-0.1320786
0.0454712	-0.1320786
0.0450439	-0.1320786
0.0448456	-0.1320786
0.0445862	-0.1320786
0.0446167	-0.1320786
0.0451355	-0.1320786
0.0446472	-0.1320786
0.0449219	-0.1320786
0.0447845	-0.1320786
0.0448608	-0.1320786
0.0449371	-0.13211805
0.044693	-0.13211805
0.0444336	-0.13213778
0.0444946	-0.1321575
0.0451508	-0.13229558
0.0521393	-0.13322265
0.0486603	-0.13411028
0.0476074	-0.1342089
0.0469513	-0.1342878
0.0432587	-0.13450478
0.035965	-0.13505708
0.0315094	-0.1355502
0.0312805	-0.13558965
0.0309296	-0.135708
0.0275726	-0.13645755
0.0265961	-0.1371282
0.0273438	-0.1373649
0.0279541	-0.13756215
0.0285034	-0.13773968
0.0298462	-0.138075
0.0323181	-0.13841033
0.0343323	-0.13874565
0.0355225	-0.13890345
0.0355225	-0.13890345
0.0359344	-0.13898235
0.037323	-0.13927823
0.0371094	-0.13943603
0.0386047	-0.13967273
0.0376434	-0.13992915
0.0380096	-0.1402053
0.0373077	-0.14048145
0.037262	-0.1407576
0.0370941	-0.14103375
0.0375671	-0.141231
0.0374756	-0.14132963
0.0373993	-0.14172413
0.0372772	-0.14184248
0.0372772	-0.14184248
0.0371399	-0.14184248
0.0371399	-0.14182275
0.0375824	-0.14182275
0.036911	-0.14182275
0.0372009	-0.14182275
0.036911	-0.14182275
0.0365753	-0.14182275
0.0365601	-0.14182275
0.0368347	-0.14182275
0.036972	-0.14182275
0.0368042	-0.14182275
0.0369415	-0.14182275
0.036911	-0.14182275
0.0370026	-0.14182275
0.036438	-0.1418622
0.0371246	-0.1418622
0.0374908	-0.14192138
0.0368958	-0.14219753
0.0357361	-0.14271038
0.0348206	-0.1429668
0.0348206	-0.14302598
0.0338745	-0.1432035
0.0318604	-0.143598
0.0287323	-0.14403195
0.0280609	-0.14432783
0.0275574	-0.14474205
0.0269318	-0.14523518
0.0271759	-0.14535353
0.0275421	-0.14545215
0.0288696	-0.14598473
0.0300293	-0.14632005
0.0309601	-0.14649758
0.0320587	-0.14673428
0.033844	-0.14701043
0.0348816	-0.14724713
0.0364227	-0.14750355
0.0359497	-0.14789805
0.0363007	-0.1481742
0.035553	-0.148332
0.0349579	-0.14862788
0.0346527	-0.1486476
0.0343933	-0.14874623
0.0337982	-0.149121
0.0337982	-0.14923935
0.0338135	-0.14945633
0.0336609	-0.14985083
0.0332794	-0.14987055
0.0339203	-0.14987055
0.0341797	-0.14987055
0.0341339	-0.14987055
0.0346375	-0.14987055
0.0344238	-0.14987055
0.03479	-0.14987055
0.0348663	-0.14987055
0.0346985	-0.14987055
0.0344543	-0.14987055
0.0348358	-0.14987055
0.03479	-0.14987055
0.0348206	-0.14987055
0.0348206	-0.14987055
0.0348969	-0.14987055
0.0348969	-0.14987055
0.0350647	-0.14987055
0.0347137	-0.14987055
0.0349884	-0.14987055
0.0348969	-0.14987055
0.0344543	-0.14987055
0.0342255	-0.14987055
0.0344086	-0.14989028
0.0344391	-0.14992973
0.0345154	-0.14994945
0.0342407	-0.15032423
0.0338745	-0.15042285
0.0342712	-0.15044258
0.0339661	-0.1506201
0.0314178	-0.15127103
0.0285187	-0.15213893
0.0283051	-0.15247425
0.0278015	-0.15253343
0.027298	-0.15271095
0.027771	-0.1533027
0.0310669	-0.15430868
0.0330811	-0.15505823
0.0331116	-0.15517658
0.0325165	-0.15537383
0.0319977	-0.15580778
0.0319977	-0.15687293
0.032196	-0.15770138
0.0302887	-0.1584312
0.0290833	-0.15872708
0.0280609	-0.15896378
0.0270996	-0.15965415
0.0265045	-0.16002893
0.0258484	-0.16004865
0.026474	-0.16002893
0.0262146	-0.16002893
0.0263367	-0.1600092
0.0261993	-0.1600092
0.0261841	-0.1600092
0.0260773	-0.1600092
0.0260773	-0.1600092
0.0261078	-0.1600092
0.0262604	-0.1600092
0.0263367	-0.16012755
0.0260315	-0.16034453
0.0267944	-0.16138995
0.0282288	-0.16241565
0.0296326	-0.16302712
0.0314331	-0.16367805
0.0325012	-0.16399365
0.0309448	-0.16511797
0.0289154	-0.16598588
0.0279083	-0.16712993
0.0269318	-0.16762305
0.0269775	-0.16833315
0.0275574	-0.16912215
0.0287933	-0.16959555
0.0292206	-0.16973363
0.0290375	-0.16973363
0.0294342	-0.1697139
0.02948	-0.1697139
0.0290985	-0.16969418
0.0291138	-0.16969418
0.0294189	-0.16969418
0.0292358	-0.16969418
0.0292969	-0.16967445
0.0291443	-0.1697139
0.0290222	-0.17000978
0.0298767	-0.17030565
0.0299835	-0.17131163
0.0305481	-0.17235705
0.0308685	-0.17340248
0.0283966	-0.1741323
0.0272369	-0.17488185
0.0270233	-0.17576947
0.0266113	-0.1766571
0.0267334	-0.1769727
0.0274048	-0.17734747
0.0279541	-0.17795895
0.0290222	-0.17882685
0.0289154	-0.17928052
0.0288696	-0.17939887
0.0289459	-0.1797342
0.0291901	-0.17979337
0.0288391	-0.17979337
0.029129	-0.17979337
0.0289917	-0.17977365
0.0290833	-0.17977365
0.0290527	-0.1797342
0.030014	-0.1794975
0.0287628	-0.1791819
0.0289459	-0.17853097
0.0289917	-0.1778406
0.029068	-0.17762362
0.0274811	-0.17675572
0.0267029	-0.17600617
0.0264282	-0.17545387
0.0266724	-0.17490157
0.0271149	-0.17446762
0.0284882	-0.17363917
0.0298157	-0.17298825
0.0311432	-0.17253457
0.0311432	-0.17204145
0.0305634	-0.17148915
0.0296021	-0.17115382
0.0295715	-0.17085795
0.0296021	-0.1707396
0.0293579	-0.1707396
0.029892	-0.17075932
0.0296326	-0.17075932
0.0298309	-0.17075932
0.0293274	-0.17075932
0.0301208	-0.17075932
0.0296478	-0.17075932
0.0295563	-0.17075932
0.02948	-0.1707396
0.0293274	-0.1707396
0.0295105	-0.17070015
0.0296021	-0.17044372
0.0293884	-0.16969417
0.0272827	-0.168846
0.0264893	-0.16809645
0.0269318	-0.1671891
0.0281982	-0.1659267
0.0291901	-0.16511797
0.0303497	-0.16470375
0.0328827	-0.1635597
0.0307312	-0.16296795
0.02948	-0.16247482
0.0289154	-0.16227757
0.0283051	-0.16184362
0.027832	-0.16121242
0.0280762	-0.16113352
0.0275726	-0.16109407
0.0276642	-0.16109407
0.0278015	-0.1611138
0.0274811	-0.16115325
0.0275116	-0.16115325
0.0278015	-0.16115325
0.0279694	-0.16115325
0.0279694	-0.16115325
0.0276489	-0.16115325
0.0273132	-0.16115325
0.02771	-0.16115325
0.0275116	-0.16107435
0.02742	-0.16093627
0.0269012	-0.1604037
0.0266113	-0.15943717
0.0288849	-0.15817477
0.0303192	-0.15768165
0.0321655	-0.15720825
0.0321808	-0.15659677
0.0317535	-0.15584722
0.0319672	-0.15505822
0.0316315	-0.15411142
0.0296173	-0.1536183
0.0283356	-0.1533027
0.0264893	-0.15277012
0.0261841	-0.15245452
0.0263367	-0.15241507
0.0261841	-0.15241507
0.0265503	-0.15241507
0.0263367	-0.1524348
0.0263062	-0.15249397
0.0262146	-0.15249397
0.0262299	-0.15249397
0.0263977	-0.15249397
0.0264893	-0.15249397
0.0262604	-0.15249397
0.0261841	-0.15249397
0.026062	-0.15249397
0.026123	-0.15239535
0.0261841	-0.15215865
0.0270691	-0.151488
0.0287018	-0.15095542
0.0308838	-0.1499889
0.0330505	-0.14921962
0.0328674	-0.14839117
0.0342712	-0.14766135
0.0361328	-0.14693152
0.033432	-0.14624115
0.0291595	-0.14559022
0.0268402	-0.14505765
0.0264587	-0.14484067
0.0264282	-0.14440672
0.0275269	-0.14401222
0.0281372	-0.1437558
0.0302277	-0.14342047
0.0312347	-0.14330212
0.0311584	-0.14330212
0.0310364	-0.14330212
0.0325317	-0.14338102
0.0331268	-0.14338102
0.0326233	-0.14338102
0.0325928	-0.14338102
0.0325928	-0.14338102
0.03302	-0.14338102
0.0325012	-0.14338102
0.0324707	-0.14338102
0.0324707	-0.14338102
0.0328064	-0.14338102
0.0327148	-0.1433613
0.0327759	-0.1433613
0.0330048	-0.1433613
0.0352936	-0.14284845
0.036499	-0.1423356
0.0368195	-0.14180302
0.0365601	-0.1414677
0.0368195	-0.14127045
0.0367432	-0.1407576
0.0372314	-0.1403631
0.0372925	-0.14000805
0.0370026	-0.13967272
0.0368347	-0.13929795
0.0354156	-0.1390218
0.0329285	-0.13858785
0.0300903	-0.13821307
0.0279236	-0.1378383
0.0265503	-0.13738462
0.0266266	-0.13693095
0.0269775	-0.13659562
0.0270996	-0.13643782
0.027771	-0.13616167
0.0287781	-0.13568827
0.0347748	-0.13501762
0.0381775	-0.13480065
0.0428467	-0.13456395
0.0459137	-0.13432725
0.0480042	-0.13416945
0.0506744	-0.13391302
0.0524597	-0.13367632
0.0528107	-0.13345935
0.0535126	-0.13345935
0.0529938	-0.13345935
0.0535736	-0.13347907
0.0531158	-0.13353825
0.0534821	-0.13353825
0.0536041	-0.13353825
0.0531921	-0.13353825
0.053421	-0.13353825
0.0530701	-0.13353825
0.0535736	-0.13353825
0.0529175	-0.13353825
0.0533752	-0.13353825
0.0535889	-0.13353825
0.0530548	-0.13353825
0.0533752	-0.13353825
0.0531464	-0.13351852
0.0535889	-0.13347907
0.0529785	-0.13347907
0.0536346	-0.13347907
0.0529022	-0.1332621
0.0494537	-0.13274925
0.0456238	-0.13227585
0.0413055	-0.13188135
0.036972	-0.13138822
0.0337524	-0.13095427
0.0313263	-0.1305795
0.0293579	-0.13024417
0.0278778	-0.12990885
0.0268707	-0.1295538
0.02742	-0.12925792
0.0283661	-0.12894232
0.0310211	-0.12864645
0.0345764	-0.1283703
0.0394287	-0.1280547
0.0445404	-0.12775882
0.0482788	-0.12752212
0.053299	-0.12706845
0.0541687	-0.1269501
0.0540771	-0.12693037
0.0546265	-0.1267923
0.0553589	-0.12665422
0.056778	-0.1263978
0.0574646	-0.12614137
0.0591278	-0.12572715
0.0600281	-0.12535237
0.0597687	-0.12499732
0.05896	-0.1248198
0.0583649	-0.12452392
0.0583496	-0.12446475
0.0569916	-0.12428722
0.0567169	-0.12414915
0.0552673	-0.12393217
0.0541229	-0.12373492
0.0531311	-0.12349822
0.0503235	-0.123084
0.0478516	-0.12282757
0.0463562	-0.12274867
0.0466003	-0.12272895
0.0441895	-0.1227684
0.0415497	-0.1228473
0.0427551	-0.1228473
0.043335	-0.1228473
0.0431519	-0.1228473
0.0428925	-0.1228473
0.0431671	-0.1228473
0.043396	-0.1228473
0.043335	-0.1228473
0.0435944	-0.1228473
0.0434875	-0.1228473
0.0431824	-0.1228473
0.0434265	-0.12280785
0.0434875	-0.12280785
0.0435486	-0.12280785
0.0438385	-0.12280785
0.0440826	-0.12280785
0.0441589	-0.12280785
0.0437012	-0.12280785
0.0431213	-0.12280785
0.0436554	-0.12280785
0.0434418	-0.1228473
0.0433197	-0.1228473
0.0435181	-0.1228473
0.0436707	-0.12282757
0.043808	-0.12280785
0.0437927	-0.12280785
0.0437317	-0.12280785
0.0432739	-0.12280785
0.0437469	-0.12280785
0.0437622	-0.12280785
0.0429382	-0.12266977
0.0364685	-0.12223582
0.0322113	-0.12199912
0.0294037	-0.1217427
0.0280151	-0.12146655
0.0278015	-0.1212693
0.0289917	-0.12099315
0.0301056	-0.12077617
0.0340881	-0.12044085
0.0387878	-0.1201647
0.0456848	-0.1198491
0.0500641	-0.1196124
0.0545959	-0.11941515
0.0586548	-0.11915872
0.0650635	-0.11884312
0.0679932	-0.11864587
0.0727234	-0.11836972
0.0767212	-0.11809357
0.0810089	-0.11777797
0.0839386	-0.11746237
0.0858154	-0.11718622
0.0866089	-0.11694952
0.0879822	-0.11671282
0.0877838	-0.11663392
0.087616	-0.11633805
0.0834198	-0.1159041
0.075943	-0.11552932
0.0703278	-0.1152729
0.0640869	-0.11505592
0.0578918	-0.11483895
0.0522919	-0.1146417
0.0484924	-0.11452335
0.0419312	-0.11428665
0.0401306	-0.11422747
0.0390167	-0.11410912
0.0387268	-0.11404995
0.0381775	-0.11381325
0.0339508	-0.1135371
0.0318146	-0.11326095
0.0281525	-0.11302425
0.0276794	-0.112827
0.0287781	-0.11270865
0.0300903	-0.1125903
0.0360718	-0.11229442
0.0440521	-0.11213662
0.0519257	-0.1119591
0.0699768	-0.11168295
0.0894012	-0.11154487
0.0927582	-0.11150542
0.1057281	-0.11128845
0.1194305	-0.11118982
0.1235504	-0.11107147
0.1298828	-0.11103202
0.1371155	-0.1109334
0.1387329	-0.11087422
0.1480255	-0.11071642
0.1501617	-0.11065725
0.1524963	-0.11057835
0.154892	-0.11051917
0.1575623	-0.1103811
0.1597595	-0.11028247
0.1627045	-0.11016412
0.1631775	-0.11012467
0.1691132	-0.10994715
0.1701965	-0.10992742
0.1707001	-0.1099077
0.1705475	-0.1099077
0.1835022	-0.11002605
0.1848602	-0.11002605
0.1834106	-0.11002605
0.182785	-0.11002605
0.1831665	-0.11002605
0.1828308	-0.11002605
0.1828156	-0.11002605
0.1831818	-0.11002605
0.1831055	-0.11002605
0.1833496	-0.11002605
0.1829681	-0.11002605
0.1833496	-0.11002605
0.1832733	-0.11002605
0.18367	-0.11002605
0.1839294	-0.11002605
0.1839447	-0.11002605
0.1843567	-0.11000632
0.1835938	-0.11000632
0.1845398	-0.11000632
0.1846924	-0.10994715
0.190033	-0.10969072
0.194931	-0.10945402
0.1980896	-0.10923705
0.1980286	-0.1091187
0.1962891	-0.108882
0.1902008	-0.10860585
0.1855927	-0.10846777
0.1811218	-0.10836915
0.1773224	-0.10827052
0.1752472	-0.10823107
0.1672058	-0.1080141
0.1557922	-0.1077774
0.1493073	-0.1076985
0.1481934	-0.10763932
0.1465454	-0.10756042
0.1471558	-0.10740262
0.1472778	-0.10728427
0.1462097	-0.10718565
0.1402435	-0.1070673
0.1287537	-0.10694895
0.1125946	-0.10671225
0.1007385	-0.106515
0.0848999	-0.10631775
0.0736084	-0.10610077
0.0678406	-0.10602187
0.0628662	-0.10592325
0.0514832	-0.10570627
0.044342	-0.10554847
0.0392151	-0.1051737
0.0398712	-0.1050948
0.0413208	-0.1050948
0.0456238	-0.10491727
0.0647278	-0.10473975
0.0883789	-0.10458195
0.1146698	-0.10448332
0.1484833	-0.1043058
0.184433	-0.10410855
0.2210236	-0.10397047
0.2743073	-0.10377322
0.3156281	-0.10361542
0.3932953	-0.10339845
0.5438995	-0.1031223
0.6761017	-0.10294477
0.8371124	-0.1027278
1.0093689	-0.10255027
1.0832367	-0.10251082
1.1238708	-0.10245165
1.2515106	-0.10235302
1.2927704	-0.1022544
1.2984009	-0.1022544
1.3207245	-0.10223467
1.3256073	-0.10223467
1.3510895	-0.10219522
1.4759674	-0.10203742
1.5946503	-0.1018599
1.7878723	-0.10164292
1.9859314	-0.10152457
2.1568298	-0.10134705
2.3331146	-0.10118925
2.5278015	-0.100992
2.6750946	-0.10087365
2.7277985	-0.1007553
2.7532349	-0.10065667
2.774231	-0.10057777
2.7945557	-0.1005186
2.8265076	-0.1004397
2.959671	-0.1002819
3.1582031	-0.10010437
3.3752899	-0.09992685
3.672226	-0.09967042
3.8686371	-0.09959152
4.1018829	-0.09937455
4.128006	-0.09935482
4.2728577	-0.0991773
4.4350739	-0.09903922
4.5719147	-0.09890115
4.5843964	-0.0988617
4.5954895	-0.09882225
4.6051483	-0.09872362
4.6320343	-0.09864472
4.6647491	-0.0985461
4.7053375	-0.09850665
4.776062	-0.09834885
4.7959137	-0.09828967
4.818573	-0.09821077
4.8316345	-0.0981516
4.8476715	-0.0979149
4.8438416	-0.09785572
4.8296814	-0.09777682
4.8357849	-0.09771765
4.8432617	-0.09763875
4.8361053	-0.09763875
4.835144	-0.09754012
4.861084	-0.09746122
4.870575	-0.09738232
4.8720093	-0.0972837
4.8773041	-0.09726397
4.8790741	-0.09716535
4.8945312	-0.0971259
4.8913422	-0.0971259
4.8566589	-0.09700755
4.8556976	-0.09700755
4.8443756	-0.09700755
4.5791779	-0.09710617
4.5002136	-0.09710617
4.5087738	-0.09710617
4.5370331	-0.09710617
4.5473785	-0.09710617
4.5311279	-0.09710617
4.5233002	-0.09710617
4.5523376	-0.09710617
4.5310669	-0.09710617
4.5545044	-0.09710617
4.5740662	-0.09710617
4.5535278	-0.09710617
4.5531158	-0.09708645
4.5896606	-0.09708645
4.5915222	-0.09708645
4.5750275	-0.09708645
4.5717468	-0.09708645
4.5925598	-0.09700755
4.605484	-0.09679057
4.5301361	-0.09647497
4.0733643	-0.0959424
3.5597229	-0.0955479
3.2342224	-0.09535065
3.1165466	-0.0951534
2.642868	-0.09481807
2.3983154	-0.0945222
2.1168365	-0.0942066
1.9312439	-0.09402907
1.8091431	-0.093891
1.7232056	-0.0938121
1.6265106	-0.09361485
1.4014282	-0.09351622
1.1677856	-0.09320062
1.0324097	-0.0930231
1.0013733	-0.09298365
0.906662	-0.09280612
0.7547607	-0.09258915
0.711441	-0.09252997
0.6653595	-0.09241162
0.5957031	-0.09229327
0.5259705	-0.09213547
0.4263	-0.09197767
0.3385925	-0.09178042
0.2354736	-0.09146482
0.1909637	-0.09130702
0.1322174	-0.09109005
0.1112061	-0.09095197
0.102066	-0.0908928
0.0854645	-0.090735
0.0739746	-0.09059692
0.0614166	-0.09045885
0.0431213	-0.09024187
0.0321045	-0.09000517
0.0359955	-0.0897093
0.045639	-0.0895515
0.0522919	-0.08945287
0.0569	-0.08941342
0.0675201	-0.08927535
0.0741272	-0.08919645
0.0860443	-0.08905837
0.0947113	-0.08895975
0.0986786	-0.0889203
0.1186218	-0.0886836
0.1303406	-0.0885258
0.1432648	-0.08838772
0.1568909	-0.0882102
0.1680603	-0.08807212
0.179245	-0.08791432
0.1931	-0.08769735
0.2020111	-0.08755927
0.2057953	-0.0875001
0.2114105	-0.08736202
0.2141876	-0.08730285
0.2172089	-0.0871845
0.2216339	-0.08704642
0.2254333	-0.08680972
0.2246552	-0.0865533
0.2196503	-0.08641522
0.2169647	-0.08633632
0.2162933	-0.08633632
0.2130585	-0.08627715
0.2124023	-0.08625742
0.2103271	-0.08619825
0.2097473	-0.08617852
0.2081299	-0.08613907
0.2069092	-0.08609962
0.203064	-0.08596155
0.2009277	-0.0859221
0.1951447	-0.0857643
0.1934967	-0.08574457
0.1837769	-0.0855276
0.1771698	-0.08542897
0.1591949	-0.08511337
0.1437988	-0.0848964
0.1364136	-0.0848175
0.1321259	-0.08471887
0.1207123	-0.0845808
0.1159363	-0.08444272
0.1029968	-0.08432437
0.1031342	-0.08428492
0.0922546	-0.08416657
0.0844879	-0.08392987
0.0690308	-0.0837918
0.0656738	-0.08365372
0.052536	-0.08349592
0.0517731	-0.08349592
0.052002	-0.08349592
0.0520172	-0.08349592
0.0517883	-0.08349592
0.0520172	-0.08349592
0.0516968	-0.08349592
0.0511627	-0.08349592
0.0506744	-0.08349592
0.0511932	-0.08349592
0.0513306	-0.08349592
0.0508728	-0.08349592
0.0512695	-0.08349592
0.0512543	-0.08349592
0.0509033	-0.08349592
0.0510559	-0.08349592
0.0510101	-0.08349592
0.0515137	-0.08349592
0.0516968	-0.08349592
0.0522308	-0.08349592
0.0517426	-0.08349592
0.0458069	-0.0831606
0.0350952	-0.08290417
0.0302887	-0.08254912
0.0303802	-0.08233215
0.030838	-0.08223352
0.0328674	-0.08199682
0.039566	-0.08168122
0.0470123	-0.0814248
0.0542297	-0.08124727
0.0587921	-0.08101057
0.0603943	-0.08083305
0.0621948	-0.08059635
0.063446	-0.08057662
0.0641327	-0.08051745
0.0704193	-0.0802413
0.0844727	-0.079689
0.093399	-0.07933395
0.0944977	-0.0790578
0.0897369	-0.0786633
0.0863037	-0.07854495
0.0851746	-0.07846605
0.0845947	-0.0784266
0.084549	-0.07832797
0.0849152	-0.07828852
0.0856628	-0.07820962
0.0860138	-0.078111
0.086792	-0.0780321
0.0870361	-0.07799265
0.0877686	-0.07799265
0.0874481	-0.07799265
0.0875549	-0.07797292
0.0871582	-0.07797292
0.0869751	-0.07797292
0.0866699	-0.0779532
0.0868225	-0.07793347
0.0863953	-0.07791375
0.0855103	-0.07789402
0.0847473	-0.07785457
0.082489	-0.07775595
0.0813599	-0.0777165
0.0809784	-0.07767705
0.0795746	-0.07761787
0.0777588	-0.07749952
0.0693665	-0.07712475
0.0654907	-0.07698667
0.0629883	-0.0768486
0.0515442	-0.07631602
0.0381165	-0.07572427
0.0322113	-0.0753495
0.0296783	-0.07509307
0.02948	-0.0750339
0.02771	-0.07483665
0.0272675	-0.07459995
0.0266571	-0.07434352
0.0271759	-0.07406737
0.0293274	-0.07375177
0.0309296	-0.07349535
0.0339203	-0.07327837
0.037262	-0.07300222
0.0387726	-0.07286415
0.0403748	-0.07272607
0.0416412	-0.07262745
0.0422974	-0.07254855
0.0432892	-0.07244992
0.0447388	-0.07237102
0.0453186	-0.07229212
0.0456238	-0.07225267
0.04599	-0.07217377
0.046875	-0.0721146
0.0471649	-0.0720357
0.0500183	-0.07181872
0.0514679	-0.0715623
0.0523987	-0.07138477
0.0519867	-0.07128615
0.0530243	-0.0712467
0.0523987	-0.07122697
0.0528107	-0.07122697
0.052475	-0.07122697
0.0524445	-0.07122697
0.0522308	-0.07122697
0.0523071	-0.07122697
0.05159	-0.07122697
0.0517578	-0.07122697
0.052002	-0.07122697
0.0517273	-0.07122697
0.0513611	-0.07122697
0.0514374	-0.07122697
0.0522766	-0.07122697
0.0522766	-0.07122697
0.0525665	-0.07122697
0.0517426	-0.07122697
0.0522308	-0.07122697
0.0520935	-0.07122697
0.0518341	-0.07122697
0.052063	-0.07122697
0.0523987	-0.07114807
0.0536957	-0.07073385
0.0544739	-0.0704577
0.0514069	-0.06992512
0.0480347	-0.06955035
0.0461273	-0.06931365
0.0431671	-0.06913612
0.0418854	-0.06884025
0.0373535	-0.06850492
0.0345612	-0.0682485
0.0326233	-0.06813015
0.0324249	-0.0680907
0.0301971	-0.0677751
0.0297089	-0.0676962
0.0293274	-0.06767647
0.0290222	-0.0674595
0.0281677	-0.06732142
0.0280457	-0.06728197
0.0269928	-0.0669072
0.0275574	-0.06665077
0.0277863	-0.0665127
0.0279236	-0.06641407
0.0282288	-0.0663549
0.0285645	-0.06623655
0.0287781	-0.06609847
0.02948	-0.06598012
0.0300598	-0.0658026
0.0308228	-0.06566452
0.0309296	-0.06560535
0.0314941	-0.06542782
0.0321045	-0.06530947
0.0325012	-0.06523057
0.0323792	-0.06519112
0.0331573	-0.0650136
0.0331421	-0.0649347
0.0337067	-0.06491497
0.0341644	-0.06473745
0.0349121	-0.0646191
0.0353088	-0.0644613
0.0355072	-0.06434295
0.0361176	-0.0641457
0.0366364	-0.06408652
0.0365601	-0.0639879
0.0366211	-0.06381037
0.0369263	-0.06377092
0.0362091	-0.06369202
0.0374908	-0.06341587
0.0377197	-0.06339615
0.0375366	-0.06323835
0.0380707	-0.06321862
0.0375671	-0.06321862
0.0380096	-0.06321862
0.0379181	-0.06321862
0.0378418	-0.06321862
0.0375519	-0.06321862
0.0373535	-0.06325807
0.0376434	-0.06325807
0.0374603	-0.06325807
0.0374298	-0.06325807
0.0373077	-0.06325807
0.037674	-0.06325807
0.0375061	-0.06325807
0.0376434	-0.06325807
0.0374756	-0.06325807
0.0377197	-0.06325807
0.0370178	-0.06325807
0.0372772	-0.06323835
0.0372925	-0.06321862
0.0372925	-0.06321862
0.0371704	-0.06321862
0.0374908	-0.06321862
0.0376129	-0.06321862
0.0378571	-0.06321862
0.0375519	-0.06290302
0.0379944	-0.06250852
0.0376129	-0.06215347
0.0371857	-0.06195622
0.0367737	-0.06187732
0.0363617	-0.06171952
0.0356903	-0.06144337
0.0353241	-0.0613842
0.0340881	-0.06102915
0.0328674	-0.060753
0.0316772	-0.06047685
0.03125	-0.06047685
0.0309296	-0.06037822
0.0304108	-0.06022042
0.0297699	-0.0601218
0.0286407	-0.05984565
0.0278625	-0.0596484
0.0274353	-0.05937225
0.0270081	-0.0590172
0.0270996	-0.0588594
0.0272827	-0.05874105
0.0276642	-0.0584649
0.027832	-0.0583071
0.028595	-0.0580704
0.0290222	-0.05777452
0.0290222	-0.05769562
0.0298767	-0.05747865
0.0299072	-0.05738002
0.0296783	-0.05732085
0.0300903	-0.05716305
0.0310516	-0.05690662
0.0315552	-0.05676855
0.0323181	-0.05659102
0.0328522	-0.05627542
0.0328674	-0.05615707
0.0329895	-0.05615707
0.0331726	-0.05605845
0.033432	-0.05597955
0.033844	-0.0558612
0.0336761	-0.05574285
0.0339355	-0.05560477
0.0344238	-0.0554667
0.0348511	-0.05536807
0.0351257	-0.05511165
0.0354156	-0.05485522
0.0360718	-0.05457907
0.0363617	-0.05440155
0.0360413	-0.05414512
0.0361023	-0.0539676
0.0354462	-0.05379007
0.0346527	-0.05345475
0.0335999	-0.05315887
0.0326996	-0.0529419
0.0321655	-0.05288272
0.0322113	-0.05288272
0.032074	-0.05288272
0.0317841	-0.05288272
0.0322876	-0.05288272
0.032486	-0.05290245
0.0318451	-0.0529419
0.032196	-0.0529419
0.0317993	-0.0529419
0.031723	-0.0529419
0.0318909	-0.0529419
0.0323181	-0.0529419
0.0319366	-0.0529419
0.0322418	-0.0529419
0.032547	-0.0529419
0.0322723	-0.0529419
0.0319061	-0.05288272
0.0320587	-0.05288272
0.0319366	-0.05288272
0.0319214	-0.05288272
0.0318604	-0.05288272
0.0298157	-0.0525474
0.0284882	-0.05205427
0.0280914	-0.05181757
0.0272369	-0.0514428
0.0270538	-0.05110747
0.0268097	-0.0507327
0.0275421	-0.0503382
0.0273743	-0.05000287
0.0278931	-0.0495492
0.028717	-0.04903635
0.0299835	-0.04874047
0.0298462	-0.04864185
0.0306396	-0.0483657
0.0314941	-0.04810927
0.0317078	-0.04795147
0.0325165	-0.04767532
0.0328369	-0.04745835
0.0326996	-0.04722165
0.0328522	-0.04690605
0.0312347	-0.04649182
0.0298157	-0.04621567
0.0293579	-0.04603815
0.0288239	-0.04580145
0.0286255	-0.04554502
0.0282593	-0.04530832
0.0278473	-0.04507162
0.0270081	-0.04487437
0.0272675	-0.04471657
0.0271912	-0.0446574
0.0272064	-0.04440097
0.0271759	-0.0441051
0.0268555	-0.0440262
0.0270996	-0.04367115
0.0267792	-0.04343445
0.0267639	-0.04321747
0.0266266	-0.04313857
0.0261688	-0.0431583
0.0264435	-0.04317802
0.0265503	-0.04321747
0.0265045	-0.04321747
0.0269928	-0.04321747
0.0265656	-0.04321747
0.0270844	-0.04321747
0.0261383	-0.04321747
0.026535	-0.04321747
0.0264893	-0.04321747
0.0268402	-0.04321747
0.0263672	-0.04321747
0.0270538	-0.04317802
0.0270844	-0.04317802
0.0268402	-0.0431583
0.026947	-0.0431583
0.0265808	-0.0431583
0.0270233	-0.04305967
0.0270233	-0.04262572
0.0270538	-0.04223122
0.0275269	-0.04179727
0.0273285	-0.04144222
0.0276489	-0.04100827
0.0281219	-0.04067295
0.028244	-0.04033762
0.0282898	-0.03988395
0.0285797	-0.0396078
0.0283508	-0.03939082
0.0287628	-0.0392133
0.0286255	-0.0390555
0.0287628	-0.03879907
0.0288849	-0.03852292
0.028717	-0.0382665
0.0279846	-0.03801007
0.0278778	-0.0377142
0.0274811	-0.0373986
0.027298	-0.03718162
0.0271912	-0.03694492
0.0264435	-0.03678712
0.0267029	-0.03655042
0.0263824	-0.03651097
0.0266266	-0.03639262
0.0263977	-0.03631372
0.0267029	-0.03603757
0.0266113	-0.03603757
0.026413	-0.0358995
0.0265503	-0.03576142
0.0266113	-0.035505
0.0267181	-0.03528802
0.0264893	-0.03528802
0.0263214	-0.0351894
0.0264587	-0.03509077
0.0263977	-0.03491325
0.0264282	-0.03483435
0.0264435	-0.03483435
0.0265503	-0.0348738
0.0269318	-0.0349527
0.0269318	-0.0349527
0.0269012	-0.0349527
0.026474	-0.0349527
0.0267487	-0.0349527
0.0267181	-0.0349527
0.0269623	-0.0349527
0.0264435	-0.0349527
0.0267029	-0.0349527
0.0263672	-0.03493297
0.0265045	-0.03491325
0.0267334	-0.03491325
0.0266418	-0.03491325
0.0266571	-0.03491325
0.026413	-0.03491325
0.0264282	-0.0347949
0.0269623	-0.03451875
0.0270386	-0.03410452
0.0270844	-0.03374947
0.0271454	-0.03335497
0.0270233	-0.0329013
0.0272522	-0.0325857
0.0274353	-0.03238845
0.0273132	-0.03201367
0.0274963	-0.03165862
0.0273285	-0.03146137
0.0275421	-0.03114577
0.0273438	-0.0306921
0.0279846	-0.03039622
0.0276794	-0.03002145
0.0272217	-0.0296664
0.0272064	-0.02948887
0.0276031	-0.02909437
0.026947	-0.02877877
0.0271454	-0.02873932
0.0270538	-0.0286407
0.0270386	-0.0284829
0.0268707	-0.02822647
0.0263824	-0.02795032
0.0266418	-0.02755582
0.0265808	-0.02720077
0.0264435	-0.02692462
0.0267487	-0.02672737
0.0263672	-0.0265893
0.0265808	-0.0265893
0.0265503	-0.0265893
0.0264587	-0.0265893
0.0266266	-0.02664847
0.0267181	-0.0266682
0.0268402	-0.0266682
0.0268402	-0.0266682
0.0268402	-0.0266682
0.0271454	-0.0266682
0.0269165	-0.0266682
0.0269928	-0.0266682
0.0270081	-0.0266682
0.0267334	-0.0266682
0.0270233	-0.02664847
0.0270844	-0.02664847
0.0268097	-0.02664847
0.0268707	-0.02664847
0.0269775	-0.02662875
0.0271759	-0.02662875
0.026947	-0.02625397
0.0270081	-0.02589892
0.0273285	-0.0254058
0.0275879	-0.02510992
0.0273285	-0.02481405
0.0275726	-0.02436037
0.0275421	-0.02376862
0.0273285	-0.02355165
0.0273743	-0.02321632
0.0274048	-0.0230388
0.0275421	-0.022881
0.0271149	-0.02260485
0.027298	-0.0223287
0.0273743	-0.02219062
0.0269775	-0.0219342
0.0269623	-0.0218553
0.0265198	-0.02179612
0.0267792	-0.02163832
0.0269928	-0.02142135
0.026947	-0.0212241
0.0269318	-0.02086905
0.0261688	-0.02049427
0.026825	-0.02025757
0.0265198	-0.02013922
0.0267639	-0.01990252
0.0266724	-0.01970527
0.0263977	-0.01950802
0.0264282	-0.01911352
0.0262146	-0.01873875
0.0263062	-0.01850205
0.0270081	-0.018147
0.0264893	-0.0179103
0.0268097	-0.01789057
0.0265961	-0.01789057
0.0267487	-0.01789057
0.0269165	-0.01789057
0.0272064	-0.01793002
0.0272827	-0.0179892
0.0270691	-0.0179892
0.0268097	-0.0179892
0.0264587	-0.0179892
0.0265961	-0.0179892
0.0271454	-0.0179892
0.0266113	-0.0179892
0.0272064	-0.0179892
0.026947	-0.0179892
0.0270386	-0.0179892
0.0265656	-0.01796947
0.0270538	-0.01765387
0.0270081	-0.01700295
0.0274658	-0.01652955
0.0270996	-0.01603642
0.0266571	-0.01528687
0.0271759	-0.01479375
0.0270081	-0.01424145
0.0269928	-0.01378777
0.0270691	-0.0133341
0.0263062	-0.01272262
0.0271912	-0.01217032
0.0263519	-0.011835
0.0266113	-0.01146022
0.0267181	-0.01094737
0.0267334	-0.01055287
0.0266571	-0.01027672
0.0269165	-0.00992167
0.0270844	-0.0095469
0.0270081	-0.00905377
0.0272064	-0.0087579
0.0275269	-0.00856065
0.0272522	-0.00824505
0.0272217	-0.00775192
0.0270691	-0.00723907
0.0271759	-0.00721935
0.0271759	-0.00723907
0.0269318	-0.00723907
0.0272064	-0.00723907
0.0270081	-0.00723907
0.0270538	-0.00723907
0.0273285	-0.00723907
0.0274048	-0.00723907
0.0270996	-0.00723907
0.0271301	-0.00723907
0.0269775	-0.00723907
0.0274658	-0.00723907
0.0270691	-0.00723907
0.0273895	-0.00723907
0.0272369	-0.00723907
0.0272064	-0.00723907
0.0272217	-0.00721935
0.0269165	-0.00714045
0.0268555	-0.0067854
0.0267487	-0.0060753
0.0270844	-0.00540465
0.026886	-0.00485235
0.0265198	-0.00412252
0.0267181	-0.0033927
0.027298	-0.00270232
0.0269165	-0.00193305
0.026825	-0.00124267
0.0272064	-0.00074955
0.0274048	-0.00035505
0.0278931	-0.000177525
0.0272064	1.9725e-05
0.0278473	1.9725e-05
0.027359	1.9725e-05
0.0277252	1.9725e-05
0.0274353	1.9725e-05
0.0273132	1.9725e-05
0.0275421	1.9725e-05
0.027298	1.9725e-05
0.0272369	1.9725e-05
0.0270386	1.9725e-05
0.0274811	1.9725e-05
0.0269012	1.9725e-05
0.0270691	1.9725e-05
0.0271454	1.9725e-05
0.0271301	1.9725e-05
0.0271301	1.9725e-05
0.0274048	1.9725e-05
0.0270081	1.9725e-05
0.0275116	1.9725e-05
0.0269775	2.189343e-16
0.0271301	2.189343e-16
0.0276031	2.189343e-16
0.0276031	2.189343e-16
0.0272675	2.189343e-16
0.0273743	2.189343e-16
0.0272675	2.189343e-16
0.0274963	2.189343e-16
0.0274048	2.189343e-16
0.0271454	2.189343e-16
0.02742	2.189343e-16
0.027771	2.189343e-16
0.0274811	2.189343e-16
0.0276642	2.189343e-16
0.0274963	2.189343e-16
0.0276642	2.189343e-16
0.0279236	2.189343e-16
0.0273743	2.189343e-16
0.0276642	2.189343e-16
0.0278931	2.189343e-16
0.0273438	2.189343e-16
0.02771	2.189343e-16
0.0277252	2.189343e-16
0.0279236	2.189343e-16
0.0272827	2.189343e-16
0.0275116	2.189343e-16
0.027298	2.189343e-16
0.0272827	2.189343e-16
0.0271301	2.189343e-16
0.0273285	2.189343e-16
0.0273438	2.189343e-16
0.027298	2.189343e-16
0.0274658	2.189343e-16
0.0274658	2.189343e-16
0.0273743	2.189343e-16
0.0275726	2.189343e-16
0.027359	2.189343e-16
0.027359	2.189343e-16
0.0271912	2.189343e-16
0.0271759	2.189343e-16
0.0273132	2.189343e-16
0.0276031	2.189343e-16
0.02771	2.189343e-16
0.0273895	2.189343e-16
0.0274048	2.189343e-16
0.027359	2.189343e-16
0.0274811	2.189343e-16
0.0274353	2.189343e-16
0.0272675	2.189343e-16
0.0276642	2.189343e-16
0.0276794	2.189343e-16
0.0273743	2.189343e-16
0.0276947	2.189343e-16
