Light Intensity (% of scale max) Antonio_0.02_1.5_lampadina_2	Position (m) Antonio_0.02_1.5_lampadina_2
0.03908	0.0
0.0387	0.0
0.0392	0.0
0.039	0.0
0.03903	0.0
0.03922	0.0
0.03917	0.0
0.03906	0.0
0.03925	0.0
0.03923	0.0
0.03908	0.0
0.039	0.0
0.03931	0.0
0.03935	0.0
0.03868	0.0
0.03909	0.0
0.03932	0.0
0.03947	0.0
0.03951	0.0
0.03922	0.0
0.03961	0.0
0.03909	0.0
0.03918	0.0
0.0394	0.0
0.03918	0.0
0.03935	0.0
0.0397	0.0
0.03943	0.0
0.03914	0.0
0.03937	0.0
0.03928	0.0
0.03932	0.0
0.03941	0.0
0.03922	0.0
0.03909	0.0
0.03934	0.0
0.03925	0.0
0.03931	0.0
0.03946	0.0
0.03923	0.0
0.03955	0.0
0.0394	0.0
0.03922	0.0
0.03969	0.0
0.0392	0.0
0.03902	0.0
0.03949	0.0
0.03973	0.0
0.03931	0.0
0.03926	0.0
0.03932	0.0
0.03937	-1.9725e-05
0.03931	-1.9725e-05
0.03961	-1.9725e-05
0.03937	-1.9725e-05
0.03944	-1.9725e-05
0.03941	-1.9725e-05
0.03976	-1.9725e-05
0.03964	-1.9725e-05
0.03951	-0.000572025
0.03954	-0.000769275
0.03938	-0.0008679
0.03951	-0.001223
0.03964	-0.001716
0.03969	-0.002308
0.03989	-0.002564
0.03986	-0.002801
0.03964	-0.003136
0.04016	-0.003827
0.04112	-0.004497
0.0406	-0.00503
0.04065	-0.005582
0.0412	-0.006194
0.04225	-0.006706
0.04291	-0.007574
0.04225	-0.008304
0.04234	-0.008442
0.04245	-0.008442
0.04263	-0.008423
0.04257	-0.008423
0.04257	-0.008423
0.04211	-0.008423
0.04225	-0.008423
0.04228	-0.008423
0.04227	-0.008423
0.04185	-0.008423
0.04227	-0.008423
0.04185	-0.008423
0.04213	-0.008423
0.04175	-0.008442
0.04189	-0.008501
0.04427	-0.008995
0.04446	-0.010218
0.0441	-0.011125
0.04419	-0.011677
0.0461	-0.01223
0.04727	-0.012723
0.04695	-0.013137
0.04527	-0.013748
0.04486	-0.014439
0.04616	-0.014971
0.04715	-0.015188
0.04855	-0.015741
0.04851	-0.015859
0.04826	-0.016036
0.04755	-0.016352
0.04535	-0.01724
0.0453	-0.017871
0.04755	-0.018384
0.04755	-0.019094
0.04741	-0.019153
0.04749	-0.019153
0.04723	-0.019133
0.04697	-0.019133
0.047	-0.019133
0.04687	-0.019133
0.04712	-0.019133
0.04703	-0.019133
0.04723	-0.019133
0.04678	-0.019133
0.04588	-0.019133
0.04675	-0.019133
0.04735	-0.019133
0.04706	-0.019133
0.04663	-0.019153
0.04639	-0.019173
0.04579	-0.01939
0.04433	-0.019863
0.04312	-0.020652
0.04457	-0.021264
0.04506	-0.021658
0.04482	-0.022092
0.04393	-0.022447
0.04291	-0.022802
0.04164	-0.023236
0.04091	-0.023986
0.04105	-0.02442
0.04182	-0.024775
0.04108	-0.025524
0.03958	-0.026037
0.03955	-0.026333
0.03867	-0.026865
0.03865	-0.027201
0.03824	-0.027536
0.03838	-0.027911
0.03802	-0.028443
0.03764	-0.029272
0.03758	-0.029804
0.03792	-0.030179
0.03784	-0.030455
0.03806	-0.030515
0.03766	-0.030633
0.0377	-0.030672
0.03772	-0.030613
0.03749	-0.030534
0.03741	-0.030534
0.03746	-0.030554
0.0376	-0.030554
0.03773	-0.030554
0.03732	-0.030554
0.0372	-0.030554
0.03694	-0.030554
0.03711	-0.030574
0.03725	-0.030613
0.03749	-0.030653
0.03751	-0.030672
0.03754	-0.030771
0.03751	-0.031264
0.03833	-0.031876
0.03908	-0.032388
0.03984	-0.032566
0.03984	-0.032783
0.04007	-0.033118
0.04037	-0.033335
0.04065	-0.033533
0.04063	-0.033907
0.04187	-0.034381
0.04366	-0.035012
0.04535	-0.035347
0.04816	-0.035761
0.05058	-0.036057
0.05113	-0.036215
0.05244	-0.036412
0.05373	-0.036708
0.05338	-0.037044
0.05289	-0.037556
0.05246	-0.038109
0.05292	-0.038523
0.05392	-0.03874
0.05513	-0.038996
0.05614	-0.039253
0.05695	-0.039391
0.05679	-0.03943
0.05664	-0.03943
0.05684	-0.039411
0.05672	-0.039411
0.05719	-0.039411
0.05672	-0.039411
0.05681	-0.039411
0.05688	-0.039411
0.05701	-0.039411
0.05733	-0.039411
0.05739	-0.039371
0.05652	-0.039371
0.05696	-0.039391
0.05673	-0.039411
0.05699	-0.03947
0.06248	-0.039963
0.07037	-0.040693
0.07175	-0.041087
0.07089	-0.04158
0.06912	-0.042034
0.0665	-0.042428
0.0666	-0.042961
0.06793	-0.043375
0.06842	-0.043553
0.07043	-0.043809
0.07199	-0.044006
0.07405	-0.044145
0.07814	-0.044381
0.08487	-0.044717
0.08946	-0.044993
0.09386	-0.045348
0.09526	-0.045663
0.09491	-0.04588
0.0927	-0.046196
0.08801	-0.046551
0.08366	-0.046906
0.08148	-0.047123
0.07736	-0.047537
0.07611	-0.047991
0.07521	-0.048405
0.07483	-0.048484
0.07497	-0.048445
0.07462	-0.048405
0.07491	-0.048405
0.07497	-0.048405
0.07513	-0.048405
0.07617	-0.048405
0.07564	-0.048405
0.0759	-0.048405
0.07588	-0.048405
0.07637	-0.048405
0.0764	-0.048405
0.07602	-0.048405
0.0759	-0.048425
0.07616	-0.048484
0.07582	-0.048484
0.0753	-0.048583
0.07936	-0.049076
0.08675	-0.049766
0.08871	-0.050003
0.09236	-0.050318
0.09315	-0.050792
0.08914	-0.051285
0.08179	-0.051798
0.07603	-0.052212
0.07289	-0.052488
0.07063	-0.052685
0.06749	-0.052922
0.06404	-0.053376
0.06306	-0.053593
0.06261	-0.053691
0.06177	-0.053889
0.06105	-0.054263
0.06065	-0.054579
0.06058	-0.054835
0.06075	-0.055072
0.06078	-0.055408
0.06081	-0.055703
0.06062	-0.056039
0.06001	-0.056197
0.05931	-0.056532
0.05914	-0.056591
0.05928	-0.056571
0.05978	-0.056492
0.05923	-0.056492
0.05927	-0.056492
0.05948	-0.056492
0.05975	-0.056492
0.05975	-0.056492
0.05971	-0.056492
0.06004	-0.056492
0.05891	-0.056492
0.05945	-0.056492
0.0592	-0.056512
0.05922	-0.056512
0.05936	-0.056571
0.05923	-0.056571
0.05902	-0.056591
0.05923	-0.056591
0.05893	-0.05663
0.05704	-0.056867
0.04927	-0.057853
0.04492	-0.058485
0.04471	-0.058544
0.0428	-0.05884
0.04053	-0.059392
0.03975	-0.059688
0.03912	-0.059885
0.03799	-0.06022
0.03761	-0.060595
0.03716	-0.060911
0.03677	-0.061226
0.03712	-0.061424
0.03706	-0.061463
0.03703	-0.061542
0.03741	-0.061739
0.03712	-0.061976
0.03741	-0.062094
0.03761	-0.062173
0.03754	-0.062252
0.03799	-0.062292
0.03787	-0.062311
0.03795	-0.06239
0.03856	-0.062548
0.03918	-0.062785
0.04019	-0.062942
0.04053	-0.062982
0.04189	-0.063179
0.04234	-0.063258
0.04213	-0.063258
0.04251	-0.063258
0.04274	-0.063238
0.04086	-0.063041
0.04062	-0.062942
0.04059	-0.062962
0.0403	-0.062962
0.04094	-0.062962
0.0405	-0.062962
0.04073	-0.062942
0.04065	-0.062942
0.04071	-0.062942
0.04073	-0.062942
0.04007	-0.062942
0.04077	-0.062942
0.04068	-0.062962
0.04091	-0.062962
0.04094	-0.062982
0.04184	-0.06312
0.04259	-0.063219
0.04305	-0.063298
0.04718	-0.063712
0.05296	-0.064304
0.05453	-0.06454
0.05576	-0.064599
0.05843	-0.064876
0.06197	-0.06525
0.06396	-0.065507
0.06641	-0.065783
0.06757	-0.065921
0.06851	-0.066059
0.06992	-0.066177
0.07088	-0.066276
0.07092	-0.066335
0.07254	-0.066454
0.07466	-0.066671
0.07617	-0.066828
0.07733	-0.066947
0.08087	-0.067223
0.08395	-0.067479
0.08455	-0.067538
0.08434	-0.067558
0.08417	-0.067558
0.08426	-0.067558
0.08449	-0.067598
0.08649	-0.067755
0.08943	-0.067893
0.09003	-0.067933
0.09126	-0.068032
0.09325	-0.06817
0.09874	-0.068525
0.10526	-0.068761
0.10663	-0.068781
0.10609	-0.068781
0.10536	-0.068761
0.10414	-0.068663
0.1037	-0.068663
0.10338	-0.068663
0.10402	-0.068663
0.10399	-0.068663
0.10324	-0.068663
0.10345	-0.068663
0.1032	-0.068663
0.10344	-0.068663
0.10335	-0.068663
0.10326	-0.068663
0.10356	-0.068682
0.10396	-0.068722
0.10513	-0.068761
0.10617	-0.068801
0.1106	-0.069057
0.12614	-0.069629
0.13261	-0.069767
0.13319	-0.069767
0.13383	-0.069787
0.13506	-0.069827
0.14375	-0.070122
0.16374	-0.070596
0.17934	-0.070813
0.18086	-0.070832
0.18301	-0.070911
0.20027	-0.071168
0.2058	-0.071227
0.20853	-0.071247
0.21159	-0.071286
0.21985	-0.071405
0.22377	-0.071483
0.22452	-0.071483
0.22423	-0.071503
0.23395	-0.071621
0.23827	-0.0717
0.24025	-0.07172
0.24292	-0.07174
0.25191	-0.071878
0.2753	-0.072174
0.29683	-0.072391
0.31044	-0.072529
0.32458	-0.072726
0.34726	-0.072963
0.36432	-0.073199
0.38785	-0.073456
0.40375	-0.073574
0.41573	-0.073752
0.43019	-0.073929
0.43536	-0.074008
0.43605	-0.074008
0.44075	-0.074107
0.45917	-0.074403
0.4767	-0.074718
0.49489	-0.075172
0.51245	-0.075566
0.51645	-0.075626
0.51628	-0.075626
0.51648	-0.075626
0.51411	-0.075606
0.50845	-0.075428
0.50819	-0.075428
0.50813	-0.075428
0.50819	-0.075428
0.50874	-0.075428
0.50951	-0.075428
0.50932	-0.075428
0.51096	-0.075428
0.51006	-0.075428
0.51041	-0.075428
0.51093	-0.075428
0.51073	-0.075428
0.50986	-0.075448
0.51022	-0.075488
0.51564	-0.075586
0.51729	-0.075645
0.5213	-0.075843
0.53127	-0.076355
0.53951	-0.076553
0.53851	-0.076553
0.53889	-0.076572
0.54024	-0.076612
0.53986	-0.076632
0.53999	-0.076651
0.5415	-0.076711
0.54298	-0.076829
0.54678	-0.077342
0.55104	-0.077973
0.55171	-0.078012
0.55174	-0.078012
0.55415	-0.078052
0.55629	-0.078269
0.56157	-0.078722
0.56374	-0.078861
0.56558	-0.078939
0.569	-0.079196
0.57176	-0.079373
0.57257	-0.079373
0.57434	-0.079393
0.57748	-0.079669
0.58408	-0.079827
0.58586	-0.079847
0.58643	-0.079867
0.58635	-0.079886
0.58818	-0.079926
0.59218	-0.080044
0.59482	-0.080202
0.60019	-0.080379
0.60141	-0.080399
0.60149	-0.080419
0.60403	-0.080577
0.61673	-0.08103
0.6293	-0.081247
0.6333	-0.081267
0.6339	-0.081267
0.63466	-0.081267
0.63435	-0.081287
0.63792	-0.081385
0.6386	-0.081405
0.64333	-0.081543
0.66447	-0.081997
0.67534	-0.082194
0.67487	-0.082194
0.67499	-0.082194
0.67435	-0.082194
0.67447	-0.082194
0.67477	-0.082194
0.675	-0.082194
0.67531	-0.082194
0.67638	-0.082194
0.67549	-0.082194
0.67526	-0.082194
0.67525	-0.082194
0.67555	-0.082194
0.67523	-0.082194
0.67458	-0.082194
0.67497	-0.082194
0.67601	-0.082194
0.67848	-0.082273
0.6907	-0.082569
0.71446	-0.083023
0.72223	-0.083082
0.72411	-0.083141
0.73274	-0.083239
0.74763	-0.083476
0.77678	-0.083989
0.80179	-0.084462
0.81892	-0.084778
0.82292	-0.084837
0.82718	-0.084936
0.83997	-0.085173
0.85382	-0.08539
0.86096	-0.085468
0.86179	-0.085508
0.86823	-0.085607
0.87726	-0.085823
0.88921	-0.08606
0.9052	-0.086317
0.91562	-0.086514
0.93547	-0.086829
0.95236	-0.087007
0.95654	-0.087125
0.95831	-0.087145
0.96329	-0.087263
0.97322	-0.087401
0.9789	-0.08748
0.98579	-0.087638
0.99716	-0.087895
1.01027	-0.088072
1.01176	-0.088131
1.01302	-0.088171
1.01747	-0.088269
1.01686	-0.088289
1.01958	-0.088348
1.02155	-0.088368
1.02264	-0.088407
1.02524	-0.088447
1.02336	-0.088447
1.02223	-0.088447
1.0213	-0.088427
1.01956	-0.088368
1.01965	-0.088368
1.02028	-0.088368
1.02005	-0.088368
1.02054	-0.088368
1.02063	-0.088368
1.01907	-0.088368
1.01836	-0.088368
1.01849	-0.088368
1.01793	-0.088368
1.01874	-0.088388
1.01816	-0.088388
1.01825	-0.088388
1.0172	-0.088388
1.01894	-0.088447
1.0229	-0.088506
1.02057	-0.088506
1.02222	-0.088506
1.02403	-0.088546
1.03825	-0.089078
1.07475	-0.089828
1.08528	-0.089966
1.08411	-0.089985
1.0838	-0.090005
1.08698	-0.090124
1.0894	-0.090183
1.09456	-0.09034
1.09891	-0.090597
1.10437	-0.090913
1.11578	-0.091228
1.11328	-0.091327
1.1124	-0.091425
1.1165	-0.091623
1.12621	-0.091997
1.13638	-0.092412
1.13828	-0.092688
1.14119	-0.092846
1.14052	-0.093003
1.13831	-0.093063
1.13728	-0.093122
1.13463	-0.093181
1.12698	-0.093358
1.12128	-0.093496
1.12006	-0.093536
1.11894	-0.093595
1.11383	-0.093753
1.1071	-0.093871
1.1041	-0.09393
1.10242	-0.09395
1.10118	-0.09395
1.10146	-0.09395
1.10248	-0.093911
1.11002	-0.093753
1.10991	-0.093753
1.10922	-0.093753
1.10965	-0.093753
1.10884	-0.093753
1.10748	-0.093753
1.10713	-0.093753
1.10683	-0.093753
1.10876	-0.093753
1.10767	-0.093753
1.1075	-0.093753
1.1088	-0.093773
1.10838	-0.093773
1.10402	-0.093852
1.10356	-0.093871
1.09917	-0.09393
1.09204	-0.094088
1.07639	-0.094719
1.07224	-0.094838
1.07069	-0.094838
1.0713	-0.094877
1.06851	-0.094917
1.06639	-0.094976
1.06436	-0.095035
1.06245	-0.095074
1.05347	-0.09537
1.03595	-0.095883
1.02768	-0.096061
1.02747	-0.096061
1.0265	-0.0961
1.01212	-0.096337
0.9848	-0.096988
0.97162	-0.097323
0.97015	-0.097382
0.96678	-0.097501
0.96432	-0.09756
0.96263	-0.09758
0.95952	-0.097698
0.93336	-0.098073
0.90288	-0.098724
0.88531	-0.099138
0.88182	-0.099236
0.87802	-0.099355
0.87143	-0.099513
0.85635	-0.099887
0.85049	-0.100006
0.84691	-0.100065
0.84259	-0.100144
0.83867	-0.100262
0.82481	-0.100637
0.81267	-0.100992
0.80759	-0.101071
0.80847	-0.10111
0.79779	-0.101327
0.79317	-0.101525
0.79271	-0.101525
0.79207	-0.101505
0.79945	-0.101209
0.80241	-0.101189
0.80312	-0.101189
0.80313	-0.101189
0.80263	-0.101189
0.80165	-0.101189
0.80066	-0.101189
0.80301	-0.101189
0.80327	-0.101189
0.80249	-0.101209
0.80357	-0.101248
0.80051	-0.101308
0.79881	-0.101367
0.7959	-0.101406
0.79213	-0.101544
0.78053	-0.102057
0.76717	-0.102629
0.76581	-0.102728
0.76506	-0.102807
0.76207	-0.103083
0.75859	-0.103359
0.75645	-0.103537
0.75435	-0.103872
0.75092	-0.104424
0.75322	-0.105016
0.75464	-0.105233
0.75565	-0.10547
0.7574	-0.105726
0.75865	-0.105943
0.76175	-0.106219
0.76326	-0.106337
0.7643	-0.106416
0.76508	-0.106653
0.76666	-0.106811
0.76649	-0.106988
0.76492	-0.107324
0.75557	-0.107915
0.74023	-0.108251
0.73671	-0.108271
0.73749	-0.108271
0.73665	-0.108251
0.73747	-0.108251
0.73943	-0.108152
0.73994	-0.108093
0.7403	-0.108093
0.7406	-0.108093
0.74059	-0.108093
0.74037	-0.108093
0.74203	-0.108093
0.74359	-0.108093
0.74359	-0.108093
0.74307	-0.108093
0.7424	-0.108113
0.7442	-0.108152
0.73972	-0.108211
0.73691	-0.108271
0.72142	-0.108507
0.66124	-0.109237
0.62653	-0.109612
0.61804	-0.109691
0.57503	-0.110085
0.51517	-0.110559
0.48976	-0.110736
0.46786	-0.110933
0.43906	-0.11117
0.40912	-0.111446
0.39124	-0.111525
0.38475	-0.111565
0.34666	-0.11188
0.31567	-0.112235
0.31195	-0.112294
0.30457	-0.112354
0.2814	-0.11263
0.25516	-0.113005
0.24483	-0.113182
0.24304	-0.113221
0.23267	-0.113419
0.21498	-0.113774
0.19783	-0.114149
0.19481	-0.114227
0.19414	-0.114227
0.19411	-0.114208
0.1944	-0.114188
0.19464	-0.114188
0.19484	-0.114188
0.19434	-0.114188
0.19429	-0.114188
0.19325	-0.114188
0.1935	-0.114188
0.19336	-0.114188
0.19353	-0.114188
0.19354	-0.114208
0.19336	-0.114208
0.19368	-0.114227
0.18974	-0.114326
0.17435	-0.114799
0.15784	-0.11547
0.15125	-0.115766
0.14957	-0.115884
0.14207	-0.116456
0.13123	-0.117364
0.12526	-0.117758
0.12469	-0.117798
0.12436	-0.117857
0.12178	-0.118034
0.11937	-0.118212
0.11496	-0.118449
0.10759	-0.118784
0.10112	-0.119001
0.09805	-0.119119
0.09439	-0.119277
0.08759	-0.119553
0.07533	-0.120086
0.06325	-0.120559
0.06142	-0.120579
0.06111	-0.120579
0.0611	-0.120559
0.06071	-0.120559
0.06334	-0.120441
0.06316	-0.120461
0.06329	-0.120461
0.06287	-0.120461
0.06316	-0.120461
0.06346	-0.120461
0.06326	-0.120441
0.06351	-0.120441
0.06348	-0.120441
0.06273	-0.120461
0.06287	-0.12048
0.06287	-0.12052
0.0596	-0.120737
0.05289	-0.121269
0.04634	-0.121861
0.04193	-0.122394
0.04051	-0.122571
0.04031	-0.12265
0.03932	-0.122906
0.03799	-0.123281
0.0377	-0.123498
0.03741	-0.123656
0.03738	-0.123912
0.03723	-0.124267
0.03699	-0.124465
0.03766	-0.124662
0.0381	-0.124958
0.03838	-0.125214
0.03876	-0.125313
0.03915	-0.125372
0.03964	-0.125589
0.04059	-0.125845
0.04175	-0.125984
0.04253	-0.12624
0.04436	-0.126516
0.04448	-0.126575
0.04407	-0.126536
0.04439	-0.126516
0.04364	-0.126496
0.04433	-0.126496
0.04405	-0.126496
0.04373	-0.126496
0.04355	-0.126496
0.04391	-0.126496
0.04465	-0.126496
0.04396	-0.126496
0.04431	-0.126496
0.0443	-0.126536
0.04353	-0.126556
0.04451	-0.126575
0.04501	-0.126615
0.04605	-0.12693
0.04871	-0.1277
0.04916	-0.128035
0.04959	-0.128055
0.05017	-0.128193
0.05106	-0.128587
0.05164	-0.128725
0.05231	-0.128785
0.0536	-0.129021
0.05545	-0.129435
0.05701	-0.129613
0.05943	-0.129909
0.06468	-0.130343
0.07037	-0.130757
0.07495	-0.131053
0.07896	-0.131309
0.08017	-0.131368
0.08022	-0.131388
0.08215	-0.131507
0.08342	-0.131585
0.08363	-0.131585
0.0829	-0.131566
0.08159	-0.131487
0.08101	-0.131388
0.08116	-0.131388
0.08083	-0.131388
0.08127	-0.131388
0.08089	-0.131388
0.08096	-0.131388
0.08041	-0.131408
0.08116	-0.131428
0.08096	-0.131447
0.0816	-0.131467
0.08228	-0.131585
0.08505	-0.131763
0.08952	-0.132256
0.09181	-0.132808
0.08813	-0.133321
0.08388	-0.133795
0.08134	-0.134189
0.08069	-0.134702
0.08109	-0.134998
0.08148	-0.135018
0.08197	-0.135136
0.08539	-0.13553
0.08818	-0.135649
0.08813	-0.135669
0.08896	-0.135807
0.09247	-0.136004
0.09695	-0.136241
0.10051	-0.136418
0.10345	-0.136576
0.1087	-0.136951
0.11266	-0.137286
0.1131	-0.137286
0.11253	-0.137247
0.11232	-0.137128
0.11192	-0.137069
0.112	-0.137069
0.11221	-0.137069
0.11237	-0.137069
0.11255	-0.137069
0.11218	-0.137069
0.11279	-0.137089
0.11273	-0.137128
0.1127	-0.137207
0.11256	-0.137227
0.1125	-0.137345
0.10992	-0.137858
0.09702	-0.138627
0.09175	-0.138844
0.09193	-0.138844
0.09033	-0.138982
0.086	-0.139298
0.08394	-0.139653
0.08305	-0.13985
0.08353	-0.140028
0.08475	-0.140284
0.08746	-0.14058
0.09352	-0.140975
0.09726	-0.14127
0.10205	-0.141685
0.10249	-0.142257
0.09264	-0.14275
0.08165	-0.143203
0.07991	-0.143282
0.07991	-0.143243
0.08006	-0.143223
0.08041	-0.142947
0.08035	-0.142967
0.08018	-0.142967
0.07991	-0.142967
0.07977	-0.142967
0.08012	-0.142967
0.08031	-0.142987
0.08044	-0.142987
0.08032	-0.143006
0.08067	-0.143144
0.07921	-0.143263
0.07385	-0.143756
0.07071	-0.144643
0.07367	-0.145334
0.07503	-0.14561
0.07611	-0.145965
0.07004	-0.146853
0.05803	-0.14778
0.05299	-0.148667
0.05347	-0.149377
0.05417	-0.149811
0.05373	-0.149811
0.05362	-0.149811
0.05392	-0.149732
0.0535	-0.149732
0.05385	-0.149732
0.05344	-0.149732
0.05348	-0.149732
0.05389	-0.149732
0.05365	-0.149732
0.05341	-0.149772
0.05382	-0.14989
0.05211	-0.150383
0.04675	-0.151153
0.04251	-0.15206
0.04051	-0.153224
0.03903	-0.154111
0.0387	-0.154388
0.03815	-0.1549
0.03784	-0.155433
0.03757	-0.155689
0.03812	-0.155709
0.03792	-0.155709
0.03799	-0.155453
0.03796	-0.155472
0.03786	-0.155472
0.03806	-0.155472
0.03815	-0.155472
0.03804	-0.155453
0.03775	-0.155472
0.03815	-0.155551
0.03807	-0.155611
0.0383	-0.156025
0.03807	-0.156833
0.03912	-0.157761
0.03995	-0.158628
0.0408	-0.159358
0.04355	-0.160226
0.04547	-0.161055
0.04556	-0.161548
0.0452	-0.161824
0.04555	-0.161804
0.04578	-0.161646
0.04533	-0.161548
0.04543	-0.161548
0.04517	-0.161548
0.04529	-0.161548
0.04578	-0.161587
0.04607	-0.161706
0.04556	-0.162061
0.04651	-0.162514
0.05116	-0.163343
0.05276	-0.164368
0.05286	-0.165512
0.05844	-0.1664
0.05771	-0.16711
0.05666	-0.167544
0.0545	-0.167958
0.0547	-0.167939
0.05453	-0.16786
0.05447	-0.16784
0.05414	-0.16784
0.0545	-0.16784
0.0545	-0.16784
0.05482	-0.16784
0.05486	-0.16786
0.05443	-0.168018
0.05499	-0.168471
0.06136	-0.169359
0.05829	-0.170325
0.05621	-0.171233
0.06018	-0.172041
0.058	-0.173047
0.05389	-0.173817
0.05396	-0.173935
0.05385	-0.173935
0.05429	-0.173817
0.05414	-0.173797
0.05431	-0.173797
0.05429	-0.173797
0.05446	-0.173797
0.05411	-0.173797
0.05392	-0.173856
0.05455	-0.174408
0.0571	-0.175454
0.0506	-0.176637
0.05072	-0.17786
0.04716	-0.179261
0.04698	-0.179616
0.04689	-0.179695
0.04697	-0.179714
0.04691	-0.179714
0.04709	-0.179695
0.04666	-0.179675
0.04651	-0.179616
0.04687	-0.179537
0.04732	-0.179537
0.04672	-0.179537
0.04715	-0.179537
0.04697	-0.179537
0.04712	-0.179537
0.0466	-0.179714
0.04622	-0.179734
0.04686	-0.179734
0.04655	-0.179734
0.04637	-0.179734
0.04642	-0.179734
0.04697	-0.179734
0.04648	-0.179675
0.04642	-0.179675
0.0464	-0.179675
0.04623	-0.179675
0.04614	-0.179714
0.04677	-0.179714
0.04646	-0.179714
0.04657	-0.179714
0.04649	-0.179714
0.04639	-0.179675
0.04645	-0.179616
0.04637	-0.179537
0.04643	-0.179083
0.04643	-0.178432
0.04909	-0.177762
0.0515	-0.17715
0.0506	-0.176341
0.05219	-0.175651
0.05371	-0.175552
0.05377	-0.175552
0.05362	-0.175552
0.05338	-0.175552
0.05281	-0.175552
0.05354	-0.175631
0.05385	-0.175631
0.05392	-0.175631
0.05377	-0.175631
0.05402	-0.175631
0.05397	-0.175651
0.05374	-0.175908
0.05305	-0.176085
0.05164	-0.176223
0.05179	-0.176203
0.05196	-0.176105
0.05196	-0.176085
0.05119	-0.176046
0.05176	-0.175691
0.05579	-0.174902
0.05519	-0.174231
0.05327	-0.17356
0.05734	-0.17283
0.0602	-0.172101
0.05772	-0.171509
0.05563	-0.171134
0.05571	-0.17068
0.05547	-0.170621
0.05528	-0.170621
0.05528	-0.1707
0.05557	-0.17074
0.05612	-0.17074
0.05612	-0.17074
0.05598	-0.17074
0.05544	-0.17074
0.05557	-0.17074
0.05595	-0.17074
0.05602	-0.170818
0.05603	-0.170818
0.05579	-0.170818
0.05591	-0.170818
0.05641	-0.170799
0.05624	-0.170799
0.05574	-0.17072
0.05626	-0.17068
0.0562	-0.170621
0.05835	-0.170266
0.06128	-0.169753
0.06175	-0.169497
0.06056	-0.169083
0.05705	-0.168511
0.05692	-0.168451
0.05707	-0.168373
0.05663	-0.168333
0.05666	-0.168333
0.0567	-0.168353
0.05569	-0.168412
0.05626	-0.168412
0.05606	-0.168412
0.05597	-0.168412
0.05618	-0.168451
0.056	-0.168649
0.05675	-0.168826
0.05818	-0.169024
0.05959	-0.16924
0.0596	-0.16924
0.05978	-0.169181
0.06024	-0.169063
0.06038	-0.168964
0.05818	-0.168629
0.05486	-0.167998
0.05725	-0.167031
0.0575	-0.166124
0.05264	-0.165374
0.05164	-0.164645
0.05347	-0.163875
0.05087	-0.163047
0.04581	-0.162218
0.04466	-0.161291
0.04477	-0.160719
0.04411	-0.160463
0.04407	-0.160423
0.04442	-0.160423
0.04419	-0.160522
0.04404	-0.160522
0.04419	-0.160542
0.04416	-0.160542
0.04396	-0.160542
0.04356	-0.160542
0.04401	-0.160542
0.04437	-0.160542
0.04407	-0.160542
0.04425	-0.160542
0.04414	-0.160542
0.04358	-0.160542
0.04379	-0.160542
0.04419	-0.160542
0.04413	-0.160542
0.04411	-0.160542
0.04384	-0.160542
0.04437	-0.160542
0.0444	-0.160542
0.04437	-0.160542
0.04411	-0.160542
0.04428	-0.160522
0.04445	-0.160522
0.0444	-0.160423
0.04422	-0.160305
0.04442	-0.160285
0.04355	-0.159871
0.04207	-0.159437
0.04131	-0.159122
0.04076	-0.158865
0.03998	-0.158431
0.03954	-0.15782
0.03903	-0.157267
0.03865	-0.157011
0.03848	-0.156991
0.0385	-0.156991
0.03867	-0.156991
0.03854	-0.156972
0.03856	-0.156952
0.03784	-0.156459
0.03795	-0.155828
0.03816	-0.155275
0.0388	-0.154743
0.03909	-0.15423
0.0394	-0.153954
0.04015	-0.153717
0.03972	-0.153638
0.03993	-0.153618
0.03986	-0.153618
0.03957	-0.153658
0.03987	-0.153835
0.03992	-0.153855
0.03993	-0.153855
0.04047	-0.153855
0.04008	-0.153855
0.04004	-0.153855
0.03984	-0.153855
0.04015	-0.153855
0.0403	-0.153835
0.04004	-0.153835
0.0403	-0.153835
0.04066	-0.153658
0.04048	-0.153599
0.04094	-0.153342
0.04076	-0.152869
0.0417	-0.152356
0.04282	-0.151823
0.04471	-0.151291
0.04753	-0.150778
0.052	-0.150245
0.05458	-0.149772
0.05527	-0.149397
0.05472	-0.149062
0.05455	-0.148726
0.05429	-0.148371
0.05502	-0.148016
0.05576	-0.147799
0.05632	-0.14778
0.05576	-0.14778
0.05563	-0.147839
0.05675	-0.147957
0.05737	-0.147957
0.05759	-0.147957
0.05753	-0.147957
0.05786	-0.147957
0.05775	-0.147957
0.05762	-0.147957
0.05771	-0.147957
0.05777	-0.147957
0.05765	-0.147957
0.05754	-0.147957
0.05737	-0.147957
0.05779	-0.147878
0.05865	-0.14778
0.05972	-0.147602
0.06346	-0.147247
0.0685	-0.146932
0.07396	-0.146478
0.07727	-0.145985
0.07564	-0.145334
0.07245	-0.14486
0.07101	-0.144486
0.0715	-0.144288
0.07253	-0.144071
0.07419	-0.143756
0.07855	-0.143401
0.08366	-0.143026
0.09251	-0.142631
0.09637	-0.142375
0.09839	-0.142198
0.09909	-0.142119
0.09866	-0.142119
0.09892	-0.142138
0.10126	-0.142217
0.10176	-0.142237
0.10162	-0.142237
0.10234	-0.142237
0.10207	-0.142237
0.10197	-0.142237
0.10168	-0.142237
0.10248	-0.142217
0.10207	-0.142198
0.10201	-0.142198
0.10225	-0.142198
0.10315	-0.142059
0.10435	-0.141842
0.10454	-0.141685
0.10176	-0.14133
0.09805	-0.141073
0.0929	-0.140738
0.08885	-0.140422
0.08719	-0.140264
0.08603	-0.140107
0.08508	-0.139929
0.08456	-0.139732
0.0838	-0.139416
0.0856	-0.139199
0.08669	-0.139042
0.09042	-0.138785
0.09381	-0.138568
0.09508	-0.13845
0.09665	-0.13841
0.09796	-0.138331
0.1003	-0.138213
0.1026	-0.138095
0.10561	-0.137897
0.10898	-0.1377
0.11139	-0.137483
0.11241	-0.137345
0.11269	-0.137325
0.11252	-0.137325
0.11292	-0.137325
0.11258	-0.137365
0.11256	-0.137365
0.11229	-0.137365
0.11162	-0.137365
0.11266	-0.137365
0.11203	-0.137365
0.11211	-0.137365
0.11179	-0.137365
0.11197	-0.137365
0.11227	-0.137365
0.11168	-0.137365
0.11168	-0.137365
0.11177	-0.137365
0.11115	-0.137345
0.11194	-0.137325
0.11166	-0.137325
0.11133	-0.137325
0.11209	-0.137049
0.11034	-0.136793
0.10771	-0.136576
0.10655	-0.136398
0.10446	-0.136221
0.10303	-0.136063
0.10178	-0.135905
0.09846	-0.135688
0.09145	-0.135412
0.0834	-0.135018
0.0795	-0.134722
0.07922	-0.134584
0.07822	-0.134406
0.07797	-0.134248
0.078	-0.134169
0.07837	-0.134091
0.07817	-0.133913
0.07884	-0.133735
0.08037	-0.133499
0.08102	-0.133361
0.0825	-0.133163
0.08424	-0.132986
0.08519	-0.132828
0.08603	-0.13267
0.08633	-0.132631
0.08635	-0.132631
0.0865	-0.132651
0.08665	-0.13271
0.0871	-0.13271
0.08675	-0.13271
0.0863	-0.13271
0.08659	-0.13271
0.08623	-0.13271
0.08641	-0.13271
0.08629	-0.13271
0.08597	-0.13271
0.08636	-0.13267
0.08583	-0.132651
0.08594	-0.132651
0.08554	-0.132651
0.08566	-0.132651
0.08598	-0.132631
0.08684	-0.132434
0.08687	-0.132177
0.08591	-0.131881
0.08408	-0.131704
0.08377	-0.131526
0.08064	-0.13125
0.0768	-0.130994
0.07327	-0.130777
0.07013	-0.13054
0.06729	-0.130382
0.06487	-0.130224
0.06314	-0.130106
0.0614	-0.129948
0.05984	-0.12981
0.05811	-0.129613
0.05679	-0.129455
0.05518	-0.129317
0.05374	-0.12908
0.052	-0.128883
0.0515	-0.128804
0.05101	-0.128765
0.05025	-0.128706
0.05035	-0.128666
0.05035	-0.128666
0.05026	-0.128745
0.05002	-0.128745
0.05052	-0.128745
0.0502	-0.128745
0.05008	-0.128745
0.05	-0.128745
0.05057	-0.128745
0.05042	-0.128745
0.05038	-0.128706
0.05042	-0.128686
0.05049	-0.128666
0.05048	-0.128666
0.05037	-0.128666
0.05028	-0.128666
0.05032	-0.128666
0.05016	-0.128666
0.04886	-0.128291
0.04779	-0.128035
0.04675	-0.127719
0.04623	-0.127404
0.04492	-0.127029
0.04439	-0.126832
0.04381	-0.126654
0.04355	-0.126437
0.0426	-0.12624
0.0415	-0.126003
0.04066	-0.125707
0.03888	-0.12549
0.0386	-0.125333
0.03839	-0.125116
0.03795	-0.124879
0.03752	-0.124701
0.03741	-0.124524
0.03773	-0.124287
0.03784	-0.124149
0.03778	-0.123972
0.03773	-0.123912
0.03799	-0.123814
0.03798	-0.123794
0.03806	-0.123755
0.03781	-0.123715
0.03798	-0.123695
0.03827	-0.123695
0.0377	-0.123715
0.03786	-0.123774
0.03804	-0.123774
0.0381	-0.123774
0.03787	-0.123774
0.03787	-0.123774
0.03773	-0.123774
0.03757	-0.123774
0.03815	-0.123774
0.03755	-0.123774
0.03769	-0.123774
0.03764	-0.123774
0.03735	-0.123735
0.03719	-0.123715
0.03775	-0.123715
0.03755	-0.123715
0.0379	-0.123715
0.0379	-0.123459
0.039	-0.123025
0.04073	-0.12263
0.04198	-0.122354
0.04282	-0.122078
0.04462	-0.121822
0.04681	-0.121506
0.04916	-0.12125
0.05183	-0.121013
0.05354	-0.120875
0.05501	-0.120756
0.05684	-0.120638
0.05858	-0.12052
0.0609	-0.120382
0.0636	-0.120204
0.06628	-0.120086
0.06863	-0.119987
0.07133	-0.119908
0.07222	-0.119849
0.07297	-0.119829
0.073	-0.119829
0.07297	-0.119829
0.0732	-0.119849
0.07281	-0.119849
0.07327	-0.119849
0.0733	-0.119849
0.0732	-0.119849
0.073	-0.119849
0.07362	-0.119849
0.07393	-0.119849
0.07317	-0.119849
0.07303	-0.119849
0.07274	-0.119829
0.07288	-0.119829
0.07256	-0.119829
0.07268	-0.119829
0.07269	-0.119829
0.07272	-0.119829
0.07393	-0.11975
0.08089	-0.119514
0.08652	-0.119336
0.09094	-0.119178
0.09772	-0.118981
0.10594	-0.118705
0.11458	-0.118468
0.12061	-0.118271
0.12677	-0.118054
0.13232	-0.117857
0.13864	-0.11764
0.14223	-0.117482
0.1451	-0.117305
0.14983	-0.117107
0.15295	-0.11695
0.15672	-0.116713
0.15974	-0.116555
0.1617	-0.116397
0.16373	-0.116239
0.16612	-0.116062
0.16817	-0.115865
0.16997	-0.115707
0.17171	-0.115588
0.17285	-0.11545
0.17581	-0.115332
0.17705	-0.115233
0.17908	-0.115115
0.18175	-0.114957
0.1837	-0.114799
0.18613	-0.114721
0.18671	-0.114661
0.18973	-0.114543
0.19168	-0.114444
0.19205	-0.114405
0.19569	-0.114267
0.19707	-0.114168
0.19795	-0.114149
0.19775	-0.114149
0.19824	-0.114089
0.19893	-0.11407
0.20036	-0.114089
0.19997	-0.114129
0.19991	-0.114129
0.19986	-0.114109
0.19955	-0.114109
0.19914	-0.114109
0.20026	-0.114109
0.20041	-0.114109
0.20024	-0.114109
0.20026	-0.114109
0.20024	-0.114129
0.20042	-0.114129
0.20074	-0.114129
0.20062	-0.114129
0.20012	-0.114129
0.20099	-0.114129
0.2003	-0.114129
0.20013	-0.114109
0.20052	-0.114089
0.20061	-0.114089
0.19969	-0.114089
0.19893	-0.11407
0.20195	-0.113813
0.21689	-0.113478
0.23254	-0.113103
0.24709	-0.112768
0.25909	-0.112511
0.27638	-0.112196
0.29256	-0.111939
0.30641	-0.111722
0.32698	-0.111427
0.34924	-0.11115
0.36409	-0.110993
0.37735	-0.110835
0.38725	-0.110736
0.3922	-0.110677
0.40518	-0.110499
0.42487	-0.110342
0.44447	-0.110204
0.46594	-0.110085
0.48183	-0.109947
0.49849	-0.109809
0.51965	-0.109632
0.53607	-0.109493
0.54376	-0.109434
0.55542	-0.109336
0.56429	-0.109257
0.57419	-0.109198
0.57449	-0.109198
0.57549	-0.109198
0.57567	-0.109198
0.57646	-0.109217
0.57709	-0.109217
0.57693	-0.109217
0.57616	-0.109217
0.57568	-0.109217
0.57584	-0.109217
0.57629	-0.109217
0.57903	-0.109217
0.57748	-0.109217
0.5748	-0.109217
0.57462	-0.109217
0.57391	-0.109217
0.57332	-0.109217
0.57249	-0.109217
0.57358	-0.109198
0.57498	-0.109198
0.57422	-0.109198
0.57401	-0.109198
0.57301	-0.109198
0.57188	-0.109198
0.57535	-0.109138
0.60858	-0.108882
0.63789	-0.108645
0.66347	-0.108448
0.70746	-0.108211
0.73827	-0.107955
0.76392	-0.107718
0.78604	-0.107521
0.81421	-0.107245
0.83421	-0.106969
0.85152	-0.106712
0.86629	-0.106476
0.88087	-0.106199
0.89621	-0.105963
0.90202	-0.105726
0.90755	-0.105489
0.91078	-0.105253
0.91156	-0.105095
0.91269	-0.104898
0.90857	-0.1047
0.91266	-0.104562
0.91113	-0.104424
0.91016	-0.104286
0.90945	-0.104148
0.90952	-0.10403
0.90811	-0.103872
0.90434	-0.103537
0.90091	-0.10332
0.89737	-0.103142
0.89758	-0.103122
0.89793	-0.103122
0.89888	-0.103122
0.89902	-0.103122
0.89827	-0.103122
0.89912	-0.103142
0.89915	-0.103142
0.89943	-0.103142
0.89978	-0.103142
0.90057	-0.103142
0.90135	-0.103142
0.90117	-0.103142
0.90041	-0.103142
0.89984	-0.103142
0.89954	-0.103142
0.90056	-0.103142
0.90065	-0.103142
0.90091	-0.103142
0.90065	-0.103122
0.89995	-0.103122
0.90012	-0.103122
0.90138	-0.103122
0.9003	-0.102984
0.89583	-0.102748
0.89267	-0.102511
0.89116	-0.102294
0.89041	-0.102018
0.88847	-0.101742
0.88712	-0.101505
0.88506	-0.101248
0.88252	-0.100933
0.88373	-0.100716
0.88498	-0.1004
0.88647	-0.099986
0.88661	-0.09973
0.88792	-0.099572
0.88731	-0.099453
0.88673	-0.099296
0.88803	-0.099138
0.89037	-0.09896
0.89172	-0.098822
0.89293	-0.098783
0.8945	-0.098664
0.89426	-0.098586
0.89392	-0.098487
0.89575	-0.09829
0.89772	-0.098152
0.89943	-0.098014
0.90088	-0.097895
0.90343	-0.097718
0.90599	-0.097639
0.90706	-0.097481
0.90884	-0.097264
0.91098	-0.097027
0.91385	-0.09681
0.9171	-0.096731
0.91661	-0.096712
0.91768	-0.096712
0.9167	-0.096731
0.91666	-0.096731
0.91429	-0.096751
0.91463	-0.096751
0.91502	-0.096731
0.91617	-0.096731
0.91614	-0.096731
0.91702	-0.096731
0.91643	-0.096751
0.91606	-0.096751
0.91545	-0.096751
0.91524	-0.096751
0.91493	-0.096731
0.9151	-0.096731
0.91527	-0.096731
0.9158	-0.096731
0.91661	-0.096731
0.91899	-0.096514
0.92177	-0.096179
0.92365	-0.095883
0.92517	-0.095725
0.92804	-0.095548
0.93018	-0.095291
0.93326	-0.095074
0.93617	-0.094858
0.93643	-0.09468
0.93568	-0.094384
0.9395	-0.094088
0.94397	-0.093911
0.95006	-0.093753
0.95427	-0.093556
0.95842	-0.093398
0.96143	-0.09324
0.96286	-0.093102
0.96158	-0.092924
0.95781	-0.092786
0.95587	-0.092668
0.95244	-0.09253
0.94821	-0.092392
0.94807	-0.092352
0.94621	-0.092214
0.94453	-0.092017
0.93999	-0.091899
0.93631	-0.0918
0.93533	-0.091741
0.93207	-0.091682
0.93176	-0.091642
0.93312	-0.091642
0.93257	-0.091642
0.9325	-0.091642
0.93137	-0.091642
0.92967	-0.091662
0.92934	-0.091662
0.93025	-0.091662
0.93076	-0.091662
0.93089	-0.091662
0.93196	-0.091662
0.93105	-0.091662
0.9296	-0.091662
0.9292	-0.091662
0.92944	-0.091662
0.92928	-0.091662
0.93076	-0.091662
0.93146	-0.091642
0.93069	-0.091642
0.93051	-0.091642
0.93066	-0.091642
0.93062	-0.091642
0.93011	-0.091642
0.93083	-0.091642
0.9304	-0.091623
0.93088	-0.091287
0.92583	-0.09107
0.92445	-0.090853
0.9234	-0.090755
0.92171	-0.090617
0.92192	-0.090479
0.91696	-0.090202
0.91183	-0.089926
0.90424	-0.08963
0.89946	-0.089453
0.89546	-0.089275
0.89087	-0.089098
0.8868	-0.08894
0.88403	-0.088782
0.88196	-0.088664
0.87762	-0.088427
0.87343	-0.08821
0.87015	-0.088052
0.86874	-0.087914
0.8658	-0.087875
0.86633	-0.087875
0.86774	-0.087875
0.86621	-0.087895
0.86629	-0.087895
0.86438	-0.087895
0.8634	-0.087895
0.86357	-0.087895
0.86253	-0.087895
0.86353	-0.087895
0.86302	-0.087895
0.86409	-0.087895
0.86432	-0.087895
0.8631	-0.087895
0.86359	-0.087895
0.86223	-0.087895
0.86264	-0.087895
0.86165	-0.087895
0.86374	-0.087895
0.86395	-0.087895
0.86534	-0.087895
0.86459	-0.087895
0.86479	-0.087895
0.86423	-0.087875
0.86079	-0.087678
0.85674	-0.08748
0.85204	-0.087244
0.84491	-0.086987
0.83832	-0.086672
0.83119	-0.086415
0.82713	-0.086317
0.82402	-0.086198
0.81982	-0.08608
0.81966	-0.085902
0.81627	-0.085745
0.8156	-0.085626
0.81071	-0.08539
0.8065	-0.085153
0.80315	-0.084956
0.80144	-0.084817
0.79919	-0.084679
0.79599	-0.084502
0.79413	-0.084344
0.79205	-0.084245
0.79015	-0.084107
0.78882	-0.083989
0.78697	-0.08393
0.7852	-0.083831
0.78378	-0.083634
0.78166	-0.083555
0.78244	-0.083535
0.78358	-0.083516
0.78242	-0.083496
0.78252	-0.083476
0.78169	-0.083476
0.7802	-0.083476
0.77995	-0.083476
0.78131	-0.083476
0.78181	-0.083476
0.78218	-0.083476
0.78198	-0.083476
0.78242	-0.083496
0.78049	-0.083496
0.78075	-0.083496
0.78101	-0.083496
0.78046	-0.083496
0.78104	-0.083496
0.78102	-0.083496
0.78163	-0.083496
0.7813	-0.083496
0.78258	-0.083496
0.78197	-0.083496
0.78235	-0.083496
0.78175	-0.083476
0.78108	-0.083476
0.78168	-0.083476
0.78285	-0.083476
0.78242	-0.083476
0.78299	-0.083476
0.78265	-0.083299
0.77896	-0.083062
0.77678	-0.082825
0.77534	-0.082569
0.77191	-0.082391
0.77074	-0.082293
0.77066	-0.082115
0.76965	-0.081878
0.7681	-0.081642
0.76613	-0.081464
0.76556	-0.081267
0.76459	-0.081109
0.76517	-0.080971
0.76627	-0.080853
0.76779	-0.080695
0.76993	-0.080537
0.76958	-0.08036
0.76711	-0.080123
0.76468	-0.079886
0.75964	-0.07961
0.75365	-0.079452
0.75305	-0.079452
0.75281	-0.079452
0.75249	-0.079452
0.74892	-0.079334
0.74661	-0.079255
0.74655	-0.079255
0.7466	-0.079255
0.74733	-0.079255
0.74702	-0.079255
0.74339	-0.079275
0.73997	-0.079294
0.74142	-0.079294
0.74084	-0.079294
0.7404	-0.079294
0.74136	-0.079294
0.74146	-0.079294
0.7413	-0.079294
0.74107	-0.079294
0.74207	-0.079294
0.74251	-0.079294
0.74266	-0.079294
0.74379	-0.079294
0.74442	-0.079294
0.74393	-0.079294
0.74242	-0.079294
0.7424	-0.079294
0.74307	-0.079294
0.74118	-0.079235
0.73601	-0.079038
0.72882	-0.078841
0.72112	-0.078644
0.71011	-0.078407
0.70381	-0.078249
0.70293	-0.078111
0.69716	-0.077894
0.69534	-0.077736
0.69095	-0.077559
0.66168	-0.077243
0.63185	-0.076987
0.61433	-0.076789
0.59723	-0.076592
0.57986	-0.076454
0.55849	-0.076277
0.52222	-0.07602
0.48074	-0.075823
0.45111	-0.075626
0.42628	-0.075507
0.418	-0.075409
0.40231	-0.075231
0.38588	-0.075073
0.37213	-0.074935
0.36378	-0.074856
0.3575	-0.074797
0.34795	-0.074679
0.33658	-0.074541
0.33096	-0.074442
0.32565	-0.074363
0.31598	-0.074225
0.3107	-0.074146
0.30812	-0.074127
0.30824	-0.074127
0.30765	-0.074127
0.30798	-0.074127
0.30312	-0.074146
0.30049	-0.074146
0.29951	-0.074166
0.2995	-0.074166
0.2991	-0.074166
0.29959	-0.074166
0.29948	-0.074166
0.29958	-0.074166
0.2997	-0.074166
0.29907	-0.074166
0.29881	-0.074166
0.29831	-0.074166
0.29892	-0.074166
0.2977	-0.074166
0.29842	-0.074166
0.29866	-0.074146
0.29817	-0.074146
0.29814	-0.074146
0.29779	-0.074146
0.29771	-0.074146
0.29846	-0.074146
0.29846	-0.074146
0.29849	-0.074146
0.29918	-0.074146
0.29819	-0.074087
0.28941	-0.073949
0.27557	-0.073791
0.25264	-0.073515
0.24026	-0.073298
0.23221	-0.07316
0.21918	-0.072904
0.20692	-0.072667
0.19789	-0.07247
0.18982	-0.072332
0.18582	-0.072233
0.17949	-0.072055
0.17247	-0.071878
0.17067	-0.071838
0.16441	-0.071621
0.16069	-0.071483
0.15678	-0.071345
0.15186	-0.071128
0.14731	-0.070951
0.1438	-0.070793
0.14067	-0.070655
0.1377	-0.070458
0.13449	-0.070221
0.13017	-0.070043
0.1291	-0.069925
0.12726	-0.069826
0.12457	-0.069688
0.12334	-0.06957
0.12091	-0.069412
0.11877	-0.069156
0.11684	-0.068978
0.11533	-0.068899
0.11397	-0.068722
0.11211	-0.068604
0.11212	-0.068544
0.1102	-0.068446
0.11034	-0.068426
0.11037	-0.068426
0.11063	-0.068426
0.11034	-0.068426
0.1106	-0.068446
0.10959	-0.068446
0.1106	-0.068446
0.10959	-0.068446
0.10994	-0.068446
0.10977	-0.068446
0.10916	-0.068446
0.10974	-0.068446
0.10986	-0.068446
0.11017	-0.068446
0.11046	-0.068446
0.11076	-0.068446
0.10983	-0.068446
0.11018	-0.068426
0.11104	-0.068426
0.11038	-0.068426
0.11116	-0.068426
0.11084	-0.068426
0.10837	-0.06815
0.10394	-0.067834
0.09927	-0.067499
0.09378	-0.067164
0.08722	-0.066809
0.07962	-0.066454
0.07306	-0.066118
0.0665	-0.065783
0.06143	-0.065467
0.05775	-0.065231
0.05522	-0.065033
0.05284	-0.064836
0.05067	-0.064619
0.04863	-0.064402
0.04648	-0.064205
0.0459	-0.064047
0.04443	-0.06387
0.04367	-0.063731
0.04285	-0.063593
0.04262	-0.063455
0.0414	-0.063317
0.04132	-0.063219
0.04077	-0.06312
0.04048	-0.063021
0.04019	-0.062903
0.03983	-0.062686
0.03957	-0.062607
0.03911	-0.062587
0.03984	-0.062469
0.03914	-0.06239
0.03905	-0.062351
0.03893	-0.062351
0.03885	-0.062232
0.03877	-0.062213
0.03925	-0.062213
0.03894	-0.062213
0.03879	-0.062213
0.03874	-0.062213
0.03911	-0.062232
0.03873	-0.062232
0.03867	-0.062232
0.039	-0.062232
0.03856	-0.062232
0.0388	-0.062232
0.03893	-0.062232
0.03885	-0.062232
0.03911	-0.062232
0.03914	-0.062232
0.03922	-0.062232
0.03931	-0.062213
0.03906	-0.062213
0.03882	-0.062213
0.03908	-0.062213
0.03925	-0.062213
0.03874	-0.062213
0.03893	-0.062213
0.03918	-0.062193
0.0392	-0.062015
0.03906	-0.061897
0.03905	-0.061739
0.03868	-0.061542
0.03922	-0.061345
0.03896	-0.061128
0.03929	-0.06097
0.03957	-0.060733
0.04005	-0.060457
0.0406	-0.060201
0.04202	-0.059964
0.04306	-0.059727
0.04358	-0.059471
0.04539	-0.059155
0.04678	-0.058859
0.04784	-0.058603
0.04849	-0.058347
0.04935	-0.05809
0.05013	-0.057913
0.05075	-0.057558
0.05161	-0.057045
0.05196	-0.056847
0.0519	-0.056847
0.05133	-0.056847
0.05159	-0.056847
0.05183	-0.056847
0.05194	-0.056926
0.05128	-0.056926
0.05182	-0.056926
0.05157	-0.056926
0.0518	-0.056926
0.05156	-0.056926
0.05154	-0.056926
0.05199	-0.056926
0.05205	-0.056926
0.05164	-0.056887
0.05161	-0.056847
0.05164	-0.056847
0.05151	-0.056847
0.0517	-0.056847
0.05176	-0.05669
0.05254	-0.056315
0.0535	-0.055861
0.05571	-0.055368
0.05817	-0.054895
0.06194	-0.054441
0.06583	-0.054027
0.0722	-0.053494
0.07748	-0.053001
0.08018	-0.052607
0.08047	-0.052133
0.07817	-0.051778
0.07727	-0.051699
0.07755	-0.051699
0.07779	-0.051758
0.07777	-0.051758
0.07758	-0.051758
0.07742	-0.051758
0.07779	-0.051758
0.07764	-0.051758
0.07762	-0.051758
0.07739	-0.051699
0.07758	-0.051699
0.07573	-0.051403
0.07129	-0.050812
0.06917	-0.050003
0.07076	-0.049312
0.07533	-0.048681
0.08289	-0.048011
0.0872	-0.047478
0.08569	-0.046807
0.07898	-0.046314
0.07452	-0.046018
0.07344	-0.045959
0.07358	-0.045979
0.07368	-0.046038
0.07364	-0.046038
0.07356	-0.046038
0.07416	-0.046038
0.07353	-0.046038
0.07385	-0.046038
0.07344	-0.046038
0.07349	-0.045979
0.07387	-0.045979
0.0735	-0.045959
0.06847	-0.045506
0.06496	-0.044874
0.06499	-0.044381
0.06737	-0.043691
0.0714	-0.042902
0.07079	-0.042172
0.0639	-0.041521
0.05936	-0.041146
0.05927	-0.041067
0.05876	-0.041067
0.05888	-0.041067
0.05872	-0.041107
0.05849	-0.041107
0.05901	-0.041107
0.05911	-0.041107
0.05833	-0.041107
0.05914	-0.041107
0.05861	-0.041087
0.05853	-0.041067
0.05872	-0.041067
0.05734	-0.040811
0.05443	-0.040298
0.05338	-0.039667
0.0544	-0.038996
0.05547	-0.038385
0.05421	-0.037833
0.05052	-0.037221
0.04727	-0.036827
0.04669	-0.036708
0.04645	-0.036708
0.04677	-0.036708
0.04636	-0.036748
0.04648	-0.036728
0.04675	-0.036728
0.04662	-0.036728
0.04654	-0.036728
0.04642	-0.036708
0.04648	-0.036708
0.04697	-0.036708
0.04648	-0.036708
0.04578	-0.036373
0.04431	-0.035978
0.04385	-0.035505
0.0435	-0.035051
0.04417	-0.034657
0.04411	-0.034124
0.04333	-0.033572
0.04082	-0.032822
0.04012	-0.032349
0.04007	-0.032191
0.03995	-0.032171
0.04031	-0.032231
0.04008	-0.032231
0.04041	-0.032231
0.04008	-0.032231
0.04021	-0.032231
0.04004	-0.032231
0.03993	-0.032231
0.03984	-0.032231
0.03995	-0.032191
0.04016	-0.032171
0.04001	-0.032171
0.03978	-0.031954
0.03944	-0.03154
0.03976	-0.03087
0.03923	-0.029962
0.03914	-0.028858
0.03937	-0.028009
0.03973	-0.02726
0.04001	-0.027043
0.03995	-0.027043
0.04025	-0.027142
0.04024	-0.027161
0.04068	-0.027161
0.04044	-0.027142
0.0405	-0.027142
0.04051	-0.027142
0.04048	-0.027142
0.04079	-0.027142
0.04047	-0.027102
0.04051	-0.026964
0.04121	-0.026491
0.04172	-0.025938
0.04176	-0.02513
0.04205	-0.02442
0.04385	-0.02367
0.04411	-0.023197
0.0448	-0.022782
0.04422	-0.02227
0.04359	-0.021678
0.04416	-0.02154
0.04395	-0.021559
0.0437	-0.021559
0.04387	-0.021559
0.04408	-0.021559
0.04416	-0.021559
0.04378	-0.021559
0.04366	-0.021559
0.04387	-0.021559
0.04382	-0.021559
0.04355	-0.021303
0.04515	-0.020672
0.0471	-0.019804
0.04626	-0.019074
0.04494	-0.018344
0.04613	-0.017555
0.04836	-0.016885
0.04793	-0.01649
0.04768	-0.016332
0.04749	-0.016352
0.048	-0.016372
0.04738	-0.016372
0.04788	-0.016372
0.04797	-0.016372
0.04749	-0.016352
0.04765	-0.016352
0.04776	-0.016352
0.04781	-0.016352
0.04765	-0.016352
0.04706	-0.016036
0.04594	-0.015346
0.04639	-0.014399
0.04742	-0.013492
0.04556	-0.012604
0.04539	-0.011776
0.04596	-0.011283
0.04704	-0.011125
0.04622	-0.011164
0.0464	-0.011184
0.04666	-0.011184
0.04633	-0.011184
0.04623	-0.011184
0.04625	-0.011164
0.04671	-0.011164
0.04669	-0.011164
0.04665	-0.011164
0.04674	-0.011026
0.04594	-0.010435
0.04362	-0.009705
0.04414	-0.008876
0.04436	-0.008225
0.04214	-0.007081
0.04201	-0.00647
0.04234	-0.00576
0.04321	-0.005306
0.04269	-0.005207
0.04309	-0.005207
0.0428	-0.005227
0.0421	-0.005227
0.04283	-0.005227
0.04253	-0.005227
0.04228	-0.005227
0.0424	-0.005227
0.04262	-0.005227
0.04259	-0.005207
0.04254	-0.005207
0.0425	-0.005207
0.04272	-0.005188
0.04208	-0.004793
0.0415	-0.004142
0.04124	-0.003314
0.04095	-0.002821
0.04076	-0.002229
0.04073	-0.001795
0.04047	-0.001322
0.0401	-0.00082845
0.04027	-0.000532575
0.04025	-0.0005523
0.04027	-0.000572025
0.04033	-0.00059175
0.04008	-0.00059175
0.04005	-0.00059175
0.04063	-0.00059175
0.04065	-0.00059175
0.03973	-0.00059175
0.04019	-0.000572025
0.04033	-0.000572025
0.04071	-0.00035505
0.04041	1.9725e-05
0.04044	1.9725e-05
0.0403	3.945e-05
0.04021	3.945e-05
0.04041	3.945e-05
0.04031	3.945e-05
0.04041	5.9175e-05
0.0406	9.8625e-05
0.04059	0.00011835
0.04071	0.00011835
0.04041	0.00011835
0.04045	0.00011835
0.04056	9.8625e-05
0.04057	3.945e-05
0.04065	5.909986e-16
0.04024	5.909986e-16
0.0403	5.909986e-16
0.04054	5.909986e-16
0.04033	5.909986e-16
0.0401	5.909986e-16
0.03983	5.909986e-16
0.04007	5.909986e-16
0.03979	5.909986e-16
0.0403	5.909986e-16
0.0401	5.909986e-16
0.04047	5.909986e-16
0.04025	5.909986e-16
0.04033	5.909986e-16
0.04019	5.909986e-16
0.0403	5.909986e-16
0.0403	5.909986e-16
0.04028	5.909986e-16
0.04048	5.909986e-16
0.04031	5.909986e-16
0.04057	5.909986e-16
0.04045	5.909986e-16
0.0403	5.909986e-16
0.0403	5.909986e-16
0.04065	5.909986e-16
0.0405	5.909986e-16
0.04056	5.909986e-16
0.04028	5.909986e-16
0.04007	5.909986e-16
0.04025	5.909986e-16
0.04037	5.909986e-16
0.04024	5.909986e-16
0.04037	5.909986e-16
0.0403	5.909986e-16
0.04018	5.909986e-16
0.04045	5.909986e-16
0.04054	5.909986e-16
0.04007	5.909986e-16
0.04008	5.909986e-16
0.04001	5.909986e-16
0.04082	5.909986e-16
0.04015	5.909986e-16
0.0403	5.909986e-16
0.03999	5.909986e-16
0.03995	5.909986e-16
0.04048	5.909986e-16
0.04024	5.909986e-16
0.04002	5.909986e-16
0.03979	5.909986e-16
0.0407	5.909986e-16
0.04047	5.909986e-16
0.04053	5.909986e-16
0.04041	5.909986e-16
0.03964	5.909986e-16
0.04004	5.909986e-16
0.03981	5.909986e-16
0.0403	5.909986e-16
0.04024	5.909986e-16
0.04044	5.909986e-16
0.04022	5.909986e-16
0.04004	5.909986e-16
0.04013	5.909986e-16
0.03999	5.909986e-16
0.03981	5.909986e-16
0.03999	5.909986e-16
0.03955	5.909986e-16
0.03972	5.909986e-16
0.03986	5.909986e-16
0.03979	5.909986e-16
0.03995	5.909986e-16
0.03999	5.909986e-16
0.03972	5.909986e-16
0.03979	5.909986e-16
0.03981	5.909986e-16
0.04004	5.909986e-16
0.03998	5.909986e-16
0.0397	5.909986e-16
0.03981	5.909986e-16
0.04008	5.909986e-16
0.03976	5.909986e-16
0.03978	5.909986e-16
0.03951	5.909986e-16
0.03944	5.909986e-16
0.03944	5.909986e-16
0.03952	5.909986e-16
0.03946	5.909986e-16
0.03946	5.909986e-16
0.03958	5.909986e-16
0.03937	5.909986e-16
0.03979	5.909986e-16
0.03931	5.909986e-16
0.03865	5.909986e-16
0.03888	5.909986e-16
0.03848	5.909986e-16
0.03819	5.909986e-16
0.03772	5.909986e-16
0.0377	5.909986e-16
0.03778	5.909986e-16
0.03778	5.909986e-16
0.03802	5.909986e-16
0.03758	5.909986e-16
0.03804	5.909986e-16
0.03819	5.909986e-16
0.03841	5.909986e-16
0.03812	5.909986e-16
0.03841	5.909986e-16
0.03807	5.909986e-16
