Time (s) intensità_laser_sole	Light Intensity (% of scale max) intensità_laser_sole
0.0	35.33839
0.04	35.33659
0.08	35.33577
0.12	35.33789
0.16	35.34084
0.2	35.34088
0.24	35.33739
0.28	35.33514
0.32	35.33838
0.36	35.33998
0.4	35.33958
0.44	35.33719
0.48	35.33395
0.52	35.33527
0.56	35.33522
0.6	35.33989
0.64	35.33289
0.68	35.33218
0.72	35.33267
0.76	35.33197
0.8	35.33572
0.84	35.3343
0.88	35.33711
0.92	35.33035
0.96	35.33492
1.0	35.33276
1.04	35.33549
1.08	35.33093
1.12	35.33275
1.16	35.32898
1.2	35.33362
1.24	35.33797
1.28	35.33469
1.32	35.33205
1.36	35.33165
1.4	35.32716
1.44	35.33388
1.48	35.33745
1.52	35.33289
1.56	35.33266
1.6	35.33301
1.64	35.33868
1.68	35.33704
1.72	35.33997
1.76	35.33389
1.8	35.3345
1.84	35.33821
1.88	35.34186
1.92	35.33305
1.96	35.33379
2.0	35.33264
2.04	35.33856
2.08	35.33855
2.12	35.33818
2.16	35.33879
2.2	35.3356
2.24	35.33662
2.28	35.3367
2.32	35.33876
2.36	35.33113
2.4	35.33241
2.44	35.33128
2.48	35.33296
2.52	35.33716
2.56	35.33418
2.6	35.33257
2.64	35.33015
2.68	35.33057
2.72	35.33052
2.76	35.33241
2.8	35.33592
2.84	35.33446
2.88	35.33037
2.92	35.3327
2.96	35.33087
3.0	35.33655
3.04	35.33167
3.08	35.33226
3.12	35.33235
3.16	35.33151
3.2	35.33961
3.24	35.33606
3.28	35.3378
3.32	35.33072
3.36	35.33057
3.4	35.33093
3.44	35.3325
3.48	35.33737
3.52	35.3349
3.56	35.33559
3.6	35.33182
3.64	35.33336
3.68	35.33424
3.72	35.3354
3.76	35.33066
3.8	35.32823
3.84	35.3322
3.88	35.3324
3.92	35.33612
3.96	35.32726
4.0	35.32997
4.04	35.32787
4.08	35.32999
4.12	35.32961
4.16	35.33305
4.2	35.33527
4.24	35.33351
4.28	35.33113
4.32	35.33138
4.36	35.33055
4.4	35.3297
4.44	35.33199
4.48	35.32803
4.52	35.33018
4.56	35.32841
4.6	35.32918
4.64	35.33308
4.68	35.33218
4.72	35.332
4.76	35.32654
4.8	35.31071
4.84	35.32497
4.88	35.32852
4.92	35.33144
4.96	35.33208
5.0	35.32898
5.04	35.32793
5.08	35.33324
5.12	35.32983
5.16	35.32962
5.2	35.32698
5.24	35.32809
5.28	35.32623
5.32	35.33012
5.36	35.33319
5.4	35.3299
5.44	35.33235
5.48	35.32765
5.52	35.32834
5.56	35.32549
5.6	35.3295
5.64	35.33098
5.68	35.32922
5.72	35.32509
5.76	35.32294
5.8	35.32375
5.84	35.32439
5.88	35.33028
5.92	35.32671
5.96	35.33261
6.0	35.327
6.04	35.32632
6.08	35.32639
6.12	35.32892
6.16	35.3306
6.2	35.32545
6.24	35.32899
6.28	35.32744
6.32	35.33334
6.36	35.33258
6.4	35.33386
6.44	35.32851
6.48	35.32298
6.52	35.3275
6.56	35.33241
6.6	35.33237
6.64	35.32924
6.68	35.32979
6.72	35.33041
6.76	35.3343
6.8	35.33235
6.84	35.33044
6.88	35.32849
6.92	35.33118
6.96	35.33159
7.0	35.33348
7.04	35.32616
7.08	35.33112
7.12	35.32912
7.16	35.33302
7.2	35.33318
7.24	35.33212
7.28	35.32971
7.32	35.32764
7.36	35.33081
7.4	35.33096
7.44	35.32915
7.48	35.32773
7.52	35.32635
7.56	35.3302
7.6	35.32858
7.64	35.32687
7.68	35.32599
7.72	35.32803
7.76	35.33276
7.8	35.33339
7.84	35.32504
7.88	35.31926
7.92	35.32767
7.96	35.33063
8.0	35.33397
8.04	35.32751
8.08	35.32858
8.12	35.32803
8.16	35.33229
8.2	35.32664
8.24	35.32634
8.28	35.32446
8.32	35.32927
8.36	35.32294
8.4	35.33119
8.44	35.32869
8.48	35.3289
8.52	35.32764
8.56	35.33258
8.6	35.32791
8.64	35.32875
8.68	35.32751
8.72	35.32831
8.76	35.32678
8.8	35.32736
8.84	35.32922
8.88	35.32829
8.92	35.32368
8.96	35.32495
9.0	35.32559
9.04	35.3271
9.08	35.32155
9.12	35.32721
9.16	35.32281
9.2	35.31947
9.24	35.31467
9.28	35.31627
9.32	35.31419
9.36	35.31471
9.4	35.31238
9.44	35.31137
9.48	35.31464
9.52	35.31432
9.56	35.31685
9.6	35.31361
9.64	35.31398
9.68	35.31233
9.72	35.31493
9.76	35.31528
9.8	35.31395
9.84	35.31345
9.88	35.31012
9.92	35.31473
9.96	35.31268
10.0	35.31609
10.04	35.31084
10.08	35.30923
10.12	35.31068
10.16	35.31261
10.2	35.30919
10.24	35.30896
10.28	35.31029
10.32	35.31197
10.36	35.31116
10.4	35.30669
10.44	35.30843
10.48	35.31207
10.52	35.3091
10.56	35.30757
10.6	35.30876
10.64	35.30702
10.68	35.30963
10.72	35.30827
10.76	35.30893
10.8	35.30632
10.84	35.31079
10.88	35.30743
10.92	35.30972
10.96	35.30965
11.0	35.31566
11.04	35.30977
11.08	35.31096
11.12	35.30956
11.16	35.31494
11.2	35.31592
11.24	35.31013
11.28	35.31223
11.32	35.31467
11.36	35.31485
11.4	35.31755
11.44	35.31627
11.48	35.31238
11.52	35.31236
11.56	35.31741
11.6	35.31898
11.64	35.31682
11.68	35.31831
11.72	35.31447
11.76	35.31215
11.8	35.31137
11.84	35.3165
11.88	35.31352
11.92	35.31355
11.96	35.31004
12.0	35.31395
12.04	35.31552
12.08	35.31506
12.12	35.31076
12.16	35.31287
12.2	35.31125
12.24	35.31471
12.28	35.31297
12.32	35.31142
12.36	35.30971
12.4	35.31035
12.44	35.31342
12.48	35.31567
12.52	35.31572
12.56	35.31096
12.6	35.31639
12.64	35.31378
12.68	35.31732
12.72	35.31461
12.76	35.31265
12.8	35.31538
12.84	35.3179
12.88	35.31389
12.92	35.31282
12.96	35.3114
13.0	35.31554
13.04	35.31528
13.08	35.31607
13.12	35.31293
13.16	35.31403
13.2	35.31236
13.24	35.31685
13.28	35.31342
13.32	35.3172
13.36	35.31525
13.4	35.32378
13.44	35.31784
13.48	35.31854
13.52	35.31989
13.56	35.32266
13.6	35.32591
13.64	35.32449
13.68	35.32579
13.72	35.32123
13.76	35.32063
13.8	35.31818
13.84	35.31905
13.88	35.31931
13.92	35.31549
13.96	35.31714
14.0	35.31584
14.04	35.3221
14.08	35.31813
14.12	35.32176
14.16	35.31804
14.2	35.31731
14.24	35.32182
14.28	35.32274
14.32	35.32182
14.36	35.32091
14.4	35.32217
14.44	35.32587
14.48	35.32542
14.52	35.32819
14.56	35.32358
14.6	35.32335
14.64	35.32272
14.68	35.32503
14.72	35.32698
14.76	35.3259
14.8	35.32454
14.84	35.32082
14.88	35.32065
14.92	35.32112
14.96	35.32285
15.0	35.32402
15.04	35.32309
15.08	35.32172
15.12	35.31883
15.16	35.32089
15.2	35.3215
15.24	35.32471
15.28	35.32166
15.32	35.32019
15.36	35.3208
15.4	35.32379
15.44	35.32439
15.48	35.32259
15.52	35.32155
15.56	35.31888
15.6	35.32288
15.64	35.32062
15.68	35.32413
15.72	35.32112
15.76	35.32155
15.8	35.32141
15.84	35.3252
15.88	35.32896
15.92	35.32777
15.96	35.32431
16.0	35.32417
16.04	35.32265
16.08	35.32533
16.12	35.32565
16.16	35.32248
16.2	35.32164
16.24	35.32498
16.28	35.32845
16.32	35.32634
16.36	35.32451
16.4	35.32076
16.44	35.32465
16.48	35.32504
16.52	35.32793
16.56	35.32777
16.6	35.32419
16.64	35.32637
16.68	35.32458
16.72	35.32686
16.76	35.32416
16.8	35.32695
16.84	35.3243
16.88	35.3214
16.92	35.32167
16.96	35.32611
17.0	35.32529
17.04	35.31776
17.08	35.32779
17.12	35.32574
17.16	35.32549
17.2	35.32309
17.24	35.32669
17.28	35.3289
17.32	35.32822
17.36	35.32532
17.4	35.32538
17.44	35.32669
17.48	35.32405
17.52	35.3282
17.56	35.32976
17.6	35.33142
17.64	35.32835
17.68	35.32515
17.72	35.32835
17.76	35.32826
17.8	35.32742
17.84	35.32234
17.88	35.32402
17.92	35.32268
17.96	35.3268
18.0	35.32939
18.04	35.32883
18.08	35.32462
18.12	35.32465
18.16	35.32686
18.2	35.32213
18.24	35.3252
18.28	35.32768
18.32	35.32957
18.36	35.32468
18.4	35.32404
18.44	35.32425
18.48	35.32646
18.52	35.32709
18.56	35.32744
18.6	35.32878
18.64	35.32764
18.68	35.32533
18.72	35.32745
18.76	35.32643
18.8	35.32646
18.84	35.32426
18.88	35.32451
18.92	35.32263
18.96	35.32524
19.0	35.32794
19.04	35.32768
19.08	35.32573
19.12	35.3237
19.16	35.32681
19.2	35.32535
19.24	35.32904
19.28	35.33171
19.32	35.32877
19.36	35.32874
19.4	35.32445
19.44	35.3277
19.48	35.32681
19.52	35.32903
19.56	35.32541
19.6	35.32782
19.64	35.32436
19.68	35.32901
19.72	35.33018
19.76	35.32921
19.8	35.32982
19.84	35.32521
19.88	35.32657
19.92	35.32695
19.96	35.32477
20.0	35.32802
20.04	35.32922
20.08	35.32809
20.12	35.32576
20.16	35.32625
20.2	35.32362
20.24	35.32809
20.28	35.3306
20.32	35.32887
20.36	35.32011
20.4	35.3213
20.44	35.32726
20.48	35.32779
20.52	35.32307
20.56	35.32167
20.6	35.32237
20.64	35.32635
20.68	35.32936
20.72	35.32394
20.76	35.33148
20.8	35.32469
20.84	35.32549
20.88	35.32324
20.92	35.3241
20.96	35.32663
21.0	35.32439
21.04	35.32526
21.08	35.32637
21.12	35.32333
21.16	35.32364
21.2	35.32539
21.24	35.32356
21.28	35.32344
21.32	35.3239
21.36	35.32523
21.4	35.32764
21.44	35.32828
21.48	35.33032
21.52	35.32823
21.56	35.32828
21.6	35.32669
21.64	35.32776
21.68	35.32729
21.72	35.32512
21.76	35.32512
21.8	35.32487
21.84	35.32913
21.88	35.33014
21.92	35.33043
21.96	35.32524
22.0	35.32294
22.04	35.32513
22.08	35.3269
22.12	35.32819
22.16	35.32736
22.2	35.32773
22.24	35.31645
22.28	35.32483
22.32	35.32513
22.36	35.32808
22.4	35.32997
22.44	35.33122
22.48	35.3279
22.52	35.32538
22.56	35.32756
22.6	35.3289
22.64	35.33206
22.68	35.328
22.72	35.32768
22.76	35.32515
22.8	35.32973
22.84	35.33171
22.88	35.32951
22.92	35.32764
22.96	35.3264
23.0	35.33032
23.04	35.3297
23.08	35.33044
23.12	35.32587
23.16	35.32567
23.2	35.32831
23.24	35.32764
23.28	35.32426
23.32	35.32639
23.36	35.32959
23.4	35.33102
23.44	35.33188
23.48	35.32509
23.52	35.32726
23.56	35.33235
23.6	35.33235
23.64	35.33115
23.68	35.32613
23.72	35.32755
23.76	35.32729
23.8	35.33078
23.84	35.32657
23.88	35.32755
23.92	35.32596
23.96	35.32761
24.0	35.32954
24.04	35.33047
24.08	35.32616
24.12	35.32582
24.16	35.32701
24.2	35.32806
24.24	35.33211
24.28	35.32797
24.32	35.32571
24.36	35.32736
24.4	35.33389
24.44	35.32837
24.48	35.32947
24.52	35.32483
24.56	35.3266
24.6	35.32469
24.64	35.32964
24.68	35.32936
24.72	35.32968
24.76	35.32558
24.8	35.32486
24.84	35.33102
24.88	35.33173
24.92	35.32536
24.96	35.32597
25.0	35.32327
25.04	35.32733
25.08	35.33035
25.12	35.32489
25.16	35.32559
25.2	35.32281
25.24	35.32529
25.28	35.32605
25.32	35.32845
25.36	35.32634
25.4	35.32253
25.44	35.32393
25.48	35.32219
25.52	35.32576
25.56	35.32785
25.6	35.32895
25.64	35.32561
25.68	35.32326
25.72	35.32329
25.76	35.32188
25.8	35.32523
25.84	35.32632
25.88	35.32275
25.92	35.32504
25.96	35.32657
26.0	35.32195
26.04	35.32434
26.08	35.31801
26.12	35.31573
26.16	35.31171
26.2	35.31929
26.24	35.32039
26.28	35.31374
26.32	35.31142
26.36	35.31264
26.4	35.31569
26.44	35.31117
26.48	35.31845
26.52	35.31706
26.56	35.31573
26.6	35.31198
26.64	35.31711
26.68	35.32086
26.72	35.31683
26.76	35.31758
26.8	35.31384
26.84	35.31479
26.88	35.31195
26.92	35.31821
26.96	35.31488
27.0	35.31931
27.04	35.31209
27.08	35.31488
27.12	35.31841
27.16	35.31589
27.2	35.32269
27.24	35.31679
27.28	35.3187
27.32	35.3167
27.36	35.31396
27.4	35.31804
27.44	35.3213
27.48	35.3179
27.52	35.31978
27.56	35.3157
27.6	35.32027
27.64	35.31706
27.68	35.31384
27.72	35.31432
27.76	35.31512
27.8	35.31966
27.84	35.31889
27.88	35.31934
27.92	35.31458
27.96	35.31233
28.0	35.31226
28.04	35.31424
28.08	35.31374
28.12	35.3141
28.16	35.31441
28.2	35.3136
28.24	35.31274
28.28	35.31158
28.32	35.31053
28.36	35.31604
28.4	35.31715
28.44	35.31705
28.48	35.31267
28.52	35.31651
28.56	35.31715
28.6	35.31981
28.64	35.31349
28.68	35.31181
28.72	35.31091
28.76	35.31404
28.8	35.31805
28.84	35.31667
28.88	35.31425
28.92	35.31578
28.96	35.31949
29.0	35.31677
29.04	35.31569
29.08	35.31186
29.12	35.31464
29.16	35.31281
29.2	35.31316
29.24	35.31723
29.28	35.3183
29.32	35.31181
29.36	35.3119
29.4	35.31607
29.44	35.31189
29.48	35.31198
29.52	35.31075
29.56	35.31154
29.6	35.3139
29.64	35.31505
29.68	35.30984
29.72	35.31059
29.76	35.31216
29.8	35.31619
29.84	35.31454
29.88	35.31619
29.92	35.31334
29.96	35.3109
30.0	35.31085
30.04	35.30956
30.08	35.31491
30.12	35.31175
30.16	35.31374
30.2	35.31621
30.24	35.30952
30.28	35.30881
30.32	35.30907
30.36	35.31381
30.4	35.31381
30.44	35.31541
30.48	35.30984
30.52	35.31015
30.56	35.31181
30.6	35.31372
30.64	35.30991
30.68	35.30838
30.72	35.30779
30.76	35.3127
30.8	35.30899
30.84	35.31073
30.88	35.30898
30.92	35.31229
30.96	35.31039
31.0	35.30867
31.04	35.30904
31.08	35.32504
31.12	35.34097
31.16	35.31749
31.2	35.32114
31.24	35.31085
31.28	35.30388
31.32	35.3158
31.36	35.31206
31.4	35.31168
31.44	35.30286
31.48	35.31717
31.52	35.30975
31.56	35.30928
31.6	35.30635
31.64	35.30844
31.68	35.30733
31.72	35.30716
31.76	35.30984
31.8	35.30618
31.84	35.30742
31.88	35.31267
31.92	35.30681
31.96	35.3094
32.0	35.30627
32.04	35.31223
32.08	35.30782
32.12	35.30681
32.16	35.30421
32.2	35.30855
32.24	35.30814
32.28	35.3058
32.32	35.30934
32.36	35.31059
32.4	35.31039
32.44	35.30661
32.48	35.30638
32.52	35.31207
32.56	35.30887
32.6	35.30885
32.64	35.30954
32.68	35.30875
32.72	35.31526
32.76	35.30986
32.8	35.31073
32.84	35.31265
32.88	35.31827
32.92	35.30875
32.96	35.31247
33.0	35.31561
33.04	35.31833
33.08	35.31531
33.12	35.31476
33.16	35.31621
33.2	35.31401
33.24	35.31784
33.28	35.31873
33.32	35.31664
33.36	35.31454
33.4	35.3165
33.44	35.31592
33.48	35.31821
33.52	35.3175
33.56	35.31905
33.6	35.31702
33.64	35.31766
33.68	35.32045
33.72	35.32306
33.76	35.31651
33.8	35.31874
33.84	35.3177
33.88	35.32022
33.92	35.32443
33.96	35.32181
34.0	35.31744
34.04	35.31911
34.08	35.32297
34.12	35.31992
34.16	35.31532
34.2	35.31619
34.24	35.30405
34.28	35.30772
34.32	35.30981
34.36	35.30473
34.4	35.3157
34.44	35.31105
34.48	35.30438
34.52	35.31444
34.56	35.31354
34.6	35.32773
34.64	35.31573
34.68	35.31763
34.72	35.32048
34.76	35.31992
34.8	35.31874
34.84	35.31522
34.88	35.31897
34.92	35.32005
34.96	35.3161
35.0	35.32242
35.04	35.31606
35.08	35.31842
35.12	35.31482
35.16	35.31976
35.2	35.31766
35.24	35.32439
35.28	35.32088
35.32	35.31891
35.36	35.32458
35.4	35.32193
35.44	35.32196
35.48	35.31906
35.52	35.31909
35.56	35.31808
35.6	35.32144
35.64	35.32365
35.68	35.32198
35.72	35.3208
35.76	35.31543
35.8	35.3179
35.84	35.31808
35.88	35.32437
35.92	35.32335
35.96	35.32571
36.0	35.31906
36.04	35.31468
36.08	35.31734
36.12	35.31717
36.16	35.3221
36.2	35.32005
36.24	35.32492
36.28	35.31952
36.32	35.31728
36.36	35.31961
36.4	35.32201
36.44	35.31776
36.48	35.31488
36.52	35.31732
36.56	35.31471
36.6	35.3172
36.64	35.31935
36.68	35.31599
36.72	35.32056
36.76	35.3159
36.8	35.31775
36.84	35.3143
36.88	35.31601
36.92	35.31862
36.96	35.30328
37.0	35.30052
37.04	35.30211
37.08	35.29742
37.12	35.3053
37.16	35.3105
37.2	35.30754
37.24	35.3044
37.28	35.30794
37.32	35.31247
37.36	35.31429
37.4	35.31424
37.44	35.31363
37.48	35.30861
37.52	35.31042
37.56	35.31041
37.6	35.31766
37.64	35.3134
37.68	35.31612
37.72	35.31401
37.76	35.31528
37.8	35.31415
37.84	35.31735
37.88	35.31787
37.92	35.31291
37.96	35.31804
38.0	35.31526
38.04	35.319
38.08	35.31738
38.12	35.31711
38.16	35.31488
38.2	35.31419
38.24	35.31374
38.28	35.31235
38.32	35.31435
38.36	35.31613
38.4	35.32027
38.44	35.317
38.48	35.31364
38.52	35.31149
38.56	35.3094
38.6	35.31592
38.64	35.31564
38.68	35.31198
38.72	35.31468
38.76	35.31549
38.8	35.31433
38.84	35.31514
38.88	35.31221
38.92	35.31279
38.96	35.31094
39.0	35.3141
39.04	35.31657
39.08	35.32262
39.12	35.31487
39.16	35.31342
39.2	35.31947
39.24	35.31686
39.28	35.31172
39.32	35.31175
39.36	35.31325
39.4	35.315
39.44	35.31883
39.48	35.31409
39.52	35.31519
39.56	35.31317
39.6	35.31602
39.64	35.31956
39.68	35.31895
39.72	35.31227
39.76	35.31813
39.8	35.3149
39.84	35.31866
39.88	35.31314
39.92	35.31401
39.96	35.31488
40.0	35.31586
40.04	35.32074
40.08	35.32166
40.12	35.31723
40.16	35.31508
40.2	35.31567
40.24	35.31828
40.28	35.31419
40.32	35.31224
40.36	35.31555
40.4	35.30995
40.44	35.31044
40.48	35.30998
40.52	35.30632
40.56	35.31273
40.6	35.31071
40.64	35.31287
40.68	35.3107
40.72	35.30791
40.76	35.31398
40.8	35.31091
40.84	35.30853
40.88	35.30605
40.92	35.30527
40.96	35.30814
41.0	35.31047
41.04	35.30588
41.08	35.30334
41.12	35.30557
41.16	35.30829
41.2	35.30139
41.24	35.30042
41.28	35.29791
41.32	35.29329
41.36	35.29579
41.4	35.29413
41.44	35.29604
41.48	35.2979
41.52	35.30466
41.56	35.29048
41.6	35.29605
41.64	35.30946
41.68	35.30042
41.72	35.30684
41.76	35.30745
41.8	35.31281
41.84	35.30728
41.88	35.30507
41.92	35.30774
41.96	35.30591
42.0	35.31281
42.04	35.306
42.08	35.30615
42.12	35.30737
42.16	35.31221
42.2	35.31055
42.24	35.30905
42.28	35.30814
42.32	35.30804
42.36	35.30611
42.4	35.30745
42.44	35.30826
42.48	35.31238
42.52	35.30841
42.56	35.30563
42.6	35.30342
42.64	35.30779
42.68	35.31189
42.72	35.30847
42.76	35.30711
42.8	35.30348
42.84	35.30829
42.88	35.311
42.92	35.31114
42.96	35.30881
43.0	35.30902
43.04	35.30887
43.08	35.30693
43.12	35.31169
43.16	35.30421
43.2	35.30606
43.24	35.30437
43.28	35.31081
43.32	35.30798
43.36	35.30486
43.4	35.30731
43.44	35.30933
43.48	35.30994
43.52	35.30766
43.56	35.31151
43.6	35.31149
43.64	35.30952
43.68	35.31044
43.72	35.30687
43.76	35.30669
43.8	35.31145
43.84	35.31194
43.88	35.30565
43.92	35.30823
43.96	35.30891
44.0	35.31018
44.04	35.31154
44.08	35.30191
44.12	35.29556
44.16	35.28981
44.2	35.29008
44.24	35.29205
44.28	35.29013
44.32	35.28979
44.36	35.28978
44.4	35.29224
44.44	35.29485
44.48	35.29245
44.52	35.29181
44.56	35.28995
44.6	35.29066
44.64	35.29018
44.68	35.29411
44.72	35.29445
44.76	35.29553
44.8	35.29239
44.84	35.29224
44.88	35.29333
44.92	35.29222
44.96	35.29454
45.0	35.28967
45.04	35.28972
45.08	35.28992
45.12	35.29199
45.16	35.29221
45.2	35.29373
45.24	35.28915
45.28	35.2892
45.32	35.29022
45.36	35.29111
45.4	35.29088
45.44	35.28677
45.48	35.2883
45.52	35.28902
45.56	35.29295
45.6	35.28757
45.64	35.28624
45.68	35.28569
45.72	35.29057
45.76	35.26891
45.8	35.28326
45.84	35.28812
45.88	35.28697
45.92	35.28351
45.96	35.28633
46.0	35.28857
46.04	35.28992
46.08	35.28665
46.12	35.28798
46.16	35.2914
46.2	35.29225
46.24	35.28677
46.28	35.28703
46.32	35.28691
46.36	35.29074
46.4	35.28781
46.44	35.28911
46.48	35.28911
46.52	35.29362
46.56	35.29648
46.6	35.29665
46.64	35.29247
46.68	35.29369
46.72	35.29842
46.76	35.29428
46.8	35.29382
46.84	35.29175
46.88	35.29485
46.92	35.29247
46.96	35.29675
47.0	35.29202
47.04	35.29289
47.08	35.28851
47.12	35.29129
47.16	35.28664
47.2	35.28654
47.24	35.28516
47.28	35.28932
47.32	35.28658
47.36	35.29337
47.4	35.28885
47.44	35.28477
47.48	35.28651
47.52	35.28851
47.56	35.28773
47.6	35.29024
47.64	35.28746
47.68	35.28697
47.72	35.28838
47.76	35.28596
47.8	35.29105
47.84	35.28641
47.88	35.28763
47.92	35.28636
47.96	35.29089
48.0	35.29018
48.04	35.2901
48.08	35.28796
48.12	35.28847
48.16	35.28877
48.2	35.289
48.24	35.28952
48.28	35.2878
48.32	35.28653
48.36	35.28659
48.4	35.29018
48.44	35.29385
48.48	35.29245
48.52	35.28688
48.56	35.28696
48.6	35.28572
48.64	35.29051
48.68	35.29025
48.72	35.29041
48.76	35.29066
48.8	35.28613
48.84	35.28453
48.88	35.28511
48.92	35.28946
48.96	35.29033
49.0	35.28679
49.04	35.28674
49.08	35.28624
49.12	35.29086
49.16	35.29076
49.2	35.2847
49.24	35.28297
49.28	35.28815
49.32	35.28929
49.36	35.28636
49.4	35.28448
49.44	35.28426
49.48	35.28841
49.52	35.28783
49.56	35.28371
49.6	35.28522
49.64	35.28807
49.68	35.28865
49.72	35.29056
49.76	35.28444
49.8	35.29051
49.84	35.28925
49.88	35.28867
49.92	35.28598
49.96	35.28821
50.0	35.29025
50.04	35.29025
50.08	35.28963
50.12	35.28592
50.16	35.28604
50.2	35.285
50.24	35.28784
50.28	35.28905
50.32	35.28914
50.36	35.28427
50.4	35.28227
50.44	35.28246
50.48	35.28506
50.52	35.28777
50.56	35.28529
50.6	35.28302
50.64	35.28246
50.68	35.28557
50.72	35.28461
50.76	35.28885
50.8	35.28333
50.84	35.28291
50.88	35.28319
50.92	35.28838
50.96	35.28647
51.0	35.28575
51.04	35.2831
51.08	35.2849
51.12	35.28444
51.16	35.28378
51.2	35.28271
51.24	35.28636
51.28	35.28812
51.32	35.28905
51.36	35.2818
51.4	35.28185
51.44	35.28316
51.48	35.28859
51.52	35.28149
51.56	35.27638
51.6	35.28159
51.64	35.28609
51.68	35.28307
51.72	35.28453
51.76	35.28185
51.8	35.2868
51.84	35.28485
51.88	35.28291
51.92	35.28078
51.96	35.28491
52.0	35.28293
52.04	35.28104
52.08	35.28079
52.12	35.28015
52.16	35.28162
52.2	35.28387
52.24	35.27998
52.28	35.28055
52.32	35.28036
52.36	35.28438
52.4	35.2834
52.44	35.28616
52.48	35.28152
52.52	35.28342
52.56	35.28271
52.6	35.28377
52.64	35.28177
52.68	35.27942
52.72	35.28
52.76	35.28499
52.8	35.28268
52.84	35.28107
52.88	35.28152
52.92	35.28235
52.96	35.28654
53.0	35.28595
53.04	35.28177
53.08	35.28543
53.12	35.28125
53.16	35.28297
53.2	35.27811
53.24	35.28075
53.28	35.28035
53.32	35.28331
53.36	35.28299
53.4	35.28012
53.44	35.28003
53.48	35.27911
53.52	35.28485
53.56	35.28455
53.6	35.27867
53.64	35.28137
53.68	35.27991
53.72	35.27853
53.76	35.28096
53.8	35.27959
53.84	35.28156
53.88	35.27937
53.92	35.27936
53.96	35.28172
54.0	35.28439
54.04	35.28178
54.08	35.2791
54.12	35.27943
54.16	35.2822
54.2	35.28201
54.24	35.27986
54.28	35.2787
54.32	35.28235
54.36	35.28085
54.4	35.27783
54.44	35.27815
54.48	35.27679
54.52	35.28023
54.56	35.27856
54.6	35.2748
54.64	35.27518
54.68	35.28125
54.72	35.2803
54.76	35.2838
54.8	35.27983
54.84	35.28108
54.88	35.27792
54.92	35.27995
54.96	35.28419
55.0	35.28264
55.04	35.28238
55.08	35.2771
55.12	35.27657
55.16	35.27692
55.2	35.27936
55.24	35.27994
55.28	35.28113
55.32	35.27313
55.36	35.27446
55.4	35.27713
55.44	35.2789
55.48	35.27583
55.52	35.27394
55.56	35.27443
55.6	35.27812
55.64	35.2782
55.68	35.27463
55.72	35.27663
55.76	35.27477
55.8	35.2774
55.84	35.27492
55.88	35.27956
55.92	35.27498
55.96	35.27463
56.0	35.27483
56.04	35.27829
56.08	35.27997
56.12	35.27959
56.16	35.27568
56.2	35.27596
56.24	35.27855
56.28	35.28009
56.32	35.27548
56.36	35.2747
56.4	35.27379
56.44	35.28067
56.48	35.27434
56.52	35.27605
56.56	35.27676
56.6	35.27835
56.64	35.27417
56.68	35.27542
56.72	35.27539
56.76	35.27835
56.8	35.27159
56.84	35.27571
56.88	35.27589
56.92	35.27866
56.96	35.27785
57.0	35.27521
57.04	35.27336
57.08	35.2738
57.12	35.2733
57.16	35.27696
57.2	35.27623
57.24	35.2747
57.28	35.27359
57.32	35.27597
57.36	35.27876
57.4	35.27864
57.44	35.27362
57.48	35.27406
57.52	35.27571
57.56	35.27817
57.6	35.27998
57.64	35.27621
57.68	35.27708
57.72	35.27266
57.76	35.27602
57.8	35.27933
57.84	35.27496
57.88	35.27682
57.92	35.27312
57.96	35.27271
58.0	35.27454
58.04	35.27789
58.08	35.27374
58.12	35.27321
58.16	35.27519
58.2	35.27774
58.24	35.27577
58.28	35.2785
58.32	35.27214
58.36	35.2718
58.4	35.27148
58.44	35.27637
58.48	35.27339
58.52	35.27022
58.56	35.27155
58.6	35.27187
58.64	35.27383
58.68	35.27425
58.72	35.27272
58.76	35.26801
58.8	35.27278
58.84	35.27223
58.88	35.26289
58.92	35.2688
58.96	35.2686
59.0	35.27361
59.04	35.27029
59.08	35.26819
59.12	35.2692
59.16	35.27341
59.2	35.27019
59.24	35.26999
59.28	35.26967
59.32	35.27347
59.36	35.27216
59.4	35.27527
59.44	35.26387
59.48	35.27165
59.52	35.2729
59.56	35.26964
59.6	35.26933
59.64	35.27464
59.68	35.2717
59.72	35.27158
59.76	35.26845
59.8	35.26735
59.84	35.27306
59.88	35.26939
59.92	35.2692
59.96	35.27028
60.0	35.27139
60.04	35.26738
60.08	35.26865
60.12	35.26953
60.16	35.27339
60.2	35.26756
60.24	35.26814
60.28	35.26683
60.32	35.27048
60.36	35.267
60.4	35.26642
60.44	35.26959
60.48	35.26839
60.52	35.27203
60.56	35.267
60.6	35.26762
60.64	35.27179
60.68	35.26889
60.72	35.27101
60.76	35.26523
60.8	35.267
60.84	35.26381
60.88	35.26659
60.92	35.26579
60.96	35.2668
61.0	35.26529
61.04	35.26747
61.08	35.26886
61.12	35.27126
61.16	35.26628
61.2	35.25021
61.24	35.26735
61.28	35.26645
61.32	35.26186
61.36	35.26843
61.4	35.26888
61.44	35.26424
61.48	35.26436
61.52	35.26395
61.56	35.26784
61.6	35.26155
61.64	35.26402
61.68	35.26646
61.72	35.26195
61.76	35.26245
61.8	35.2627
61.84	35.26743
61.88	35.26303
61.92	35.26198
61.96	35.26405
62.0	35.2677
62.04	35.26248
62.08	35.26431
62.12	35.26213
62.16	35.2648
62.2	35.26692
62.24	35.26433
62.28	35.26131
62.32	35.26427
62.36	35.26535
62.4	35.26347
62.44	35.26103
62.48	35.26738
62.52	35.26698
62.56	35.2619
62.6	35.26056
62.64	35.26115
62.68	35.26642
62.72	35.25781
62.76	35.26349
62.8	35.26468
62.84	35.26611
62.88	35.26096
62.92	35.26007
62.96	35.26521
63.0	35.2618
63.04	35.26144
63.08	35.25975
63.12	35.26585
63.16	35.26308
63.2	35.26042
63.24	35.26212
63.28	35.26608
63.32	35.26135
63.36	35.26068
63.4	35.25835
63.44	35.26393
63.48	35.26065
63.52	35.26086
63.56	35.25832
63.6	35.26315
63.64	35.26265
63.68	35.26224
63.72	35.25858
63.76	35.2603
63.8	35.26308
63.84	35.25916
63.88	35.25943
63.92	35.25748
63.96	35.2644
64.0	35.26015
64.04	35.25906
64.08	35.25932
64.12	35.2645
64.16	35.25993
64.2	35.26202
64.24	35.25948
64.28	35.26158
64.32	35.26068
64.36	35.26094
64.4	35.25793
64.44	35.26341
64.48	35.26471
64.52	35.25853
64.56	35.26306
64.6	35.25856
64.64	35.25735
64.68	35.26427
64.72	35.25946
64.76	35.26015
64.8	35.26006
64.84	35.25993
64.88	35.2574
64.92	35.25891
64.96	35.26169
65.0	35.25868
65.04	35.26137
65.08	35.26118
65.12	35.25813
65.16	35.25719
65.2	35.25719
65.24	35.26266
65.28	35.25754
65.32	35.25723
65.36	35.2583
65.4	35.26155
65.44	35.25575
65.48	35.25714
65.52	35.25969
65.56	35.25711
65.6	35.25581
65.64	35.25771
65.68	35.25919
65.72	35.25485
65.76	35.25398
65.8	35.25679
65.84	35.2545
65.88	35.25549
65.92	35.25667
65.96	35.2545
66.0	35.25192
66.04	35.25464
66.08	35.25487
66.12	35.25171
66.16	35.25397
66.2	35.25652
66.24	35.25581
66.28	35.25336
66.32	35.25108
66.36	35.25578
66.4	35.25711
66.44	35.25018
66.48	35.25197
66.52	35.24362
66.56	35.25717
66.6	35.25224
66.64	35.25131
66.68	35.25174
66.72	35.25221
66.76	35.25006
66.8	35.25317
66.84	35.25513
66.88	35.24979
66.92	35.2516
66.96	35.24895
67.0	35.25177
67.04	35.25082
67.08	35.25247
67.12	35.2562
67.16	35.24968
67.2	35.24997
67.24	35.25328
67.28	35.25507
67.32	35.25601
67.36	35.2507
67.4	35.25156
67.44	35.25484
67.48	35.25436
67.52	35.25098
67.56	35.24869
67.6	35.25029
67.64	35.25482
67.68	35.25175
67.72	35.25174
67.76	35.25098
67.8	35.25267
67.84	35.25409
67.88	35.25089
67.92	35.24852
67.96	35.24747
68.0	35.25246
68.04	35.25194
68.08	35.25323
68.12	35.25153
68.16	35.24852
68.2	35.2485
68.24	35.24722
68.28	35.25043
68.32	35.24698
68.36	35.24788
68.4	35.25243
68.44	35.24834
68.48	35.24866
68.52	35.24696
68.56	35.24757
68.6	35.24641
68.64	35.24829
68.68	35.2515
68.72	35.25189
68.76	35.25214
68.8	35.24847
68.84	35.24623
68.88	35.24689
68.92	35.24826
68.96	35.25218
69.0	35.25037
69.04	35.25217
69.08	35.24982
69.12	35.24713
69.16	35.24719
69.2	35.24736
69.24	35.24707
69.28	35.25043
69.32	35.24718
69.36	35.24718
69.4	35.24263
69.44	35.24503
69.48	35.24532
69.52	35.24446
69.56	35.24808
69.6	35.24698
69.64	35.2469
69.68	35.24829
69.72	35.24544
69.76	35.24567
69.8	35.24429
69.84	35.24828
69.88	35.2473
69.92	35.2493
69.96	35.24881
70.0	35.24527
70.04	35.24612
70.08	35.24684
70.12	35.25026
70.16	35.24738
70.2	35.25104
70.24	35.25177
70.28	35.24681
70.32	35.24942
70.36	35.24651
70.4	35.24455
70.44	35.24913
70.48	35.24619
70.52	35.24925
70.56	35.24745
70.6	35.24808
70.64	35.24568
70.68	35.24469
70.72	35.24797
70.76	35.24574
70.8	35.24954
70.84	35.2469
70.88	35.25092
70.92	35.2464
70.96	35.246
71.0	35.24875
71.04	35.24725
71.08	35.24995
71.12	35.24677
71.16	35.2469
71.2	35.24669
71.24	35.24249
71.28	35.24594
71.32	35.24654
71.36	35.24594
71.4	35.23425
71.44	35.24304
71.48	35.24133
71.52	35.24431
71.56	35.2473
71.6	35.24574
71.64	35.24673
71.68	35.24274
71.72	35.24187
71.76	35.24002
71.8	35.24261
71.84	35.24506
71.88	35.24391
71.92	35.24149
71.96	35.23962
72.0	35.24286
72.04	35.2415
72.08	35.24586
72.12	35.24336
72.16	35.24521
72.2	35.24207
72.24	35.241
72.28	35.24431
72.32	35.24063
72.36	35.24457
72.4	35.24165
72.44	35.24463
72.48	35.24294
72.52	35.23964
72.56	35.24342
72.6	35.24283
72.64	35.24466
72.68	35.24098
72.72	35.24062
72.76	35.24033
72.8	35.24223
72.84	35.24416
72.88	35.24445
72.92	35.24243
72.96	35.2412
73.0	35.24017
73.04	35.24374
73.08	35.24445
73.12	35.2408
73.16	35.24174
73.2	35.23987
73.24	35.24107
73.28	35.2429
73.32	35.24405
73.36	35.23878
73.4	35.23718
73.44	35.23648
73.48	35.24135
73.52	35.24066
73.56	35.23599
73.6	35.23451
73.64	35.23695
73.68	35.2403
73.72	35.24162
73.76	35.2426
73.8	35.23814
73.84	35.23698
73.88	35.23599
73.92	35.23973
73.96	35.24217
74.0	35.24164
74.04	35.23875
74.08	35.23746
74.12	35.24332
74.16	35.24135
74.2	35.24257
74.24	35.23923
74.28	35.23732
74.32	35.23769
74.36	35.24234
74.4	35.24252
74.44	35.24202
74.48	35.23917
74.52	35.24008
74.56	35.24321
74.6	35.24208
74.64	35.2412
74.68	35.23946
74.72	35.23964
74.76	35.23915
74.8	35.24229
74.84	35.23924
74.88	35.24257
74.92	35.2374
74.96	35.23775
75.0	35.23859
75.04	35.24115
75.08	35.24307
75.12	35.23711
75.16	35.2428
75.2	35.23947
75.24	35.23929
75.28	35.23785
75.32	35.24016
75.36	35.24098
75.4	35.23892
75.44	35.243
75.48	35.23717
75.52	35.239
75.56	35.23978
75.6	35.24037
75.64	35.23846
75.68	35.2373
75.72	35.23692
75.76	35.23521
75.8	35.24051
75.84	35.2356
75.88	35.23389
75.92	35.23422
75.96	35.24016
76.0	35.23502
76.04	35.23715
76.08	35.23463
76.12	35.23312
76.16	35.23134
76.2	35.23637
76.24	35.235
76.28	35.23683
76.32	35.23254
76.36	35.23647
76.4	35.2326
76.44	35.2341
76.48	35.23672
76.52	35.23679
76.56	35.23851
76.6	35.23679
76.64	35.23357
76.68	35.23688
76.72	35.2365
76.76	35.24123
76.8	35.23656
76.84	35.23537
76.88	35.23427
76.92	35.24001
76.96	35.23772
77.0	35.2382
77.04	35.2366
77.08	35.2381
77.12	35.23891
77.16	35.23993
77.2	35.23471
77.24	35.23431
77.28	35.23389
77.32	35.23645
77.36	35.23975
77.4	35.23531
77.44	35.23523
77.48	35.2328
77.52	35.23784
77.56	35.23665
77.6	35.23518
77.64	35.23354
77.68	35.2357
77.72	35.23444
77.76	35.23576
77.8	35.23099
77.84	35.23447
77.88	35.23074
77.92	35.2328
77.96	35.23483
78.0	35.23222
78.04	35.23155
78.08	35.23618
78.12	35.23404
78.16	35.23666
78.2	35.23007
78.24	35.23068
78.28	35.22932
78.32	35.23421
78.36	35.23318
78.4	35.23459
78.44	35.22957
78.48	35.23192
78.52	35.23087
78.56	35.23166
78.6	35.22763
78.64	35.22807
78.68	35.23216
78.72	35.23337
78.76	35.22977
78.8	35.22691
78.84	35.22809
78.88	35.23125
78.92	35.23058
78.96	35.22896
79.0	35.23021
79.04	35.23235
79.08	35.23514
79.12	35.23561
79.16	35.22882
79.2	35.22844
79.24	35.23334
79.28	35.23405
79.32	35.23309
79.36	35.22829
79.4	35.23
79.44	35.23102
79.48	35.2305
79.52	35.22949
79.56	35.2326
79.6	35.22963
79.64	35.22905
79.68	35.22704
79.72	35.23068
79.76	35.22966
79.8	35.22664
79.84	35.22665
79.88	35.23277
79.92	35.23009
79.96	35.22813
80.0	35.22884
80.04	35.23134
80.08	35.23199
80.12	35.2337
80.16	35.22946
80.2	35.22974
80.24	35.2355
80.28	35.23557
80.32	35.23392
80.36	35.2287
80.4	35.23152
80.44	35.23151
80.48	35.23505
80.52	35.23042
80.56	35.23058
80.6	35.23
80.64	35.23448
80.68	35.23343
80.72	35.23026
80.76	35.2352
80.8	35.22978
80.84	35.23036
80.88	35.23116
80.92	35.23366
80.96	35.23318
81.0	35.23042
81.04	35.22792
81.08	35.2325
81.12	35.23164
81.16	35.23404
81.2	35.22987
81.24	35.2285
81.28	35.23096
81.32	35.23222
81.36	35.2305
81.4	35.22878
81.44	35.22937
81.48	35.23256
81.52	35.23476
81.56	35.23128
81.6	35.22963
81.64	35.23514
81.68	35.2343
81.72	35.23106
81.76	35.23053
81.8	35.23395
81.84	35.23158
81.88	35.23184
81.92	35.228
81.96	35.22801
82.0	35.2328
82.04	35.22827
82.08	35.22774
82.12	35.22829
82.16	35.23093
82.2	35.23326
82.24	35.23132
82.28	35.22701
82.32	35.23079
82.36	35.2316
82.4	35.23251
82.44	35.22885
82.48	35.22728
82.52	35.22537
82.56	35.22896
82.6	35.23245
82.64	35.22884
82.68	35.23035
82.72	35.2282
82.76	35.22974
82.8	35.23074
82.84	35.2319
82.88	35.21286
82.92	35.22017
82.96	35.22711
83.0	35.23012
83.04	35.22789
83.08	35.22678
83.12	35.21091
83.16	35.20746
83.2	35.22942
83.24	35.229
83.28	35.23212
83.32	35.23079
83.36	35.22768
83.4	35.22685
83.44	35.22781
83.48	35.23
83.52	35.23099
83.56	35.22775
83.6	35.22594
83.64	35.22905
83.68	35.22478
83.72	35.23094
83.76	35.23027
83.8	35.22707
83.84	35.22569
83.88	35.22894
83.92	35.22987
83.96	35.2285
84.0	35.22614
84.04	35.2234
84.08	35.22552
84.12	35.22684
84.16	35.22131
84.2	35.22513
84.24	35.22453
84.28	35.22812
84.32	35.2233
84.36	35.22452
84.4	35.22389
84.44	35.22523
84.48	35.22125
84.52	35.22589
84.56	35.22261
84.6	35.22363
84.64	35.22893
84.68	35.22868
84.72	35.22662
84.76	35.22443
84.8	35.22522
84.84	35.22667
84.88	35.23036
84.92	35.2252
84.96	35.22665
85.0	35.22646
85.04	35.23135
85.08	35.23141
85.12	35.22565
85.16	35.22511
85.2	35.23163
85.24	35.23146
85.28	35.22615
85.32	35.2258
85.36	35.22426
85.4	35.22455
85.44	35.22668
85.48	35.22704
85.52	35.22476
85.56	35.2276
85.6	35.22665
85.64	35.22644
85.68	35.22604
85.72	35.22925
85.76	35.22673
85.8	35.22739
85.84	35.22545
85.88	35.22273
85.92	35.22311
85.96	35.22408
86.0	35.22821
86.04	35.22525
86.08	35.22765
86.12	35.22319
86.16	35.22638
86.2	35.22865
86.24	35.22635
86.28	35.22922
86.32	35.22675
86.36	35.22725
86.4	35.22441
86.44	35.22688
86.48	35.22604
86.52	35.23067
86.56	35.22456
86.6	35.22421
86.64	35.22632
86.68	35.22807
86.72	35.22668
86.76	35.2242
86.8	35.22394
86.84	35.22751
86.88	35.22629
86.92	35.22734
86.96	35.22322
87.0	35.22296
87.04	35.22858
87.08	35.22609
87.12	35.22789
87.16	35.2247
87.2	35.22499
87.24	35.22279
87.28	35.22681
87.32	35.22946
87.36	35.22543
87.4	35.22711
87.44	35.22392
87.48	35.22519
87.52	35.22374
87.56	35.22729
87.6	35.2292
87.64	35.22971
87.68	35.22466
87.72	35.22701
87.76	35.2294
87.8	35.22812
87.84	35.2247
87.88	35.22385
87.92	35.22418
87.96	35.22885
88.0	35.22742
88.04	35.22272
88.08	35.22345
88.12	35.226
88.16	35.22729
88.2	35.22697
88.24	35.22745
88.28	35.22321
88.32	35.22238
88.36	35.2234
88.4	35.22874
88.44	35.22322
88.48	35.2236
88.52	35.22221
88.56	35.22734
88.6	35.22449
88.64	35.22415
88.68	35.22389
88.72	35.22794
88.76	35.22641
88.8	35.22635
88.84	35.22134
88.88	35.22366
88.92	35.22211
88.96	35.22636
89.0	35.22151
89.04	35.22275
89.08	35.22299
89.12	35.2247
89.16	35.22775
89.2	35.22647
89.24	35.2224
89.28	35.21852
89.32	35.22508
89.36	35.22583
89.4	35.22295
89.44	35.22235
89.48	35.2215
89.52	35.22391
89.56	35.22597
89.6	35.22087
89.64	35.22253
89.68	35.2222
89.72	35.22572
89.76	35.22664
89.8	35.22188
89.84	35.22452
89.88	35.22569
89.92	35.22646
89.96	35.2215
90.0	35.22479
90.04	35.22444
90.08	35.2267
90.12	35.22203
90.16	35.22408
90.2	35.22339
90.24	35.22124
90.28	35.2207
90.32	35.22485
90.36	35.22313
90.4	35.22607
90.44	35.21841
90.48	35.22185
90.52	35.22072
90.56	35.2242
90.6	35.22231
90.64	35.22128
90.68	35.21909
90.72	35.22325
90.76	35.22145
90.8	35.22417
90.84	35.21902
90.88	35.22206
90.92	35.22377
90.96	35.22052
91.0	35.218
91.04	35.2182
91.08	35.22403
91.12	35.22279
91.16	35.21887
91.2	35.21909
91.24	35.2213
91.28	35.22479
91.32	35.22504
91.36	35.22092
91.4	35.21928
91.44	35.22505
91.48	35.22379
91.52	35.21989
91.56	35.2191
91.6	35.2205
91.64	35.22566
91.68	35.2247
91.72	35.22063
91.76	35.22197
91.8	35.2226
91.84	35.22452
91.88	35.22549
91.92	35.22716
91.96	35.22141
92.0	35.22032
92.04	35.22105
92.08	35.22337
92.12	35.22231
92.16	35.22188
92.2	35.22192
92.24	35.22166
92.28	35.22542
92.32	35.22467
92.36	35.2226
92.4	35.21849
92.44	35.22424
92.48	35.22287
92.52	35.22513
92.56	35.21983
92.6	35.22121
92.64	35.22028
92.68	35.22429
92.72	35.2247
92.76	35.22527
92.8	35.22021
92.84	35.21951
92.88	35.21758
92.92	35.21912
92.96	35.22134
93.0	35.21967
93.04	35.21806
93.08	35.22342
93.12	35.21944
93.16	35.22273
93.2	35.21802
93.24	35.22116
93.28	35.22501
93.32	35.22594
93.36	35.22124
93.4	35.21854
93.44	35.22189
93.48	35.22258
93.52	35.22235
93.56	35.21873
93.6	35.21857
93.64	35.22021
93.68	35.2213
93.72	35.21825
93.76	35.22055
93.8	35.2205
93.84	35.22523
93.88	35.22359
93.92	35.2198
93.96	35.21858
94.0	35.2211
94.04	35.22049
94.08	35.21808
94.12	35.21883
94.16	35.22141
94.2	35.2234
94.24	35.21858
94.28	35.22154
94.32	35.22186
94.36	35.21921
94.4	35.22095
94.44	35.21904
94.48	35.22441
94.52	35.22
94.56	35.21729
94.6	35.22281
94.64	35.22229
94.68	35.21823
94.72	35.21863
94.76	35.21907
94.8	35.2252
94.84	35.22083
94.88	35.21988
94.92	35.2173
94.96	35.22168
95.0	35.21736
95.04	35.2184
95.08	35.21935
95.12	35.22203
95.16	35.20996
95.2	35.21719
95.24	35.21646
95.28	35.21869
95.32	35.21756
95.36	35.2226
95.4	35.22009
95.44	35.22185
95.48	35.21799
95.52	35.21617
95.56	35.21931
95.6	35.21851
95.64	35.21811
95.68	35.21352
95.72	35.21445
95.76	35.21893
95.8	35.21561
95.84	35.21034
95.88	35.21396
95.92	35.21837
95.96	35.21738
96.0	35.21841
96.04	35.21571
96.08	35.21841
96.12	35.22205
96.16	35.22037
96.2	35.21581
96.24	35.2146
96.28	35.2132
96.32	35.21655
96.36	35.21451
96.4	35.21289
96.44	35.21339
96.48	35.21686
96.52	35.21835
96.56	35.21483
96.6	35.21339
96.64	35.2148
96.68	35.21756
96.72	35.218
96.76	35.21233
96.8	35.21669
96.84	35.21436
96.88	35.21278
96.92	35.21281
96.96	35.21846
97.0	35.21803
97.04	35.21371
97.08	35.21298
97.12	35.21783
97.16	35.21599
97.2	35.21515
97.24	35.21231
97.28	35.213
97.32	35.21263
97.36	35.21858
97.4	35.21599
97.44	35.21889
97.48	35.21449
97.52	35.21883
97.56	35.2209
97.6	35.21658
97.64	35.21547
97.68	35.22035
97.72	35.21996
97.76	35.2157
97.8	35.21498
97.84	35.21478
97.88	35.21727
97.92	35.21977
97.96	35.21892
98.0	35.21933
98.04	35.21606
98.08	35.21976
98.12	35.22186
98.16	35.21808
98.2	35.21574
98.24	35.21896
98.28	35.21921
98.32	35.21831
98.36	35.21552
98.4	35.21857
98.44	35.21941
98.48	35.21764
98.52	35.21429
98.56	35.21375
98.6	35.21809
98.64	35.21582
98.68	35.21376
98.72	35.21341
98.76	35.21883
98.8	35.2142
98.84	35.21901
98.88	35.2132
98.92	35.21678
98.96	35.21976
99.0	35.21793
99.04	35.21759
99.08	35.21306
99.12	35.21349
99.16	35.21884
99.2	35.21523
99.24	35.21394
99.28	35.21472
99.32	35.21831
99.36	35.21559
99.4	35.21973
99.44	35.21455
99.48	35.21584
99.52	35.21935
99.56	35.21925
99.6	35.21608
99.64	35.21227
99.68	35.21687
99.72	35.21507
99.76	35.21918
99.8	35.2159
99.84	35.21828
99.88	35.21539
99.92	35.21614
99.96	35.21956
100.0	35.21742
100.04	35.21599
100.08	35.21516
100.12	35.21439
100.16	35.2144
100.2	35.21869
100.24	35.21463
100.28	35.21501
100.32	35.21562
100.36	35.2182
100.4	35.21938
100.44	35.21603
100.48	35.21515
100.52	35.21863
100.56	35.21684
100.6	35.22014
100.64	35.21545
100.68	35.21652
100.72	35.21443
100.76	35.21931
100.8	35.21503
100.84	35.21585
100.88	35.21533
100.92	35.21994
100.96	35.21962
101.0	35.21758
101.04	35.21416
101.08	35.21788
101.12	35.21967
101.16	35.21979
101.2	35.21652
101.24	35.21997
101.28	35.21994
101.32	35.22076
101.36	35.21576
101.4	35.21625
101.44	35.21844
101.48	35.21623
101.52	35.21545
101.56	35.21382
101.6	35.21661
101.64	35.22006
101.68	35.21877
101.72	35.22058
101.76	35.21492
101.8	35.21831
101.84	35.21693
101.88	35.21985
101.92	35.21716
101.96	35.2209
102.0	35.21516
102.04	35.21471
102.08	35.22028
102.12	35.21739
102.16	35.2175
102.2	35.21429
102.24	35.21341
102.28	35.21414
102.32	35.21994
102.36	35.21638
102.4	35.21869
102.44	35.21477
102.48	35.21426
102.52	35.21709
102.56	35.21921
102.6	35.21495
102.64	35.21457
102.68	35.21307
102.72	35.21819
102.76	35.21584
102.8	35.21327
102.84	35.21338
102.88	35.21838
102.92	35.21594
102.96	35.21921
103.0	35.21405
103.04	35.21613
103.08	35.21877
103.12	35.21822
103.16	35.2164
103.2	35.21324
103.24	35.21376
103.28	35.21248
103.32	35.21503
103.36	35.2135
103.4	35.21382
103.44	35.21199
103.48	35.21783
103.52	35.2175
103.56	35.21266
103.6	35.214
103.64	35.21692
103.68	35.21736
103.72	35.21426
103.76	35.2133
103.8	35.21536
103.84	35.21942
103.88	35.21764
103.92	35.21257
103.96	35.21436
104.0	35.21773
104.04	35.21582
104.08	35.21613
104.12	35.21469
104.16	35.21443
104.2	35.21858
104.24	35.22017
104.28	35.21593
104.32	35.21275
104.36	35.21895
104.4	35.21831
104.44	35.21405
104.48	35.21249
104.52	35.2133
104.56	35.21555
104.6	35.21695
104.64	35.21204
104.68	35.21466
104.72	35.21172
104.76	35.21553
104.8	35.21245
104.84	35.2159
104.88	35.21133
104.92	35.21223
104.96	35.21143
105.0	35.21529
105.04	35.20064
105.08	35.18953
105.12	35.1902
105.16	35.20915
105.2	35.20663
105.24	35.20476
105.28	35.20782
105.32	35.21078
105.36	35.21028
105.4	35.20386
105.44	35.20746
105.48	35.21161
105.52	35.20876
105.56	35.20425
105.6	35.20715
105.64	35.20982
105.68	35.21399
105.72	35.21033
105.76	35.21008
105.8	35.20929
105.84	35.21165
105.88	35.20764
105.92	35.21014
105.96	35.20981
106.0	35.20651
106.04	35.20737
106.08	35.21123
106.12	35.20732
106.16	35.20984
106.2	35.21201
106.24	35.21132
106.28	35.20522
106.32	35.20593
106.36	35.20874
106.4	35.20686
106.44	35.2034
106.48	35.20619
106.52	35.20677
106.56	35.20636
106.6	35.20424
106.64	35.20602
106.68	35.20705
106.72	35.20677
106.76	35.20361
106.8	35.20511
106.84	35.21019
106.88	35.20457
106.92	35.20676
106.96	35.20326
107.0	35.2088
107.04	35.20512
107.08	35.20695
107.12	35.21315
107.16	35.20833
107.2	35.20982
107.24	35.21333
107.28	35.21628
107.32	35.21133
107.36	35.20915
107.4	35.20871
107.44	35.20718
107.48	35.21028
107.52	35.20613
107.56	35.20972
107.6	35.21254
107.64	35.20782
107.68	35.20874
107.72	35.2169
107.76	35.21886
107.8	35.21611
107.84	35.21451
107.88	35.21738
107.92	35.21698
107.96	35.21915
108.0	35.21846
108.04	35.21518
108.08	35.21654
108.12	35.21965
108.16	35.22307
108.2	35.22101
108.24	35.21909
108.28	35.21619
108.32	35.21907
108.36	35.21996
108.4	35.21834
108.44	35.21466
108.48	35.21736
108.52	35.22223
108.56	35.22067
108.6	35.21701
108.64	35.22115
108.68	35.21587
108.72	35.21989
108.76	35.22185
108.8	35.22356
108.84	35.21896
108.88	35.21988
108.92	35.21817
108.96	35.22438
109.0	35.2211
109.04	35.21606
109.08	35.22182
109.12	35.22263
109.16	35.2191
109.2	35.217
109.24	35.22148
109.28	35.21869
109.32	35.21487
109.36	35.21671
109.4	35.21584
109.44	35.22134
109.48	35.22186
109.52	35.21796
109.56	35.21931
109.6	35.2207
109.64	35.22218
109.68	35.2178
109.72	35.21759
109.76	35.2195
109.8	35.22293
109.84	35.21884
109.88	35.21814
109.92	35.21658
109.96	35.22037
110.0	35.21671
110.04	35.21898
110.08	35.19427
110.12	35.21461
110.16	35.21823
110.2	35.21916
110.24	35.2141
110.28	35.21396
110.32	35.21632
110.36	35.22052
110.4	35.22275
110.44	35.21733
110.48	35.2168
110.52	35.21864
110.56	35.22177
110.6	35.22256
110.64	35.21962
110.68	35.21759
110.72	35.22241
110.76	35.22197
110.8	35.21713
110.84	35.21651
110.88	35.21771
110.92	35.21904
110.96	35.22156
111.0	35.21744
111.04	35.21605
111.08	35.21622
111.12	35.21976
111.16	35.22037
111.2	35.21786
111.24	35.21523
111.28	35.21877
111.32	35.21788
111.36	35.21617
111.4	35.21443
111.44	35.21851
111.48	35.217
111.52	35.21858
111.56	35.21504
111.6	35.21391
111.64	35.21405
111.68	35.21561
111.72	35.21222
111.76	35.21324
111.8	35.21169
111.84	35.21483
111.88	35.21404
111.92	35.21561
111.96	35.21227
112.0	35.21457
112.04	35.21518
112.08	35.21864
112.12	35.21771
112.16	35.21777
112.2	35.21562
112.24	35.21826
112.28	35.21954
112.32	35.22083
112.36	35.21646
112.4	35.21432
112.44	35.21733
112.48	35.22148
112.52	35.21587
112.56	35.21634
112.6	35.21419
112.64	35.21939
112.68	35.21739
112.72	35.21388
112.76	35.2142
112.8	35.2159
112.84	35.22049
112.88	35.22035
112.92	35.21587
112.96	35.21808
113.0	35.22069
113.04	35.22049
113.08	35.21712
113.12	35.21988
113.16	35.21854
113.2	35.22136
113.24	35.21689
113.28	35.21587
113.32	35.21547
113.36	35.21832
113.4	35.22005
113.44	35.22037
113.48	35.21509
113.52	35.21799
113.56	35.22034
113.6	35.21609
113.64	35.21432
113.68	35.2179
113.72	35.21725
113.76	35.22061
113.8	35.21567
113.84	35.21597
113.88	35.21667
113.92	35.21724
113.96	35.21552
114.0	35.21419
114.04	35.21417
114.08	35.21864
114.12	35.21715
114.16	35.22064
114.2	35.21385
114.24	35.21506
114.28	35.21918
114.32	35.21835
114.36	35.21361
114.4	35.21103
114.44	35.21208
114.48	35.21567
114.52	35.21738
114.56	35.21265
114.6	35.21307
114.64	35.21204
114.68	35.21684
114.72	35.21606
114.76	35.21675
114.8	35.21216
114.84	35.2103
114.88	35.20744
114.92	35.21066
114.96	35.21045
115.0	35.21115
115.04	35.21025
115.08	35.21362
115.12	35.21275
115.16	35.21272
115.2	35.21317
115.24	35.21674
115.28	35.20938
115.32	35.20522
115.36	35.21216
115.4	35.21812
115.44	35.21684
115.48	35.21368
115.52	35.21216
115.56	35.21652
115.6	35.21854
115.64	35.21442
115.68	35.21347
115.72	35.21751
115.76	35.21712
115.8	35.21483
115.84	35.21727
115.88	35.21388
115.92	35.21785
115.96	35.21782
116.0	35.2186
116.04	35.21484
116.08	35.21741
116.12	35.21797
116.16	35.21863
116.2	35.21436
116.24	35.21756
116.28	35.21869
116.32	35.2205
116.36	35.2153
116.4	35.21658
116.44	35.2162
116.48	35.22148
116.52	35.21507
116.56	35.2153
116.6	35.21597
116.64	35.21989
116.68	35.21619
116.72	35.21466
116.76	35.21521
116.8	35.21997
116.84	35.21945
116.88	35.21465
116.92	35.21518
116.96	35.21881
117.0	35.22089
117.04	35.21701
117.08	35.21571
117.12	35.22052
117.16	35.21872
117.2	35.22197
117.24	35.21597
117.28	35.21468
117.32	35.21812
117.36	35.21585
117.4	35.21175
117.44	35.21092
117.48	35.2133
117.52	35.20618
117.56	35.19557
117.6	35.20242
117.64	35.21468
117.68	35.21553
117.72	35.21884
117.76	35.21227
117.8	35.21483
117.84	35.21474
117.88	35.21773
117.92	35.21153
117.96	35.21353
118.0	35.21436
118.04	35.21822
118.08	35.21362
118.12	35.21405
118.16	35.21121
118.2	35.2159
118.24	35.21397
118.28	35.21674
118.32	35.21153
118.36	35.21237
118.4	35.21219
118.44	35.21504
118.48	35.2121
118.52	35.21429
118.56	35.21294
118.6	35.21687
118.64	35.21364
118.68	35.21132
118.72	35.21149
118.76	35.21692
118.8	35.21233
118.84	35.21239
118.88	35.21115
118.92	35.21358
118.96	35.21281
119.0	35.21346
119.04	35.21202
119.08	35.21239
119.12	35.21379
119.16	35.21574
119.2	35.21509
119.24	35.21175
119.28	35.21217
119.32	35.21246
119.36	35.21562
119.4	35.21461
119.44	35.21185
119.48	35.21289
119.52	35.21442
119.56	35.21509
119.6	35.21695
119.64	35.21053
119.68	35.21092
119.72	35.20937
119.76	35.21558
119.8	35.21408
119.84	35.21616
119.88	35.21129
119.92	35.21251
119.96	35.21394
120.0	35.21103
120.04	35.20781
120.08	35.21257
120.12	35.21111
120.16	35.21263
120.2	35.20659
120.24	35.20718
120.28	35.20882
120.32	35.21417
120.36	35.21187
120.4	35.21135
120.44	35.20889
120.48	35.21233
120.52	35.20921
120.56	35.20708
120.6	35.21222
120.64	35.21008
120.68	35.20963
120.72	35.20874
120.76	35.21457
120.8	35.21017
120.84	35.21007
120.88	35.20917
120.92	35.21117
120.96	35.20744
121.0	35.21223
121.04	35.20888
121.08	35.21037
121.12	35.20915
121.16	35.21365
121.2	35.20979
121.24	35.21132
121.28	35.20958
121.32	35.21149
121.36	35.21165
121.4	35.20859
121.44	35.20836
121.48	35.21275
121.52	35.21233
121.56	35.20808
121.6	35.21422
121.64	35.21375
121.68	35.21446
121.72	35.20862
121.76	35.20909
121.8	35.2119
121.84	35.2094
121.88	35.20782
121.92	35.21207
121.96	35.21225
122.0	35.20973
122.04	35.20914
122.08	35.21436
122.12	35.21434
122.16	35.20868
122.2	35.21051
122.24	35.20889
122.28	35.20898
122.32	35.20688
122.36	35.21071
122.4	35.20837
122.44	35.20618
122.48	35.20477
122.52	35.20447
122.56	35.20583
122.6	35.21077
122.64	35.20477
122.68	35.20288
122.72	35.20018
122.76	35.20543
122.8	35.20631
122.84	35.20699
122.88	35.20474
122.92	35.20883
122.96	35.20859
123.0	35.20821
123.04	35.20439
123.08	35.20479
123.12	35.20729
123.16	35.21082
123.2	35.20557
123.24	35.20525
123.28	35.20937
123.32	35.20772
123.36	35.20607
123.4	35.20393
123.44	35.20891
123.48	35.20638
123.52	35.20761
123.56	35.20587
123.6	35.20973
123.64	35.20235
123.68	35.20508
123.72	35.209
123.76	35.20549
123.8	35.20491
123.84	35.20685
123.88	35.20695
123.92	35.20303
123.96	35.20183
124.0	35.2047
124.04	35.20868
124.08	35.20949
124.12	35.20357
124.16	35.20428
124.2	35.20523
124.24	35.2063
124.28	35.20528
124.32	35.2039
124.36	35.20157
124.4	35.20467
124.44	35.20792
124.48	35.20396
124.52	35.20578
124.56	35.2036
124.6	35.20737
124.64	35.20874
124.68	35.20203
124.72	35.20676
124.76	35.20705
124.8	35.20657
124.84	35.20641
124.88	35.21077
124.92	35.20905
124.96	35.20869
125.0	35.20575
125.04	35.21262
125.08	35.20996
125.12	35.20476
125.16	35.20807
125.2	35.2075
125.24	35.2106
125.28	35.21309
125.32	35.20679
125.36	35.20819
125.4	35.21057
125.44	35.21243
125.48	35.20969
125.52	35.20813
125.56	35.21367
125.6	35.20778
125.64	35.20871
125.68	35.20764
125.72	35.2123
125.76	35.20882
125.8	35.20988
125.84	35.20715
125.88	35.21152
125.92	35.21132
125.96	35.20912
126.0	35.20694
126.04	35.20917
126.08	35.20728
126.12	35.21146
126.16	35.20656
126.2	35.20793
126.24	35.20712
126.28	35.20755
126.32	35.20576
126.36	35.20805
126.4	35.20792
126.44	35.21233
126.48	35.21057
126.52	35.20949
126.56	35.20683
126.6	35.21027
126.64	35.20981
126.68	35.21114
126.72	35.20776
126.76	35.20724
126.8	35.20941
126.84	35.21292
126.88	35.20753
126.92	35.20889
126.96	35.21231
127.0	35.21301
127.04	35.21283
127.08	35.20818
127.12	35.21391
127.16	35.21034
127.2	35.20917
127.24	35.20641
127.28	35.21078
127.32	35.21136
127.36	35.21365
127.4	35.20816
127.44	35.20973
127.48	35.21002
127.52	35.2132
127.56	35.20746
127.6	35.20682
127.64	35.20683
127.68	35.21194
127.72	35.20618
127.76	35.20601
127.8	35.20918
127.84	35.20744
127.88	35.20509
127.92	35.20818
127.96	35.20787
128.0	35.20486
128.04	35.20554
128.08	35.20731
128.12	35.21028
128.16	35.20741
128.2	35.20671
128.24	35.20674
128.28	35.21042
128.32	35.20644
128.36	35.20503
128.4	35.20833
128.44	35.20801
128.48	35.20639
128.52	35.205
128.56	35.20847
128.6	35.20792
128.64	35.21054
128.68	35.20683
128.72	35.20688
128.76	35.20464
128.8	35.20758
128.84	35.21017
128.88	35.20966
128.92	35.20471
128.96	35.20592
129.0	35.20854
129.04	35.20927
129.08	35.2052
129.12	35.20703
129.16	35.20543
129.2	35.20509
129.24	35.20831
129.28	35.20749
129.32	35.20633
129.36	35.20447
129.4	35.20743
129.44	35.20926
129.48	35.21066
129.52	35.20599
129.56	35.20496
129.6	35.20505
129.64	35.20482
129.68	35.20796
129.72	35.2094
129.76	35.20941
129.8	35.20566
129.84	35.20731
129.88	35.2049
129.92	35.20773
129.96	35.20976
130.0	35.20398
130.04	35.2061
130.08	35.2085
130.12	35.20926
130.16	35.20824
130.2	35.20406
130.24	35.2066
130.28	35.20566
130.32	35.20464
130.36	35.20438
130.4	35.20766
130.44	35.20483
130.48	35.20882
130.52	35.20593
130.56	35.20441
130.6	35.20415
130.64	35.20418
130.68	35.20801
130.72	35.20897
130.76	35.20946
130.8	35.20491
130.84	35.20393
130.88	35.2045
130.92	35.20509
130.96	35.21094
131.0	35.2056
131.04	35.2066
131.08	35.19937
131.12	35.20343
131.16	35.20793
