Relative Intensity rumore_abientale_1.5_candela	Position (m) rumore_abientale_1.5_candela
0.0133972	0.0
0.0131378	0.0
0.0128937	0.0
0.0125732	0.0
0.0125732	0.0
0.0127106	0.0
0.0128784	0.0
0.0131073	0.0
0.0133514	0.0
0.0131378	0.0
0.0128937	0.0
0.0125427	0.0
0.0124817	0.0
0.012619	0.0
0.0128021	0.0
0.013031	0.0
0.0133057	0.0
0.0131378	0.0
0.0129089	0.0
0.0125885	0.0
0.0124664	0.0
0.0126038	0.0
0.0128021	0.0
0.0130157	0.0
0.0133057	0.0
0.0133514	0.0
0.01297	0.0
0.0126953	0.0
0.0125427	0.0
0.0126495	0.0
0.0128174	0.0
0.013031	0.0
0.0133362	0.0
0.0134277	0.0
0.0130463	0.0
0.0128326	0.0
0.012558	0.0
0.0126801	0.0
0.0128021	0.0
0.0129852	0.0
0.0132599	0.0
0.0133667	0.0
0.0130768	0.0
0.0127716	0.0
0.0125275	0.0
0.0125885	0.0
0.0127258	0.0
0.0129395	0.0
0.0131989	0.0
0.0133514	0.0
0.013031	0.0
0.0127258	0.0
0.0124664	0.0
0.0124969	0.0
0.0126343	0.0
0.0128021	0.0
0.013031	0.0
0.0132141	0.0
0.0129547	0.0
0.0126953	0.0
0.0123901	0.0
0.0123901	0.0
0.0125427	0.0
0.0127716	0.0
0.0130005	0.0
0.0131989	0.0
0.0129089	0.0
0.0126953	0.0
0.0123291	0.0
0.0122833	0.0
0.0124054	0.0
0.0125732	0.0
0.0128021	0.0
0.0130615	0.0
0.0129242	0.0
0.0123291	0.0
0.0119476	0.0
0.0117645	0.0
0.0117645	0.0
0.0118103	0.0
0.0118866	0.0
0.012207	0.0
0.0122223	0.0
0.0119171	0.0
0.0116577	0.0
0.0114288	0.0
0.0114899	0.0
0.0116119	0.0
0.0117645	0.0
0.0119171	0.0
0.0122528	0.0
0.0121765	0.0
0.0118561	0.0
0.0116577	0.0
0.0116425	0.0
0.0118103	0.0
0.0120697	0.0
0.0122986	0.0
0.0126648	0.0
0.0126953	0.0
0.0123901	0.0
0.0121155	0.0
0.0119019	0.0
0.0119934	0.0
0.012146	0.0
0.0122986	0.0
0.0126038	0.0
0.0127106	0.0
0.0123444	0.0
0.0121002	0.0
0.0118408	0.0
0.0118866	0.0
0.0120087	0.0
0.0121613	0.0
0.0124207	0.0
0.0126648	0.0
0.012558	0.0
0.0121918	0.0
0.0119019	0.0
0.0118256	0.0
0.0119629	0.0
0.0121155	0.0
0.0122833	0.0
0.0126343	0.0
0.0125885	0.0
0.0122223	0.0
0.0119934	0.0
0.0118256	0.0
0.0119476	0.0
0.012085	0.0
0.0122681	0.0
0.012558	0.0
0.0126495	0.0
0.0123749	0.0
0.0121307	0.0
0.0118866	0.0
0.0119476	0.0
0.012085	0.0
0.0122681	0.0
0.0125275	0.0
0.0127563	0.0
0.0126495	0.0
0.0122986	0.0
0.0120087	0.0
0.0120087	0.0
0.0121307	0.0
0.0122986	0.0
0.0124817	0.0
0.0127106	0.0
0.0126495	0.0
0.0122223	0.0
0.0119019	0.0
0.011795	0.0
0.0118713	0.0
0.0119781	0.0
0.012085	0.0
0.0123901	0.0
0.0124207	0.0
0.0120392	0.0
0.011734	0.0
0.0115356	0.0
0.0115662	0.0
0.0116119	0.0
0.0117493	0.0
0.0119171	0.0
0.012146	0.0
0.012146	0.0
0.011734	0.0
0.0114899	0.0
0.0114746	0.0
0.0115814	0.0
0.011734	0.0
0.0118713	0.0
0.0122375	0.0
0.0122681	0.0
0.0119171	0.0
0.011673	0.0
0.0114899	0.0
0.0115967	0.0
0.0117188	0.0
0.0119019	0.0
0.0121613	0.0
0.0123901	0.0
0.0122528	0.0
0.0119019	0.0
0.0116425	0.0
0.0116577	0.0
0.0117798	0.0
0.0119324	0.0
0.012085	0.0
0.0124207	0.0
0.0123596	0.0
0.0119934	0.0
0.0117798	0.0
0.0116119	0.0
0.0117188	0.0
0.0118408	0.0
0.0119629	0.0
0.0122528	0.0
0.0123291	0.0
0.0121765	0.0
0.0117493	0.0
0.0114899	0.0
0.0115051	0.0
0.0115967	0.0
0.011734	0.0
0.0118408	0.0
0.012207	0.0
0.0121613	0.0
0.0119324	0.0
0.0115662	0.0
0.0114288	0.0
0.0115204	0.0
0.0116272	0.0
0.011795	0.0
0.0119781	0.0
0.0121918	0.0
0.012146	0.0
0.011734	0.0
0.0114746	0.0
0.0114594	0.0
0.0115356	0.0
0.0116882	0.0
0.011795	0.0
0.012146	0.0
0.0122223	0.0
0.012085	0.0
0.0116577	0.0
0.0114746	0.0
0.0115051	0.0
0.0116272	0.0
0.0118103	0.0
0.0119629	0.0
0.0122986	0.0
0.0122375	0.0
0.0118866	0.0
0.0116272	0.0
0.0115356	0.0
0.0116577	0.0
0.0118103	0.0
0.0119629	0.0
0.0123291	0.0
0.0123901	0.0
0.0122223	0.0
0.0118103	0.0
0.0116119	0.0
0.0117188	0.0
0.0118408	0.0
0.0119934	0.0
0.0122223	0.0
0.0124207	0.0
0.0123749	0.0
0.0119629	0.0
0.0117035	0.0
0.0116882	0.0
0.011795	0.0
0.0119629	0.0
0.0121155	0.0
0.0124512	0.0
0.0124359	0.0
0.0122375	0.0
0.0118103	0.0
0.0116272	0.0
0.0117493	0.0
0.0118713	0.0
0.0119934	0.0
0.0123291	0.0
0.0124207	0.0
0.0122681	0.0
0.0118256	0.0
0.0116119	0.0
0.0116272	0.0
0.0117493	0.0
0.0119171	0.0
0.0121002	0.0
0.0123444	0.0
0.0122833	0.0
0.0120697	0.0
0.0115967	0.0
0.0115662	0.0
0.0116577	0.0
0.011795	0.0
0.0118866	0.0
0.0122223	0.0
0.0122528	0.0
0.0121002	0.0
0.0117035	0.0
0.0114594	0.0
0.0115204	0.0
0.0116577	0.0
0.0118103	0.0
0.0119476	0.0
0.0122528	0.0
0.012146	0.0
0.0119476	0.0
0.0115814	0.0
0.0114594	0.0
0.0115814	0.0
0.0117035	0.0
0.0118408	0.0
0.0121155	0.0
0.0122681	0.0
0.0121307	0.0
0.011734	0.0
0.0114746	0.0
0.0115051	0.0
0.0116119	0.0
0.0117798	0.0
0.0119171	0.0
0.0123138	0.0
0.0123138	0.0
0.0121918	0.0
0.0117798	0.0
0.0116577	0.0
0.011795	0.0
0.0119476	0.0
0.0121307	0.0
0.0125275	0.0
0.0126495	0.0
0.0124664	0.0
0.012085	0.0
0.0118866	0.0
0.0119781	0.0
0.0121002	0.0
0.0123138	0.0
0.012619	0.0
0.0128326	0.0
0.0127716	0.0
0.0125275	0.0
0.0121002	0.0
0.012085	0.0
0.0122528	0.0
0.0124512	0.0
0.0126953	0.0
0.0129547	0.0
0.0129089	0.0
0.0127106	0.0
0.012207	0.0
0.0121613	0.0
0.0122986	0.0
0.0124969	0.0
0.0127106	0.0
0.0130157	0.0
0.0130615	0.0
0.0128937	0.0
0.0124359	0.0
0.0123444	0.0
0.0124664	0.0
0.0126801	0.0
0.0129242	0.0
0.0132294	0.0
0.0132751	0.0
0.0131073	0.0
0.0126343	0.0
0.0124969	0.0
0.0126343	0.0
0.0128174	0.0
0.013031	0.0
0.0133057	0.0
0.0133972	0.0
0.0132446	0.0
0.0127106	0.0
0.0125122	0.0
0.0125427	0.0
0.0126801	0.0
0.0128784	0.0
0.0131683	0.0
0.0133057	0.0
0.0131531	0.0
0.0129089	0.0
0.0124512	0.0
0.0124817	0.0
0.0126038	0.0
0.0128021	0.0
0.0130615	0.0
0.0132141	0.0
0.0131073	0.0
0.0127869	0.0
0.0122986	0.0
0.0123138	0.0
0.0124359	0.0
0.012619	0.0
0.0128479	0.0
0.0130157	0.0
0.0128632	0.0
0.012558	0.0
0.0121002	0.0
0.0120544	0.0
0.0121765	0.0
0.0123444	0.0
0.0125885	0.0
0.0128326	0.0
0.0128326	0.0
0.0126038	0.0
0.0122681	0.0
0.0122223	0.0
0.0123596	0.0
0.012558	0.0
0.0127716	0.0
0.0130615	0.0
0.0130615	0.0
0.0128784	0.0
0.0125122	0.0
0.0123444	0.0
0.0124817	0.0
0.0126953	0.0
0.0129547	0.0
0.0132751	0.0
0.0133362	0.0
0.0131683	0.0
0.0128632	0.0
0.0125122	0.0
0.0125885	0.0
0.0127563	0.0
0.01297	0.0
0.0132751	0.0
0.0133514	0.0
0.0132141	0.0
0.0129395	0.0
0.0125732	0.0
0.0126648	0.0
0.0128479	0.0
0.0130768	0.0
0.0133972	0.0
0.0135345	0.0
0.0133972	0.0
0.0131531	0.0
0.0127563	0.0
0.0128479	0.0
0.013031	0.0
0.0132599	0.0
0.0135345	0.0
0.0136871	0.0
0.0135956	0.0
0.0132904	0.0
0.0128632	0.0
0.0129242	0.0
0.0130768	0.0
0.0132904	0.0
0.0135651	0.0
0.0137634	0.0
0.0136414	0.0
0.0134277	0.0
0.0129089	0.0
0.0128937	0.0
0.013031	0.0
0.0132294	0.0
0.013443	0.0
0.0136719	0.0
0.0135498	0.0
0.0133209	0.0
0.0127716	0.0
0.0127716	0.0
0.0128784	0.0
0.0130768	0.0
0.0133209	0.0
0.0135498	0.0
0.0134888	0.0
0.0132294	0.0
0.0127411	0.0
0.0126801	0.0
0.0128326	0.0
0.013031	0.0
0.0132446	0.0
0.0135193	0.0
0.013504	0.0
0.0132751	0.0
0.0129852	0.0
0.0126648	0.0
0.0127716	0.0
0.0129395	0.0
0.0131378	0.0
0.013443	0.0
0.0134583	0.0
0.0132751	0.0
0.0129242	0.0
0.0126038	0.0
0.0127106	0.0
0.0128937	0.0
0.013092	0.0
0.0133667	0.0
0.013443	0.0
0.0132904	0.0
0.01297	0.0
0.0126343	0.0
0.0127106	0.0
0.0128784	0.0
0.0131073	0.0
0.013382	0.0
0.013504	0.0
0.0133667	0.0
0.0130463	0.0
0.0126953	0.0
0.0127869	0.0
0.0129395	0.0
0.0131378	0.0
0.0134125	0.0
0.0135345	0.0
0.013443	0.0
0.0131226	0.0
0.0127411	0.0
0.0128326	0.0
0.0129852	0.0
0.0132141	0.0
0.0134888	0.0
0.0136566	0.0
0.0135498	0.0
0.0132141	0.0
0.0127869	0.0
0.0128326	0.0
0.01297	0.0
0.0131683	0.0
0.0133972	0.0
0.0135956	0.0
0.0134888	0.0
0.0131989	0.0
0.0127411	0.0
0.0127411	0.0
0.0128479	0.0
0.0130463	0.0
0.0132751	0.0
0.013504	0.0
0.0134277	0.0
0.0132141	0.0
0.0128784	0.0
0.0126953	0.0
0.0128174	0.0
0.0130157	0.0
0.0132446	0.0
0.0135193	0.0
0.0134735	0.0
0.0131989	0.0
0.0129852	0.0
0.0126953	0.0
0.0128632	0.0
0.0130615	0.0
0.0133057	0.0
0.0135803	0.0
0.0135651	0.0
0.0133057	0.0
0.0130768	0.0
0.0127563	0.0
0.0128937	0.0
0.013092	0.0
0.0133057	0.0
0.0135956	0.0
0.0135956	0.0
0.013382	0.0
0.013092	0.0
0.0127258	0.0
0.0128784	0.0
0.013031	0.0
0.0132294	0.0
0.0135193	0.0
0.0135651	0.0
0.013382	0.0
0.0129852	0.0
0.0126495	0.0
0.0127258	0.0
0.0128784	0.0
0.0130615	0.0
0.0133514	0.0
0.013443	0.0
0.0132751	0.0
0.0130615	0.0
0.0126343	0.0
0.0126953	0.0
0.0128479	0.0
0.0130768	0.0
0.0133972	0.0
0.0135498	0.0
0.0133972	0.0
0.0131226	0.0
0.0127106	0.0
0.0127716	0.0
0.0129547	0.0
0.0131989	0.0
0.013504	0.0
0.0137787	0.0
0.0137024	0.0
0.0134277	0.0
0.0132294	0.0
0.0131073	0.0
0.0132751	0.0
0.0134888	0.0
0.0137634	0.0
0.0139923	0.0
0.0138702	0.0
0.0135803	0.0
0.0133209	0.0
0.0131226	0.0
0.0132751	0.0
0.0134888	0.0
0.0137482	0.0
0.0139771	0.0
0.0139008	0.0
0.0135651	0.0
0.0133362	0.0
0.0131378	0.0
0.0132904	0.0
0.0135193	0.0
0.0137634	0.0
0.0140228	0.0
0.0139313	0.0
0.0136719	0.0
0.013382	0.0
0.0131378	0.0
0.0132904	0.0
0.013504	0.0
0.0137482	0.0
0.0140533	0.0
0.0140228	0.0
0.0137787	0.0
0.013443	0.0
0.0131989	0.0
0.0133514	0.0
0.0135498	0.0
0.0137482	0.0
0.0140533	0.0
0.0139618	0.0
0.0137329	0.0
0.0133972	0.0
0.0131989	0.0
0.013382	0.0
0.0135651	0.0
0.0137787	0.0
0.0140839	0.0
0.0140076	0.0
0.0137787	0.0
0.0133972	0.0
0.0131836	0.0
0.0133057	0.0
0.013504	0.0
0.0137329	0.0
0.0140228	0.0
0.0139008	0.0
0.0137024	0.0
0.0133362	0.0
0.0131073	0.0
0.0132446	0.0
0.0134583	0.0
0.0136719	0.0
0.0139618	0.0
0.0139008	0.0
0.0136871	0.0
0.0133057	0.0
0.0130768	0.0
0.0132141	0.0
0.0134125	0.0
0.0136261	0.0
0.0139465	0.0
0.0139313	0.0
0.0136871	0.0
0.0133514	0.0
0.0130768	0.0
0.0132446	0.0
0.0134277	0.0
0.0135803	0.0
0.0137482	0.0
0.0137024	0.0
0.0134735	0.0
0.0132904	0.0
0.0129395	0.0
0.0130768	0.0
0.0132446	0.0
0.013504	0.0
0.0138397	0.0
0.0138855	0.0
0.0136719	0.0
0.0133362	0.0
0.0129852	0.0
0.0131683	0.0
0.0133362	0.0
0.0135498	0.0
0.013855	0.0
0.0139313	0.0
0.0137177	0.0
0.0134583	0.0
0.0130615	0.0
0.0131989	0.0
0.013382	0.0
0.0135956	0.0
0.0138855	0.0
0.0139618	0.0
0.0137634	0.0
0.0134583	0.0
0.013092	0.0
0.0131989	0.0
0.0133667	0.0
0.0135651	0.0
0.013855	0.0
0.0140381	0.0
0.0138855	0.0
0.0135193	0.0
0.0132904	0.0
0.0132294	0.0
0.013382	0.0
0.0135956	0.0
0.013855	0.0
0.0140228	0.0
0.0139008	0.0
0.0135345	0.0
0.0133362	0.0
0.0131989	0.0
0.0133514	0.0
0.0135651	0.0
0.0138245	0.0
0.0140533	0.0
0.013916	0.0
0.0137024	0.0
0.0133514	0.0
0.0132294	0.0
0.013382	0.0
0.0135956	0.0
0.0138397	0.0
0.0140686	0.0
0.0139618	0.0
0.0136719	0.0
0.013382	0.0
0.0131836	0.0
0.0133362	0.0
0.0135651	0.0
0.0138397	0.0
0.0140686	0.0
0.0139618	0.0
0.0137329	0.0
0.0133362	0.0
0.0131683	0.0
0.0133362	0.0
0.0135498	0.0
0.0137939	0.0
0.0140533	0.0
0.0139923	0.0
0.0137024	0.0
0.0134277	0.0
0.0132294	0.0
0.0133667	0.0
0.0135651	0.0
0.0137939	0.0
0.0140533	0.0
0.0140076	0.0
0.0137024	0.0
0.0134888	0.0
0.0131683	0.0
0.0133362	0.0
0.013504	0.0
0.0137024	0.0
0.0139771	0.0
0.013916	0.0
0.0136566	0.0
0.0133514	0.0
0.0130463	0.0
0.0131836	0.0
0.0133972	0.0
0.0136108	0.0
0.0139008	0.0
0.0138702	0.0
0.0136719	0.0
0.0132904	0.0
0.0130157	0.0
0.0131836	0.0
0.013382	0.0
0.0135956	0.0
0.013916	0.0
0.0139313	0.0
0.0137329	0.0
0.0133514	0.0
0.0131073	0.0
0.0132446	0.0
0.013443	0.0
0.0136566	0.0
0.0139771	0.0
0.0140381	0.0
0.0137939	0.0
0.0135498	0.0
0.0132141	0.0
0.0133514	0.0
0.0135498	0.0
0.0137634	0.0
0.0140839	0.0
0.0141602	0.0
0.013916	0.0
0.0136719	0.0
0.0132904	0.0
0.0134125	0.0
0.0136108	0.0
0.0138245	0.0
0.0141296	0.0
0.0141602	0.0
0.0139771	0.0
0.0135956	0.0
0.0133514	0.0
0.0134125	0.0
0.0136108	0.0
0.0138397	0.0
0.0141602	0.0
0.0142059	0.0
0.0140381	0.0
0.0136719	0.0
0.013443	0.0
0.0134735	0.0
0.0136414	0.0
0.013855	0.0
0.0141449	0.0
0.0141754	0.0
0.0139313	0.0
0.0135803	0.0
0.0131836	0.0
0.0131989	0.0
0.0133209	0.0
0.013504	0.0
0.0137939	0.0
0.0138702	0.0
0.0136871	0.0
0.0132904	0.0
0.0130463	0.0
0.0130615	0.0
0.0132446	0.0
0.0134735	0.0
0.0137634	0.0
0.0138245	0.0
0.0136414	0.0
0.013382	0.0
0.0130768	0.0
0.0130463	0.0
0.0132446	0.0
0.0134735	0.0
0.0137787	0.0
0.0139313	0.0
0.0137939	0.0
0.013504	0.0
0.0132141	0.0
0.0131683	0.0
0.0133362	0.0
0.0135498	0.0
0.0138397	0.0
0.0139923	0.0
0.0138397	0.0
0.013443	0.0
0.0132141	0.0
0.0131531	0.0
0.0133057	0.0
0.0135193	0.0
0.0137939	0.0
0.0139465	0.0
0.0137939	0.0
0.013443	0.0
0.0131683	0.0
0.0131073	0.0
0.0132751	0.0
0.0134735	0.0
0.0137482	0.0
0.013916	0.0
0.0137634	0.0
0.0134125	0.0
0.0131073	0.0
0.0130615	0.0
0.0132141	0.0
0.013443	0.0
0.0137329	0.0
0.013855	0.0
0.0137024	0.0
0.013443	0.0
0.013092	0.0
0.0130768	0.0
0.0132294	0.0
0.013443	0.0
0.0137177	0.0
0.0138245	0.0
0.0136414	0.0
0.0133667	0.0
0.0130005	0.0
0.01297	0.0
0.0131226	0.0
0.0133209	0.0
0.0135956	0.0
0.0136719	0.0
0.013504	0.0
0.0131836	0.0
0.0128326	0.0
0.0128021	0.0
0.01297	0.0
0.0131683	0.0
0.0134583	0.0
0.0136108	0.0
0.0134735	0.0
0.0131073	0.0
0.0128632	0.0
0.0127716	0.0
0.0129395	0.0
0.0131683	0.0
0.0134583	0.0
0.0136871	0.0
0.0135956	0.0
0.0132599	0.0
0.013031	0.0
0.0129547	0.0
0.0131226	0.0
0.0133667	0.0
0.0136719	0.0
0.013855	0.0
0.0137329	0.0
0.0134583	0.0
0.0131226	0.0
0.0130463	0.0
0.0131836	0.0
0.0134125	0.0
0.0136871	0.0
0.0138855	0.0
0.0137482	0.0
0.0135193	0.0
0.0131683	0.0
0.0130463	0.0
0.0132904	0.0
0.0135345	0.0
0.0138245	0.0
0.0140381	0.0
0.0139618	0.0
0.0136261	0.0
0.013443	0.0
0.0131989	0.0
0.0134888	0.0
0.0137329	0.0
0.0140533	0.0
0.0142822	0.0
0.0142212	0.0
0.0139008	0.0
0.0137329	0.0
0.0135193	0.0
0.0138092	0.0
0.0140839	0.0
0.0143738	0.0
0.0145569	0.0
0.0144653	0.0
0.0141602	0.0
0.013855	0.0
0.0137024	0.0
0.0139008	0.0
0.0141144	0.0
0.014389	0.0
0.0145874	0.0
0.0144653	0.0
0.0140839	0.0
0.013855	0.0
0.0136261	0.0
0.0138855	0.0
0.0140991	0.0
0.0143738	0.0
0.0145569	0.0
0.0144196	0.0
0.0140533	0.0
0.0138397	0.0
0.0136261	0.0
0.0138702	0.0
0.0140839	0.0
0.0143433	0.0
0.0145416	0.0
0.014389	0.0
0.0140228	0.0
0.0137939	0.0
0.0135651	0.0
0.0138397	0.0
0.0140381	0.0
0.0143127	0.0
0.0144806	0.0
0.0143585	0.0
0.0140076	0.0
0.0137177	0.0
0.0135803	0.0
0.0138092	0.0
0.0140228	0.0
0.0143127	0.0
0.0144653	0.0
0.0143127	0.0
0.0140533	0.0
0.0137024	0.0
0.0135498	0.0
0.0137787	0.0
0.0139923	0.0
0.0142822	0.0
0.0144653	0.0
0.0143433	0.0
0.0140381	0.0
0.0136719	0.0
0.0135498	0.0
0.0137787	0.0
0.0139923	0.0
0.014267	0.0
0.0144348	0.0
0.014267	0.0
0.013916	0.0
0.0136566	0.0
0.0134888	0.0
0.0137024	0.0
0.013916	0.0
0.0141754	0.0
0.014328	0.0
0.0141754	0.0
0.0137939	0.0
0.0135651	0.0
0.0133514	0.0
0.0135956	0.0
0.0138092	0.0
0.0140991	0.0
0.0142365	0.0
0.0140839	0.0
0.0138245	0.0
0.0134583	0.0
0.0133362	0.0
0.0136108	0.0
0.0138397	0.0
0.0141602	0.0
0.0143127	0.0
0.0141907	0.0
0.0139465	0.0
0.0135956	0.0
0.013504	0.0
0.0137634	0.0
0.0139923	0.0
0.0142822	0.0
0.0144501	0.0
0.0143127	0.0
0.0140686	0.0
0.0137329	0.0
0.0136261	0.0
0.0138702	0.0
0.0140991	0.0
0.0144043	0.0
0.0145569	0.0
0.0144348	0.0
0.0141907	0.0
0.0138245	0.0
0.0137177	0.0
0.0139618	0.0
0.0141754	0.0
0.0144501	0.0
0.0146332	0.0
0.0144653	0.0
0.0141296	0.0
0.013855	0.0
0.0136871	0.0
0.0139313	0.0
0.0141602	0.0
0.0144348	0.0
0.0145874	0.0
0.0144196	0.0
0.0140686	0.0
0.0138092	0.0
0.0136414	0.0
0.013916	0.0
0.0141296	0.0
0.0144348	0.0
0.0145569	0.0
0.014389	0.0
0.0141296	0.0
0.0137482	0.0
0.0136719	0.0
0.013916	0.0
0.0141296	0.0
0.0144043	0.0
0.0145569	0.0
0.0144043	0.0
0.0140686	0.0
0.0137329	0.0
0.0136566	0.0
0.0139008	0.0
0.0141144	0.0
0.0144348	0.0
0.0145416	0.0
0.0143585	0.0
0.0140533	0.0
0.0137634	0.0
0.0136261	0.0
0.0139008	0.0
0.0141144	0.0
0.0144043	0.0
0.0145416	0.0
0.014389	0.0
0.0140076	0.0
0.0137787	0.0
0.0136414	0.0
0.0139008	0.0
0.0141144	0.0
0.0144043	0.0
0.0145569	0.0
0.0144196	0.0
0.0140839	0.0
0.0137787	0.0
0.0136566	0.0
0.0139465	0.0
0.0141754	0.0
0.0144958	0.0
0.0145721	0.0
0.014389	0.0
0.0140991	0.0
0.0137634	0.0
0.0136719	0.0
0.0139618	0.0
0.0141602	0.0
0.0144653	0.0
0.0145416	0.0
0.0143585	0.0
0.0140228	0.0
0.0137024	0.0
0.0136414	0.0
0.0138855	0.0
0.0140991	0.0
0.0143738	0.0
0.0144806	0.0
0.0142975	0.0
0.0139008	0.0
0.0136719	0.0
0.0135498	0.0
0.0138245	0.0
0.0140381	0.0
0.0143585	0.0
0.0144043	0.0
0.0142059	0.0
0.0139008	0.0
0.0135803	0.0
0.0135193	0.0
0.0138092	0.0
0.0140076	0.0
0.014328	0.0
0.014389	0.0
0.0142059	0.0
0.0139465	0.0
0.0135651	0.0
0.013504	0.0
0.0137787	0.0
0.0139771	0.0
0.0142822	0.0
0.0143738	0.0
0.0141754	0.0
0.0139313	0.0
0.0135651	0.0
0.0134888	0.0
0.0137634	0.0
0.0139923	0.0
0.0142822	0.0
0.0143738	0.0
0.0142212	0.0
0.013855	0.0
0.0136261	0.0
0.0135345	0.0
0.0138245	0.0
0.0140381	0.0
0.0143433	0.0
0.0144501	0.0
0.0142975	0.0
0.0139313	0.0
0.0137177	0.0
0.0135803	0.0
0.013855	0.0
0.0140839	0.0
0.0143585	0.0
0.0145111	0.0
0.0143433	0.0
0.0139771	0.0
0.0137482	0.0
0.0135956	0.0
0.013855	0.0
0.0140533	0.0
0.0143585	0.0
0.0145111	0.0
0.014328	0.0
0.0140686	0.0
0.0136871	0.0
0.0136108	0.0
0.013855	0.0
0.0140686	0.0
0.0143738	0.0
0.0144806	0.0
0.0143127	0.0
0.0139771	0.0
0.0137329	0.0
0.0135803	0.0
0.0138397	0.0
0.0140533	0.0
0.0143585	0.0
0.0144653	0.0
0.0142975	0.0
0.0140381	0.0
0.0136719	0.0
0.0135956	0.0
0.0138397	0.0
0.0140533	0.0
0.0143585	0.0
0.0144348	0.0
0.0142517	0.0
0.0139923	0.0
0.0136261	0.0
0.0135193	0.0
0.0138092	0.0
0.0140228	0.0
0.014328	0.0
0.0144196	0.0
0.0142365	0.0
0.0139618	0.0
0.0136108	0.0
0.0135193	0.0
0.0137939	0.0
0.0140228	0.0
0.014328	0.0
0.0144196	0.0
0.0142365	0.0
0.0138855	0.0
0.0136261	0.0
0.0135498	0.0
0.0138092	0.0
0.0140228	0.0
0.014328	0.0
0.0144043	0.0
0.0142059	0.0
0.013916	0.0
0.0136108	0.0
0.0135345	0.0
0.0137939	0.0
0.0140228	0.0
0.0143433	0.0
0.0144043	0.0
0.0142517	0.0
0.0138702	0.0
0.0136414	0.0
0.0135651	0.0
0.0138397	0.0
0.0140533	0.0
0.0143585	0.0
0.0144348	0.0
0.0142822	0.0
0.013916	0.0
0.0136414	0.0
0.0135803	0.0
0.013855	0.0
0.0140686	0.0
0.0143585	0.0
0.0144501	0.0
0.014267	0.0
0.0140228	0.0
0.0136414	0.0
0.0135651	0.0
0.0138397	0.0
0.0140381	0.0
0.0143433	0.0
0.0144501	0.0
0.014267	0.0
0.0140228	0.0
0.0136719	0.0
0.0135956	0.0
0.0138397	0.0
0.0140533	0.0
0.0143585	0.0
0.0144501	0.0
0.0142822	0.0
0.013916	0.0
0.0136719	0.0
0.0135651	0.0
0.0138245	0.0
0.0140228	0.0
0.0142975	0.0
0.0144043	0.0
0.0142365	0.0
0.0138855	0.0
0.0135956	0.0
0.0134888	0.0
0.0135956	0.0
0.013916	0.0
0.0141907	0.0
0.014267	0.0
0.0140381	0.0
0.0136871	0.0
0.0133667	0.0
0.0132751	0.0
0.013382	0.0
0.0137024	0.0
0.0139771	0.0
0.0140533	0.0
0.013855	0.0
0.0135651	0.0
0.0132294	0.0
0.0131531	0.0
0.0132751	0.0
0.0135803	0.0
0.0138855	0.0
0.0139923	0.0
0.0138397	0.0
0.0134735	0.0
0.0131989	0.0
0.0130768	0.0
0.0132446	0.0
0.0135651	0.0
0.0138702	0.0
0.0140076	0.0
0.0138397	0.0
0.0136108	0.0
0.0132446	0.0
0.0131683	0.0
0.0133057	0.0
0.0136261	0.0
0.0139313	0.0
0.0140839	0.0
0.0139618	0.0
0.0135956	0.0
0.0133362	0.0
0.0132141	0.0
0.0133362	0.0
0.0136871	0.0
0.0139618	0.0
0.0141296	0.0
0.0139923	0.0
0.0136719	0.0
0.0133972	0.0
0.0132751	0.0
0.0133972	0.0
0.0137634	0.0
0.0140381	0.0
0.0142212	0.0
0.0140839	0.0
0.013855	0.0
0.013504	0.0
0.0134125	0.0
0.0135345	0.0
0.0139008	0.0
0.0142059	0.0
0.0143585	0.0
0.0142517	0.0
0.013916	0.0
0.0136414	0.0
0.0134888	0.0
0.0136414	0.0
0.0139618	0.0
0.0142517	0.0
0.0144501	0.0
0.0143127	0.0
0.0139313	0.0
0.0137024	0.0
0.013504	0.0
0.0136566	0.0
0.0139771	0.0
0.014267	0.0
0.0144958	0.0
0.0143433	0.0
0.0140076	0.0
0.0137482	0.0
0.0135803	0.0
0.0137024	0.0
0.0140381	0.0
0.0143127	0.0
0.0144958	0.0
0.0143585	0.0
0.0140839	0.0
0.0137329	0.0
0.0136108	0.0
0.0137177	0.0
0.0140381	0.0
0.0142975	0.0
0.0144958	0.0
0.014328	0.0
0.0140533	0.0
0.0137177	0.0
0.0135803	0.0
0.0136871	0.0
0.0140228	0.0
0.0142975	0.0
0.0144958	0.0
0.0143433	0.0
0.0139771	0.0
0.0137482	0.0
0.0135498	0.0
0.0137024	0.0
0.0140533	0.0
0.0143433	0.0
0.0144806	0.0
0.0143433	0.0
0.0140381	0.0
0.0137024	0.0
0.0136108	0.0
0.0137329	0.0
0.0140686	0.0
0.0143433	0.0
0.0145111	0.0
0.0143433	0.0
0.0139923	0.0
0.0137482	0.0
0.0136108	0.0
0.0137482	0.0
0.0140839	0.0
0.014389	0.0
0.0145264	0.0
0.0143738	0.0
0.0140839	0.0
0.0137482	0.0
0.0136719	0.0
0.0137787	0.0
0.0140991	0.0
0.014389	0.0
0.0145416	0.0
0.0143738	0.0
0.0140686	0.0
0.0137634	0.0
0.0136414	0.0
0.0137482	0.0
0.0140839	0.0
0.014389	0.0
0.0145111	0.0
0.0143585	0.0
0.0140991	0.0
0.0137329	0.0
0.0136261	0.0
0.0137329	0.0
0.0140686	0.0
0.0143585	0.0
0.0145111	0.0
0.0143585	0.0
0.0140381	0.0
0.0137482	0.0
0.0135651	0.0
0.0137177	0.0
0.0140228	0.0
0.0142975	0.0
0.0144501	0.0
0.0143127	0.0
0.013916	0.0
0.0136719	0.0
0.0134888	0.0
0.0136108	0.0
0.0139008	0.0
0.0141602	0.0
0.0142975	0.0
0.0141296	0.0
0.0137177	0.0
0.0134125	0.0
0.0132446	0.0
0.013382	0.0
0.0136566	0.0
0.0139313	0.0
0.0140991	0.0
0.0139618	0.0
0.0135956	0.0
0.0133514	0.0
0.0131378	0.0
0.0132599	0.0
0.0135651	0.0
0.0138397	0.0
0.0140076	0.0
0.013916	0.0
0.0136261	0.0
0.0133209	0.0
0.0131836	0.0
0.0133209	0.0
0.0136719	0.0
0.0139313	0.0
0.0141449	0.0
0.0140228	0.0
0.0137787	0.0
0.0134277	0.0
0.0133057	0.0
0.0134125	0.0
0.0137482	0.0
0.0140228	0.0
0.0142212	0.0
0.0140839	0.0
0.0138397	0.0
0.0134888	0.0
0.0133209	0.0
0.0134735	0.0
0.0138092	0.0
0.0140839	0.0
0.0142822	0.0
0.0141907	0.0
0.013855	0.0
0.0136414	0.0
0.0134125	0.0
0.0135803	0.0
0.0137787	0.0
0.0142059	0.0
0.0144653	0.0
0.0143585	0.0
0.0141144	0.0
0.0137482	0.0
0.0136108	0.0
0.0137024	0.0
0.0138855	0.0
0.0142975	0.0
0.0145264	0.0
0.0144196	0.0
0.0141907	0.0
0.0138397	0.0
0.0136414	0.0
0.0137482	0.0
0.0139313	0.0
0.0142975	0.0
0.0145569	0.0
0.0144348	0.0
0.0142059	0.0
0.0138245	0.0
0.0136566	0.0
0.0137329	0.0
0.013916	0.0
0.0142975	0.0
0.0145416	0.0
0.0144653	0.0
0.0142059	0.0
0.013916	0.0
0.0136871	0.0
0.0138092	0.0
0.0139771	0.0
0.014389	0.0
0.0146179	0.0
0.0145111	0.0
0.0142365	0.0
0.0139313	0.0
0.0137329	0.0
0.0138245	0.0
0.0140076	0.0
0.014389	0.0
0.0146179	0.0
0.0145111	0.0
0.0142365	0.0
0.0138855	0.0
0.0137177	0.0
0.0137939	0.0
0.0139771	0.0
0.0143585	0.0
0.0145874	0.0
0.0144806	0.0
0.0142365	0.0
0.0138702	0.0
0.0137024	0.0
0.0137939	0.0
0.0139618	0.0
0.0143585	0.0
0.0146027	0.0
0.0144806	0.0
0.0142517	0.0
0.0138855	0.0
0.0137024	0.0
0.0137939	0.0
0.0139923	0.0
0.0143585	0.0
0.0146179	0.0
0.0145111	0.0
0.0142517	0.0
0.0139008	0.0
0.0137329	0.0
0.0138092	0.0
0.0139771	0.0
0.0143738	0.0
0.0146027	0.0
0.0145111	0.0
0.0142517	0.0
0.0138855	0.0
0.0137329	0.0
0.0138092	0.0
0.0139771	0.0
0.014389	0.0
0.0146179	0.0
0.0145416	0.0
0.0142212	0.0
0.0140076	0.0
0.0137024	0.0
0.0138245	0.0
0.0139923	0.0
0.0144043	0.0
0.0146179	0.0
0.0145569	0.0
0.0142365	0.0
0.0139465	0.0
0.0137482	0.0
0.0138092	0.0
0.0139923	0.0
0.0143585	0.0
0.0146484	0.0
0.0145264	0.0
0.0142517	0.0
0.0139618	0.0
0.0137024	0.0
0.0138092	0.0
0.0139923	0.0
0.0143738	0.0
0.0146027	0.0
0.0145111	0.0
0.0142059	0.0
0.0139465	0.0
0.0136414	0.0
0.0137329	0.0
0.0139008	0.0
0.0142517	0.0
0.0144958	0.0
0.014389	0.0
0.0140839	0.0
0.0137939	0.0
0.0134888	0.0
0.0135498	0.0
0.0136871	0.0
0.0140686	0.0
0.0142975	0.0
0.0142059	0.0
0.0139771	0.0
0.0135956	0.0
0.0133667	0.0
0.0134125	0.0
0.0135651	0.0
0.0139313	0.0
0.0142059	0.0
0.0141754	0.0
0.0138855	0.0
0.0136566	0.0
0.0133362	0.0
0.0133972	0.0
0.0135498	0.0
0.0139313	0.0
0.0142059	0.0
0.0141907	0.0
0.013916	0.0
0.0136566	0.0
0.0133514	0.0
0.0133972	0.0
0.0135803	0.0
0.013916	0.0
0.0142365	0.0
0.0142365	0.0
0.0139923	0.0
0.0137482	0.0
0.013443	0.0
0.0134888	0.0
0.0136566	0.0
0.0140381	0.0
0.0143738	0.0
0.0143585	0.0
0.0141754	0.0
0.0138397	0.0
0.0136261	0.0
0.0136566	0.0
0.0138245	0.0
0.0141907	0.0
0.0144958	0.0
0.0145416	0.0
0.0143127	0.0
0.0140533	0.0
0.0137177	0.0
0.0137329	0.0
0.013916	0.0
0.0142517	0.0
0.0145874	0.0
0.0146027	0.0
0.0143738	0.0
0.0141144	0.0
0.0137939	0.0
0.0137939	0.0
0.0139313	0.0
0.0142975	0.0
0.0145874	0.0
0.0146027	0.0
0.0143585	0.0
0.0141144	0.0
0.0137939	0.0
0.0137939	0.0
0.0139618	0.0
0.0142975	0.0
0.0146027	0.0
0.0146332	0.0
0.014389	0.0
0.0141144	0.0
0.0137939	0.0
0.0138092	0.0
0.0139618	0.0
0.0142975	0.0
0.0146332	0.0
0.0146332	0.0
0.0143738	0.0
0.0141449	0.0
0.0138092	0.0
0.0138092	0.0
0.0139465	0.0
0.0142975	0.0
0.0146027	0.0
0.0146179	0.0
0.0143738	0.0
0.0141144	0.0
0.0137939	0.0
0.0137787	0.0
0.0139465	0.0
0.0142822	0.0
0.0145874	0.0
0.0146179	0.0
0.0144196	0.0
0.0141144	0.0
0.0138092	0.0
0.0137939	0.0
0.0139313	0.0
0.0142975	0.0
0.0146027	0.0
0.0146332	0.0
0.0144348	0.0
0.0140686	0.0
0.0138092	0.0
0.0137939	0.0
0.0139465	0.0
0.0142975	0.0
0.0145874	0.0
0.0146332	0.0
0.014389	0.0
0.0141602	0.0
0.0138092	0.0
0.0138092	0.0
0.0139771	0.0
0.014328	0.0
0.0146484	0.0
0.0146637	0.0
0.0144501	0.0
0.0140533	0.0
0.0138245	0.0
0.0138245	0.0
0.0139771	0.0
0.0143127	0.0
0.0146179	0.0
0.0146484	0.0
0.0144043	0.0
0.0140533	0.0
0.0138092	0.0
0.0138092	0.0
0.0139618	0.0
0.0143127	0.0
0.0146332	0.0
0.0146332	0.0
0.0143738	0.0
0.0141602	0.0
0.0137939	0.0
0.0137939	0.0
0.0139618	0.0
0.014267	0.0
0.0145721	0.0
0.0145874	0.0
0.014389	0.0
0.0140686	0.0
0.0137634	0.0
0.0136871	0.0
0.0138245	0.0
0.0141602	0.0
0.0144348	0.0
0.0144806	0.0
0.0142822	0.0
0.0138702	0.0
0.0135956	0.0
0.0135345	0.0
0.0136414	0.0
0.0139313	0.0
0.0142365	0.0
0.0142975	0.0
0.0140991	0.0
0.0137787	0.0
0.0134583	0.0
0.0133514	0.0
0.0134735	0.0
0.0138092	0.0
0.0140686	0.0
0.0141449	0.0
0.0139618	0.0
0.0137024	0.0
0.0133209	0.0
0.0132141	0.0
0.013382	0.0
0.0137177	0.0
0.0140076	0.0
0.0141296	0.0
0.0139923	0.0
0.0136261	0.0
0.0134125	0.0
0.0132751	0.0
0.0134125	0.0
0.0137787	0.0
0.0140533	0.0
0.0142212	0.0
0.0141144	0.0
0.0138397	0.0
0.0134735	0.0
0.013382	0.0
0.013504	0.0
0.0138702	0.0
0.0141602	0.0
0.0143433	0.0
0.0142365	0.0
0.013916	0.0
0.0136108	0.0
0.0134735	0.0
0.0136414	0.0
0.0139771	0.0
0.0142822	0.0
0.0145111	0.0
0.014389	0.0
0.0140839	0.0
0.0138092	0.0
0.0136566	0.0
0.0137787	0.0
0.0141144	0.0
0.014389	0.0
0.0145874	0.0
0.0144653	0.0
0.0142212	0.0
0.013855	0.0
0.0137329	0.0
0.0138397	0.0
0.0141754	0.0
0.0144348	0.0
0.0146637	0.0
0.0145416	0.0
0.0142365	0.0
0.0139313	0.0
0.0137177	0.0
0.0138397	0.0
0.0141602	0.0
0.0144348	0.0
0.0146332	0.0
0.0145264	0.0
0.0141754	0.0
0.0139465	0.0
0.0136871	0.0
0.0138245	0.0
0.0141449	0.0
0.0144043	0.0
0.0145874	0.0
0.0144806	0.0
0.0141144	0.0
0.0138702	0.0
0.0136108	0.0
0.0137482	0.0
0.0140533	0.0
0.0142975	0.0
0.0144501	0.0
0.0143433	0.0
0.0139465	0.0
0.0136719	0.0
0.0133972	0.0
0.0134888	0.0
0.0137787	0.0
0.0140381	0.0
0.0142365	0.0
0.0141449	0.0
0.0138245	0.0
0.0135651	0.0
0.0132904	0.0
0.0133972	0.0
0.0137024	0.0
0.0139465	0.0
0.0142059	0.0
0.0141296	0.0
0.0138397	0.0
0.0135803	0.0
0.0133209	0.0
0.0134125	0.0
0.0137177	0.0
0.0139771	0.0
0.0142517	0.0
0.0141602	0.0
0.0139313	0.0
0.0135651	0.0
0.0133514	0.0
0.0133972	0.0
0.0135498	0.0
0.0139313	0.0
0.0142059	0.0
0.0141754	0.0
0.013916	0.0
0.0136871	0.0
0.0133667	0.0
0.013443	0.0
0.0135803	0.0
0.0139618	0.0
0.0142365	0.0
0.0141907	0.0
0.0139923	0.0
0.0135956	0.0
0.013382	0.0
0.0133972	0.0
0.0135651	0.0
0.0139008	0.0
0.0142059	0.0
0.0142212	0.0
0.0139771	0.0
0.0136871	0.0
0.013382	0.0
0.0133972	0.0
0.0135345	0.0
0.0138702	0.0
0.0141907	0.0
0.0141754	0.0
0.0139313	0.0
0.0136566	0.0
0.0133514	0.0
0.0133362	0.0
0.0134735	0.0
0.0138245	0.0
0.0141296	0.0
0.0141449	0.0
0.0139465	0.0
0.0136871	0.0
0.0133209	0.0
0.0132904	0.0
0.0134277	0.0
0.0137634	0.0
0.0140533	0.0
0.0141144	0.0
0.0139008	0.0
0.0135498	0.0
0.0132599	0.0
0.0131836	0.0
0.0132599	0.0
0.0135651	0.0
0.0138092	0.0
0.013855	0.0
0.0136414	0.0
0.0133057	0.0
0.0129852	0.0
0.0128632	0.0
0.0130005	0.0
0.0133057	0.0
0.0135803	0.0
0.0136871	0.0
0.0134888	0.0
0.0132446	0.0
0.0128632	0.0
0.0127563	0.0
0.0129089	0.0
0.0132141	0.0
0.013504	0.0
0.0136719	0.0
0.0135651	0.0
0.0132141	0.0
0.0129852	0.0
0.0128174	0.0
0.0129395	0.0
0.0132904	0.0
0.0135651	0.0
0.0137634	0.0
0.0136719	0.0
0.0133514	0.0
0.0131378	0.0
0.0129395	0.0
0.013092	0.0
0.0134277	0.0
0.0137329	0.0
0.0139771	0.0
0.0138702	0.0
0.0136108	0.0
0.0133057	0.0
0.0131378	0.0
0.0132446	0.0
0.0135803	0.0
0.013855	0.0
0.0140686	0.0
0.0139618	0.0
0.0136566	0.0
0.0134277	0.0
0.0131531	0.0
0.0132904	0.0
0.0135956	0.0
0.0138397	0.0
0.0140839	0.0
0.0140228	0.0
0.0137024	0.0
0.0134277	0.0
0.0131836	0.0
0.0132904	0.0
0.0135956	0.0
0.0138245	0.0
0.0141144	0.0
0.0140228	0.0
0.0137787	0.0
0.0134125	0.0
0.0132141	0.0
0.0132751	0.0
0.0135956	0.0
0.0138245	0.0
0.0140991	0.0
0.0140533	0.0
0.0137634	0.0
0.0135193	0.0
0.0132294	0.0
0.0133209	0.0
0.0136261	0.0
0.0138245	0.0
0.0141144	0.0
0.0140381	0.0
0.0138092	0.0
0.0134277	0.0
0.0132141	0.0
0.0132446	0.0
0.0135498	0.0
0.0137787	0.0
0.0140533	0.0
0.0140381	0.0
0.0137482	0.0
0.0135193	0.0
0.0131989	0.0
0.0132599	0.0
0.0134125	0.0
0.0137634	0.0
0.0140839	0.0
0.0140381	0.0
0.0137939	0.0
0.0134735	0.0
0.0132141	0.0
0.0132294	0.0
0.0133972	0.0
0.0137634	0.0
0.0140533	0.0
0.0140686	0.0
0.013855	0.0
0.0135193	0.0
0.0132446	0.0
0.0132751	0.0
0.0134125	0.0
0.0137482	0.0
0.0140533	0.0
0.0140686	0.0
0.0138092	0.0
0.0135803	0.0
0.0132294	0.0
0.0132446	0.0
0.0133972	0.0
0.0137787	0.0
0.0140686	0.0
0.0140686	0.0
0.0138397	0.0
0.0135956	0.0
0.0132446	0.0
0.0132294	0.0
0.0133667	0.0
0.0137329	0.0
0.0140076	0.0
0.0140533	0.0
0.0138245	0.0
0.0135651	0.0
0.0132446	0.0
0.0131989	0.0
0.0133667	0.0
0.0137024	0.0
0.0140228	0.0
0.0140839	0.0
0.0138702	0.0
0.0135651	0.0
0.0132599	0.0
0.0132294	0.0
0.0133362	0.0
0.0136719	0.0
0.0139465	0.0
0.0140076	0.0
0.0138245	0.0
0.0134277	0.0
0.0131226	0.0
0.0130463	0.0
0.0131531	0.0
0.013443	0.0
0.0137177	0.0
0.0137939	0.0
0.0136108	0.0
0.0131989	0.0
0.0129242	0.0
0.0128326	0.0
0.0128937	0.0
0.0131226	0.0
0.0133362	0.0
0.013443	0.0
0.0132599	0.0
0.01297	0.0
0.0126495	0.0
0.0125427	0.0
0.0126648	0.0
0.0129395	0.0
0.0132141	0.0
0.0133667	0.0
0.0132294	0.0
0.0128632	0.0
0.0126343	0.0
0.0124817	0.0
0.012619	0.0
0.01297	0.0
0.0132599	0.0
0.0134583	0.0
0.0133057	0.0
0.0130615	0.0
0.0127106	0.0
0.012619	0.0
0.0127411	0.0
0.0130768	0.0
0.0133667	0.0
0.0135803	0.0
0.0134888	0.0
0.0132294	0.0
0.0129395	0.0
0.0128174	0.0
0.0129395	0.0
0.0132904	0.0
0.0135803	0.0
0.0137939	0.0
0.0137177	0.0
0.0133972	0.0
0.0131836	0.0
0.0129242	0.0
0.013092	0.0
0.0134277	0.0
0.0137177	0.0
0.0139771	0.0
0.0138855	0.0
0.0136108	0.0
0.0133209	0.0
0.0131378	0.0
0.0132446	0.0
0.0135803	0.0
0.0138397	0.0
0.0140686	0.0
0.0140228	0.0
0.0137024	0.0
0.0134735	0.0
0.0131989	0.0
0.0133057	0.0
0.0136108	0.0
0.0138397	0.0
0.0141296	0.0
0.0140533	0.0
0.0138245	0.0
0.0134583	0.0
0.0132294	0.0
0.0133362	0.0
0.0136261	0.0
0.0138702	0.0
0.0141449	0.0
0.0140839	0.0
0.0137787	0.0
0.0135803	0.0
0.0132446	0.0
0.0133514	0.0
0.0135193	0.0
0.0138702	0.0
0.0141754	0.0
0.0141144	0.0
0.013855	0.0
0.0135956	0.0
0.0132904	0.0
0.0133667	0.0
0.0135193	0.0
0.0138855	0.0
0.0141907	0.0
0.0141296	0.0
0.013916	0.0
0.0135651	0.0
0.0133057	0.0
0.0133667	0.0
0.0135345	0.0
0.0138702	0.0
0.0141754	0.0
0.0141602	0.0
0.0139313	0.0
0.0135498	0.0
0.0133362	0.0
0.0133514	0.0
0.0135345	0.0
0.0138855	0.0
0.0141754	0.0
0.0141602	0.0
0.0138855	0.0
0.0136566	0.0
0.0133209	0.0
0.0133514	0.0
0.013504	0.0
0.0138702	0.0
0.0141754	0.0
0.0141449	0.0
0.013916	0.0
0.0136108	0.0
0.0133362	0.0
0.0133209	0.0
0.0134888	0.0
0.0138245	0.0
0.0141144	0.0
0.0141449	0.0
0.0139618	0.0
0.0135803	0.0
0.0133057	0.0
0.0133057	0.0
0.0134277	0.0
0.0137329	0.0
0.0140381	0.0
0.0140991	0.0
0.013916	0.0
0.0135498	0.0
0.0132599	0.0
0.0132141	0.0
0.0133209	0.0
0.0136414	0.0
0.0139313	0.0
0.0139465	0.0
0.0137329	0.0
0.013443	0.0
0.0130463	0.0
0.01297	0.0
0.0131226	0.0
0.0134125	0.0
0.0137024	0.0
0.0137482	0.0
0.0135193	0.0
0.0131836	0.0
0.0128174	0.0
0.0127106	0.0
0.0128021	0.0
0.0130768	0.0
0.0133514	0.0
0.0134735	0.0
0.0133362	0.0
0.0130005	0.0
0.0127106	0.0
0.0125732	0.0
0.0127563	0.0
0.0130768	0.0
0.0133972	0.0
0.0135803	0.0
0.013443	0.0
0.0131989	0.0
0.0129242	0.0
0.0127869	0.0
0.01297	0.0
0.0133209	0.0
0.0136261	0.0
0.0138702	0.0
0.0137787	0.0
0.0135345	0.0
0.0132141	0.0
0.0130768	0.0
0.0132446	0.0
0.0136108	0.0
0.0139008	0.0
0.0141144	0.0
0.0140228	0.0
0.0136871	0.0
0.0134735	0.0
0.0132599	0.0
0.0134125	0.0
0.0137482	0.0
0.0140228	0.0
0.014267	0.0
0.0141449	0.0
0.0139008	0.0
0.0135498	0.0
0.013382	0.0
0.013504	0.0
0.0138245	0.0
0.0140839	0.0
0.0142975	0.0
0.0142212	0.0
0.0139008	0.0
0.0136871	0.0
0.0134583	0.0
0.0136108	0.0
0.0139618	0.0
0.0142517	0.0
0.0145416	0.0
0.0144653	0.0
0.0142517	0.0
0.0139465	0.0
0.0137787	0.0
0.0139008	0.0
0.014267	0.0
0.0145416	0.0
0.0148315	0.0
0.01474	0.0
0.0144653	0.0
0.0142059	0.0
0.0139465	0.0
0.0140839	0.0
0.0144043	0.0
0.014679	0.0
0.0148773	0.0
0.0148163	0.0
0.0144653	0.0
0.014267	0.0
0.0139923	0.0
0.0141296	0.0
0.0144501	0.0
0.0146942	0.0
0.0148773	0.0
0.0147247	0.0
0.0144348	0.0
0.0140686	0.0
0.0138855	0.0
0.0139771	0.0
0.0142975	0.0
0.0145416	0.0
0.0147705	0.0
0.0146484	0.0
0.014328	0.0
0.0140686	0.0
0.0138855	0.0
0.0139618	0.0
0.014267	0.0
0.0145264	0.0
0.0147247	0.0
0.0146027	0.0
0.0143585	0.0
0.0139923	0.0
0.013855	0.0
0.0139313	0.0
0.0142517	0.0
0.0145111	0.0
0.0147095	0.0
0.0145874	0.0
0.0143433	0.0
0.0140076	0.0
0.0138397	0.0
0.0139465	0.0
0.014267	0.0
0.0145264	0.0
0.0147247	0.0
0.0146332	0.0
0.0142822	0.0
0.0140839	0.0
0.0138245	0.0
0.0139618	0.0
0.0142517	0.0
0.0145264	0.0
0.01474	0.0
0.0146179	0.0
0.0143738	0.0
0.0140381	0.0
0.0138702	0.0
0.0139618	0.0
0.014267	0.0
0.0145264	0.0
0.0147552	0.0
0.0146332	0.0
0.0143738	0.0
0.0140533	0.0
0.0138855	0.0
0.0139618	0.0
0.0142975	0.0
0.0145416	0.0
0.0147552	0.0
0.0146484	0.0
0.0144043	0.0
0.0140686	0.0
0.013916	0.0
0.0139771	0.0
0.0142975	0.0
0.0145416	0.0
0.0147552	0.0
0.0146484	0.0
0.0144196	0.0
0.0140533	0.0
0.0139008	0.0
0.0139923	0.0
0.0143127	0.0
0.0145569	0.0
0.0147552	0.0
0.014679	0.0
0.0143433	0.0
0.0141449	0.0
0.0138855	0.0
0.0139923	0.0
0.0142975	0.0
0.0145569	0.0
0.0147858	0.0
0.0147095	0.0
0.0143738	0.0
0.0141754	0.0
0.0139008	0.0
0.0140381	0.0
0.0142059	0.0
0.0146027	0.0
0.0148163	0.0
0.0147247	0.0
0.0144196	0.0
0.0141907	0.0
0.013916	0.0
0.0140381	0.0
0.0142212	0.0
0.0146027	0.0
0.0148163	0.0
0.0147247	0.0
0.0144806	0.0
0.0141144	0.0
0.0139618	0.0
0.0140686	0.0
0.0142365	0.0
0.0146332	0.0
0.0148621	0.0
0.0147552	0.0
0.0144653	0.0
0.0141602	0.0
0.0139465	0.0
0.0140686	0.0
0.0142365	0.0
0.0146332	0.0
0.0148621	0.0
0.0147552	0.0
0.0145111	0.0
0.0141754	0.0
0.0140076	0.0
0.0140686	0.0
0.0142365	0.0
0.0146027	0.0
0.0148315	0.0
0.0147247	0.0
0.0145111	0.0
0.0141449	0.0
0.0139771	0.0
0.0140686	0.0
0.0142365	0.0
0.0146332	0.0
0.0148468	0.0
0.0147705	0.0
0.0144348	0.0
0.0142212	0.0
0.0139618	0.0
0.0140686	0.0
0.0142365	0.0
0.0146484	0.0
0.0148468	0.0
0.01474	0.0
0.0144501	0.0
0.0142212	0.0
0.0139618	0.0
0.0140839	0.0
0.014267	0.0
0.0146637	0.0
0.0148621	0.0
0.0147552	0.0
0.0144348	0.0
0.0142059	0.0
0.0139923	0.0
0.0140839	0.0
0.014267	0.0
0.0146332	0.0
0.0148468	0.0
0.0147552	0.0
0.0144501	0.0
0.0142212	0.0
0.0139618	0.0
0.0140839	0.0
0.014267	0.0
0.0146179	0.0
0.0148621	0.0
0.01474	0.0
0.0145111	0.0
0.0141602	0.0
0.0139923	0.0
0.0140686	0.0
0.0142212	0.0
0.0146179	0.0
0.0148163	0.0
0.01474	0.0
0.0144043	0.0
0.0142059	0.0
0.0139008	0.0
0.0139923	0.0
0.0141449	0.0
0.0144653	0.0
0.0147095	0.0
0.0146027	0.0
0.0143433	0.0
0.0140076	0.0
0.0138245	0.0
0.0138855	0.0
0.0140533	0.0
0.0144348	0.0
0.0146484	0.0
0.0145721	0.0
0.014267	0.0
0.0140686	0.0
0.0138092	0.0
0.013916	0.0
0.0140839	0.0
0.0144348	0.0
0.0146942	0.0
0.0146027	0.0
0.0143738	0.0
0.0140076	0.0
0.0138397	0.0
0.0139008	0.0
0.0140533	0.0
0.0144501	0.0
0.0146637	0.0
0.0146027	0.0
0.0142975	0.0
0.0140991	0.0
0.0138245	0.0
0.0139008	0.0
0.0140686	0.0
0.0144653	0.0
0.0146942	0.0
0.0146179	0.0
0.014328	0.0
0.0140381	0.0
0.0138245	0.0
0.013916	0.0
0.0140991	0.0
0.0144501	0.0
0.0147095	0.0
0.0146027	0.0
0.0143585	0.0
0.0140228	0.0
0.0138245	0.0
0.0139008	0.0
0.0140686	0.0
0.0144501	0.0
0.014679	0.0
0.0145721	0.0
0.014328	0.0
0.0139771	0.0
0.0138092	0.0
0.0138702	0.0
0.0140381	0.0
0.0144348	0.0
0.0146484	0.0
0.0145569	0.0
0.0143127	0.0
0.0139923	0.0
0.0137787	0.0
0.013855	0.0
0.0140076	0.0
0.014389	0.0
0.0146179	0.0
0.0145111	0.0
0.0142517	0.0
0.013916	0.0
0.0137329	0.0
0.0137939	0.0
0.0139618	0.0
0.0143433	0.0
0.0145416	0.0
0.0144806	0.0
0.0142365	0.0
0.0138855	0.0
0.0137024	0.0
0.0137634	0.0
0.0139313	0.0
0.0142822	0.0
0.0145416	0.0
0.0144501	0.0
0.0141602	0.0
0.0139313	0.0
0.0136719	0.0
0.0137787	0.0
0.0139465	0.0
0.0143433	0.0
0.0145416	0.0
0.0144806	0.0
0.0142212	0.0
0.0139008	0.0
0.0137177	0.0
0.0137787	0.0
0.0139465	0.0
0.0143585	0.0
0.0146027	0.0
0.0145264	0.0
0.0142365	0.0
0.0139923	0.0
0.0137482	0.0
0.0138397	0.0
0.0140076	0.0
0.0143738	0.0
0.0146332	0.0
0.0145569	0.0
0.0142517	0.0
0.0140533	0.0
0.0137634	0.0
0.0138702	0.0
0.0140228	0.0
0.0144043	0.0
0.014679	0.0
0.0145874	0.0
0.0143585	0.0
0.0139923	0.0
0.0137787	0.0
0.0138397	0.0
0.0139923	0.0
0.014328	0.0
0.0146027	0.0
0.0145111	0.0
0.0142975	0.0
0.0139313	0.0
0.0137329	0.0
0.0138245	0.0
0.0140228	0.0
0.0144043	0.0
0.0146484	0.0
